4.22928429 0.35453221
4.00464630 0.33916202
3.93007421 0.26934934
3.80197263 0.26614240
4.22928429 0.65424246
4.00464630 0.63110268
3.93007421 0.53450847
3.80197263 0.48798573
4.22928429 0.12588768
4.00464630 0.14083810
3.93007421 0.26525378
3.80197263 0.26690596
3.24314666 0.29762301
4.51592445 0.30168250
4.45409822 0.29439512
3.48924303 0.30979773
1.86630654 0.22234042
3.24314666 0.47112107
4.51592445 0.60755402
4.45409822 0.56831312
3.48924303 0.43702376
1.86630654 0.35726973
3.24314666 0.22432606
4.51592445 0.16736476
4.45409822 0.18071149
3.48924303 0.25596526
1.86630654 0.16392908
3.96863866 0.33853757
4.41988468 0.36572397
3.74606061 0.26120093
1.85279536 0.22233663
3.50913644 0.31048831
3.96863866 0.69195777
4.41988468 0.69272953
3.74606061 0.47282001
1.85279536 0.38116550
3.50913644 0.46085486
3.96863866 0.10668763
4.41988468 0.08999392
3.74606061 0.26444718
1.85279536 0.21470539
3.50913644 0.21140157
1.89358473 0.22475211
3.92864847 0.33514741
4.28829622 0.35799229
4.33137083 0.35829663
1.89358473 0.36100459
3.92864847 0.63246268
4.28829622 0.56772554
4.33137083 0.58563972
1.89358473 0.16446452
3.92864847 0.15413673
4.28829622 0.14503317
4.33137083 0.09660777
3.61126065 0.31776476
4.42309046 0.36591259
4.39511919 0.29125437
4.21945047 0.35172507
3.61126065 0.47947183
4.42309046 0.69489545
4.39511919 0.74989015
4.21945047 0.63319069
3.61126065 0.20155376
4.42309046 0.09738099
4.39511919 0.15374947
4.21945047 0.11031408
1.89696431 0.22491188
3.30062795 0.29905233
3.63774180 0.32015160
1.89696431 0.37813178
3.30062795 0.50569665
3.63774180 0.46208644
1.89696431 0.19472648
3.30062795 0.26997721
3.63774180 0.24291967
3.68858314 0.32223788
4.52714491 0.37019518
1.90844989 0.22675055
4.28384590 0.29063365
3.94181800 0.33550104
3.68858314 0.42988577
4.52714491 0.65473604
1.90844989 0.36145261
4.28384590 0.62525731
3.94181800 0.62961882
3.68858314 0.18400364
4.52714491 0.11909667
1.90844989 0.17354076
4.28384590 0.19451487
3.94181800 0.13247590
4.51473141 0.37067601
1.92727673 0.22764228
3.68515444 0.26242423
3.93039751 0.33483624
4.51473141 0.61730242
1.92727673 0.38777384
3.68515444 0.52009916
3.93039751 0.65489441
4.51473141 0.09412644
1.92727673 0.20102477
3.68515444 0.28116873
3.93039751 0.17263050
4.52561283 0.37132028
3.43860841 0.30873260
4.33403015 0.29301825
4.05008411 0.27497771
4.52561283 0.60263580
3.43860841 0.47251579
4.33403015 0.67981845
4.05008411 0.58118147
4.52561283 0.08989244
3.43860841 0.23953933
4.33403015 0.20920567
4.05008411 0.23718522
3.52358413 0.25044313
4.48887205 0.29869086
3.52358413 0.43912172
4.48887205 0.62857670
3.52358413 0.29189953
4.48887205 0.19850343
3.86449742 0.33142290
4.12991810 0.34648040
2.84719419 0.27444467
3.78398180 0.26529816
3.86449742 0.71299213
4.12991810 0.72913224
2.84719419 0.52409548
3.78398180 0.51691544
3.86449742 0.19590630
4.12991810 0.13740340
2.84719419 0.27457806
3.78398180 0.25642937
4.32728815 0.36028099
3.22798514 0.29446748
3.80389929 0.32893172
4.48048449 0.29530039
3.54677272 0.25421524
4.32728815 0.58363801
3.22798514 0.44252285
3.80389929 0.63819724
4.48048449 0.57359558
3.54677272 0.38496447
4.32728815 0.11255571
3.22798514 0.21368565
3.80389929 0.13561668
4.48048449 0.15227319
3.54677272 0.25385535
3.36147833 0.30250853
4.48363209 0.36726224
3.43888736 0.30874857
3.82527137 0.26898161
3.96370697 0.33824933
3.36147833 0.52987891
4.48363209 0.70827669
3.43888736 0.52783346
3.82527137 0.53506082
3.96370697 0.72970635
3.36147833 0.25870124
4.48363209 0.09721824
3.43888736 0.24184109
3.82527137 0.25384709
3.96370697 0.12214118
3.91070604 0.33594123
4.41826630 0.29702672
3.71000028 0.25908050
3.91070604 0.65599799
4.41826630 0.73781466
3.71000028 0.49370718
3.91070604 0.19907527
4.41826630 0.20590360
3.71000028 0.27275187
1.89115942 0.22463755
4.46712732 0.29765257
3.95383930 0.33661196
3.40459776 0.30450666
1.89115942 0.40259400
4.46712732 0.70850986
3.95383930 0.69973856
3.40459776 0.48414695
1.89115942 0.18197121
4.46712732 0.18347131
3.95383930 0.14812398
3.40459776 0.20983243
3.32381463 0.30125907
4.19009018 0.28446573
3.97078156 0.33943471
1.94693124 0.22615623
3.32381463 0.45177796
4.19009018 0.57212764
3.97078156 0.60598171
1.94693124 0.37182686
3.32381463 0.21751396
4.19009018 0.23528014
3.97078156 0.15051208
1.94693124 0.16779657
3.19075584 0.29369453
4.52010441 0.37162665
3.83142376 0.26516858
1.83483481 0.22150683
3.19075584 0.48396906
4.52010441 0.68050361
3.83142376 0.49963212
1.83483481 0.39777744
3.19075584 0.26919898
4.52010441 0.12978870
3.83142376 0.28576639
1.83483481 0.24984050
1.85030878 0.22272186
4.48227787 0.29572767
1.86251605 0.22278796
1.85030878 0.41191229
4.48227787 0.68851304
1.86251605 0.41320500
1.85030878 0.20710696
4.48227787 0.19908337
1.86251605 0.22516777
1.85066247 0.22404724
3.86650777 0.27091721
4.36775875 0.36081481
1.85578477 0.22184980
1.85066247 0.39775038
3.86650777 0.51179051
4.36775875 0.65680319
1.85578477 0.39702868
1.85066247 0.19825573
3.86650777 0.28111616
4.36775875 0.16304007
1.85578477 0.20162655
1.92144454 0.22736548
3.51625800 0.25456426
4.39106607 0.36218461
3.42901707 0.30590150
1.92144454 0.37885797
3.51625800 0.42818508
4.39106607 0.64175683
3.42901707 0.48204827
1.92144454 0.20869656
3.51625800 0.29194045
4.39106607 0.15711743
3.42901707 0.23653108
2.86399364 0.27537498
4.45083189 0.36754546
4.53605938 0.30264351
4.35648727 0.28978503
1.86525977 0.22291560
4.47640085 0.36683583
2.86399364 0.46963945
4.45083189 0.66366297
4.53605938 0.63114697
4.35648727 0.65551662
1.86525977 0.39000428
4.47640085 0.65450758
2.86399364 0.24062093
4.45083189 0.11130916
4.53605938 0.15926823
4.35648727 0.16066916
1.86525977 0.21214725
4.47640085 0.11152137
3.35445189 0.30210891
4.48024225 0.36706233
3.43857479 0.30873069
3.82205224 0.26883063
3.95862269 0.33795223
3.35445189 0.52794862
4.48024225 0.70637304
3.43857479 0.52701205
3.82205224 0.53401953
3.95862269 0.72758555
3.35445189 0.25908670
4.48024225 0.09778736
3.43857479 0.24171291
3.82205224 0.25410831
3.95862269 0.12323629
4.48257828 0.36877301
3.22617650 0.29666367
3.97711039 0.33755672
3.68183494 0.32085958
4.51111507 0.29675388
4.44849491 0.29676327
4.48257828 0.65730888
3.22617650 0.41322407
3.97711039 0.53584373
3.68183494 0.48062742
4.51111507 0.61484247
4.44849491 0.54289079
4.48257828 0.07592124
3.22617650 0.23330589
3.97711039 0.12071794
3.68183494 0.24472517
4.51111507 0.11733561
4.44849491 0.14262365
1.84555578 0.22250070
4.48661089 0.29593265
1.86747658 0.22301884
1.84555578 0.41197821
4.48661089 0.69002396
1.86747658 0.41327342
1.84555578 0.20576282
4.48661089 0.19845478
1.86747658 0.22629195
3.18808007 0.29268840
4.15275049 0.34781680
1.84440899 0.22244740
4.21762562 0.28577277
3.18808007 0.51598901
4.15275049 0.66568053
1.84440899 0.41286221
4.21762562 0.63259536
3.18808007 0.25903249
4.15275049 0.15004009
1.84440899 0.19418114
4.21762562 0.23149647
4.48128843 0.36869672
4.50368023 0.36881235
1.91010118 0.22682853
3.04347062 0.28408206
4.48128843 0.71204883
4.50368023 0.72941232
1.91010118 0.39503178
3.04347062 0.47649798
4.48128843 0.11708900
4.50368023 0.13747019
1.91010118 0.21683027
3.04347062 0.26644602
4.50980330 0.29969069
1.91450834 0.22703694
4.28281927 0.29058492
1.88619947 0.22327280
4.50980330 0.54202586
1.91450834 0.37108946
4.28281927 0.60078746
1.88619947 0.37524828
4.50980330 0.16746008
1.91450834 0.16885108
4.28281927 0.20733307
1.88619947 0.15498704
3.87777948 0.33323368
3.84475160 0.26815203
3.43891025 0.30874985
1.95969141 0.22676879
3.87777948 0.63071966
3.84475160 0.47086322
3.43891025 0.47190890
1.95969141 0.38510081
3.87777948 0.17051971
3.84475160 0.25976923
3.43891025 0.22327609
1.95969141 0.18008892
4.26749039 0.35607526
3.99094415 0.34060857
4.20471811 0.35125217
1.92883217 0.22529130
4.26749039 0.62539196
3.99094415 0.71925563
4.20471811 0.63895136
1.92883217 0.38814011
4.26749039 0.10765874
3.99094415 0.13600257
4.20471811 0.16105051
1.92883217 0.19680946
4.28194761 0.35692689
4.39649534 0.29167345
4.25171804 0.35400513
4.16833353 0.28054106
3.49904513 0.30990970
4.28194761 0.56413716
4.39649534 0.56726956
4.25171804 0.58660746
4.16833353 0.61457431
3.49904513 0.42576432
4.28194761 0.09092284
4.39649534 0.20844065
4.25171804 0.15280201
4.16833353 0.20273674
3.49904513 0.18354648
3.97789860 0.33907890
3.56786084 0.25295624
1.86235654 0.22278053
4.48776627 0.29564592
4.06148386 0.34247950
3.97789860 0.61886257
3.56786084 0.39000931
1.86235654 0.36485252
4.48776627 0.60205323
4.06148386 0.51731855
3.97789860 0.13518669
3.56786084 0.28442124
1.86235654 0.20968987
4.48776627 0.17370681
4.06148386 0.14848998
4.05003738 0.27537683
3.65741515 0.31945246
3.80910516 0.26369593
4.05314159 0.34199226
4.05003738 0.51602006
3.65741515 0.50435138
3.80910516 0.54297930
4.05314159 0.59202534
4.05003738 0.26973915
3.65741515 0.25991678
3.80910516 0.28039113
4.05314159 0.14917998
4.21458340 0.35356179
4.53187132 0.30328503
4.21458340 0.58929038
4.53187132 0.57180762
4.21458340 0.12476152
4.53187132 0.12541710
3.74834847 0.26195392
1.85418856 0.22400095
3.74834847 0.46591520
1.85418856 0.38139758
3.74834847 0.28718269
1.85418856 0.20625407
4.08167219 0.34578407
4.08167219 0.72401851
4.08167219 0.20239468
4.07738638 0.34553370
4.21803379 0.35376406
4.07738638 0.70871013
4.21803379 0.73350883
4.07738638 0.18861538
4.21803379 0.14926971
4.07400036 0.34533593
4.21232224 0.35342929
4.07400036 0.70751601
4.21232224 0.73147649
4.07400036 0.18949609
4.21232224 0.15049884
4.47585583 0.36892053
1.84126139 0.22340219
3.78533459 0.26765737
4.47585583 0.71135026
1.84126139 0.39708504
3.78533459 0.50089902
4.47585583 0.12168899
1.84126139 0.20447560
3.78533459 0.27552241
4.41555548 0.29333654
3.24426389 0.29753691
3.63569903 0.31990096
4.52655172 0.30302900
4.41555548 0.63267082
3.24426389 0.49426749
3.63569903 0.47157082
4.52655172 0.58827323
4.41555548 0.19626075
3.24426389 0.27286488
3.63569903 0.24813040
4.52655172 0.15183996
1.88912237 0.22563250
3.41143560 0.25011483
1.88912237 0.38625813
3.41143560 0.43509424
1.88912237 0.21060602
3.41143560 0.29166189
3.43359447 0.30830494
3.34607577 0.30331495
3.43359447 0.47706294
3.34607577 0.48613095
3.43359447 0.28326362
3.34607577 0.29095235
4.46390247 0.36821604
4.23068142 0.28883326
1.82930040 0.22285064
4.46390247 0.62698436
4.23068142 0.59225267
1.82930040 0.36021861
4.46390247 0.11705506
4.23068142 0.15766457
1.82930040 0.17647885
4.28996658 0.28738976
1.84107006 0.22339334
4.46650124 0.36836919
4.28996658 0.61674052
1.84107006 0.38093066
4.46650124 0.64779359
4.28996658 0.20952947
1.84107006 0.19378859
4.46650124 0.14190045
4.46638107 0.29574761
1.90999246 0.22661626
4.53244686 0.37225810
4.46638107 0.70489669
1.90999246 0.40247631
4.53244686 0.71079820
4.46638107 0.17049319
1.90999246 0.20699106
4.53244686 0.11885054
4.44883776 0.36732838
1.91603768 0.22690244
3.58615255 0.25828055
4.44883776 0.70070046
1.91603768 0.39819399
3.58615255 0.50122529
4.44883776 0.14897825
1.91603768 0.22825561
3.58615255 0.27987745
3.45396638 0.30946934
4.47174501 0.30039290
3.58894944 0.31721023
3.45396638 0.51158744
4.47174501 0.66059232
3.58894944 0.52254945
3.45396638 0.27687997
4.47174501 0.16889907
3.58894944 0.25447962
1.90949011 0.22659253
4.43835020 0.29878807
1.90949011 0.40237352
4.43835020 0.69852012
1.90949011 0.24133243
4.43835020 0.19144297
4.09502697 0.34656441
4.09502697 0.68097228
4.09502697 0.20627870
3.79234338 0.26400515
1.89287889 0.22580908
4.43789530 0.36668375
3.79234338 0.51060051
1.89287889 0.40200961
4.43789530 0.68333811
3.79234338 0.26860115
1.89287889 0.20769727
4.43789530 0.14026040
1.90599513 0.22642733
4.43611717 0.29868078
1.90599513 0.40243912
4.43611717 0.69764566
1.90599513 0.24041860
4.43611717 0.19192143
4.21150303 0.28368270
1.93171656 0.22764719
4.21150303 0.61754960
1.93171656 0.39748287
4.21150303 0.20848243
1.93171656 0.20836882
4.09761000 0.34671533
4.09761000 0.68191195
4.09761000 0.20583947
3.23355508 0.29693094
3.23355508 0.54048705
3.23355508 0.27025303
4.15949965 0.35033527
3.81483293 0.33025354
4.15949965 0.64747065
3.81483293 0.70288134
4.15949965 0.16793144
3.81483293 0.20509046
4.10991430 0.34743455
4.10991430 0.70568448
4.10991430 0.16185533
4.07863522 0.34560665
4.21993732 0.35387564
4.07863522 0.70941120
4.21993732 0.73445326
4.07863522 0.18822886
4.21993732 0.14888214
4.39727926 0.36429247
4.39727926 0.67464012
4.39727926 0.14733832
4.37945890 0.36324391
4.37945890 0.72822195
4.37945890 0.14039510
3.23410320 0.29696196
3.23410320 0.54053897
3.23410320 0.27026373
4.53495741 0.29900450
4.08541679 0.34600282
4.53495741 0.61846977
4.08541679 0.70306140
4.53495741 0.17345291
4.08541679 0.19725575
4.09676838 0.34666613
4.09676838 0.68171453
4.09676838 0.20600075
3.55582929 0.25301489
1.86441374 0.22447650
4.46448326 0.36825025
3.55582929 0.39621767
1.86441374 0.36242709
4.46448326 0.66701180
3.55582929 0.28465682
1.86441374 0.17885852
4.46448326 0.12818545
4.04902792 0.27602860
3.73380232 0.32556263
3.24509215 0.29758379
4.04902792 0.54108387
3.73380232 0.53252834
3.24509215 0.56021672
4.04902792 0.25621808
3.73380232 0.24421531
3.24509215 0.29420394
4.23081970 0.36211792
3.72196984 0.26814264
3.72442174 0.26176286
4.23081970 0.67480469
3.72196984 0.53291631
3.72442174 0.56169230
4.23081970 0.11187696
3.72196984 0.27398661
3.72442174 0.29437378
3.98022676 0.34895977
4.06543016 0.35233620
3.50159335 0.25783509
4.36168242 0.30604860
4.30183458 0.28882253
3.98022676 0.67502099
4.06543016 0.65019828
3.50159335 0.49675810
4.36168242 0.68003076
4.30183458 0.67815876
3.98022676 0.15705372
4.06543016 0.13151160
3.50159335 0.28286874
4.36168242 0.16123782
4.30183458 0.19621755
4.27668905 0.29668072
4.13920307 0.35669434
4.27668905 0.66100580
4.13920307 0.70093411
4.27668905 0.19168560
4.13920307 0.15267508
4.21960545 0.29169327
3.43285871 0.24828978
4.48499489 0.37879905
4.53775787 0.30859816
4.21960545 0.61912555
3.43285871 0.40843058
4.48499489 0.60191768
4.53775787 0.57285672
4.21960545 0.21052416
3.43285871 0.29254737
4.48499489 0.12709932
4.53775787 0.18540019
3.15329337 0.30111632
3.75024962 0.33382013
3.71988320 0.26979610
4.29292011 0.29745886
3.96194077 0.27284122
3.15329337 0.46031472
3.75024962 0.66573888
3.71988320 0.48651895
4.29292011 0.67150813
3.96194077 0.48916081
3.15329337 0.24150409
3.75024962 0.16375789
3.71988320 0.27162775
4.29292011 0.18134272
3.96194077 0.25835755
3.79237366 0.26926529
1.89358294 0.23411651
3.72842836 0.33254507
4.38309097 0.30707482
3.67776346 0.26782259
3.79237366 0.53140408
1.89358294 0.38830197
3.72842836 0.66997784
4.38309097 0.70091420
3.67776346 0.48492134
3.79237366 0.28386331
1.89358294 0.19447982
3.72842836 0.14060406
4.38309097 0.17744328
3.67776346 0.26818272
4.24480438 0.29053628
1.97002470 0.23777322
2.89004064 0.28450474
4.12868547 0.29491252
3.34885120 0.25252438
4.01387644 0.28412372
4.37700605 0.29237428
4.24480438 0.61193126
1.97002470 0.36354539
2.89004064 0.46144465
4.12868547 0.59523886
3.34885120 0.39032164
4.01387644 0.56212068
4.37700605 0.52806062
4.24480438 0.20117728
1.97002470 0.17901479
2.89004064 0.22121279
4.12868547 0.20133770
3.34885120 0.28505772
4.01387644 0.20139171
4.37700605 0.19925888
4.39993095 0.29345858
3.85601401 0.34167734
4.12795115 0.28905410
4.03191280 0.28498274
3.70053959 0.33091691
4.39993095 0.58466119
3.85601401 0.58335710
4.12795115 0.57496947
4.03191280 0.58238953
3.70053959 0.60265201
4.39993095 0.19684881
3.85601401 0.14012216
4.12795115 0.22047706
4.03191280 0.21904661
3.70053959 0.17030309
4.46197462 0.37585270
4.53467703 0.30428809
4.38948298 0.37312636
4.46197462 0.73099440
4.53467703 0.68144399
4.38948298 0.70269966
4.46197462 0.08497188
4.53467703 0.20104498
4.38948298 0.13629094
3.56413198 0.25864795
1.92914557 0.23580696
3.17473531 0.30057308
4.32451439 0.29669750
3.62106514 0.27089968
4.39463043 0.30175263
3.56413198 0.50916475
1.92914557 0.41041091
3.17473531 0.51156497
4.32451439 0.67216367
3.62106514 0.52361637
4.39463043 0.68340927
3.56413198 0.29555175
1.92914557 0.21599247
3.17473531 0.20163344
4.32451439 0.15488121
3.62106514 0.27593651
4.39463043 0.18091309
4.15419388 0.35758093
4.15419388 0.58676416
4.15419388 0.16536658
3.79564071 0.26941791
3.44544029 0.31782675
3.79564071 0.54173326
3.44544029 0.53097761
3.79564071 0.29644760
3.44544029 0.26194271
3.79517198 0.33812055
1.90685558 0.23280048
4.39197063 0.30750057
3.44606829 0.25733551
3.79517198 0.67073101
1.90685558 0.40943456
4.39197063 0.71084231
3.44606829 0.51705790
3.79517198 0.15088739
1.90685558 0.21415752
4.39197063 0.17846374
3.44606829 0.26991588
4.14862585 0.28599295
3.17428613 0.30230829
4.06772518 0.35247168
4.06896734 0.28452972
4.18064928 0.29739073
4.14862585 0.64159960
3.17428613 0.50086635
4.06772518 0.67053461
4.06896734 0.62078637
4.18064928 0.63678020
4.14862585 0.22646779
3.17428613 0.25394145
4.06772518 0.10960770
4.06896734 0.18697582
4.18064928 0.19085799
3.80075645 0.26965687
3.45034838 0.31810951
3.80075645 0.54303110
3.45034838 0.53230810
3.80075645 0.29633406
3.45034838 0.26177821
4.20524693 0.29325917
4.14025784 0.35675672
4.20524693 0.64618605
4.14025784 0.70466596
4.20524693 0.18821585
4.14025784 0.14048955
3.91496515 0.34513018
2.90058255 0.28509393
4.34256411 0.29926735
3.49304056 0.25952992
3.91496515 0.69687265
2.90058255 0.52263319
4.34256411 0.71366984
3.49304056 0.54157937
3.91496515 0.14337943
2.90058255 0.25967172
4.34256411 0.19444644
3.49304056 0.28450102
4.05003977 0.28134722
1.87210405 0.23310506
1.94646227 0.23469813
4.09413099 0.28572443
3.28529811 0.25526515
4.10261106 0.28785169
4.16799116 0.29147717
4.05003977 0.61342973
1.87210405 0.40002838
1.94646227 0.38902986
4.09413099 0.58139378
3.28529811 0.43730614
4.10261106 0.61537653
4.16799116 0.62441856
4.05003977 0.19639885
1.87210405 0.17603208
1.94646227 0.16590370
4.09413099 0.18588150
3.28529811 0.27948540
4.10261106 0.18124847
4.16799116 0.14844519
4.35989285 0.29598615
1.93049562 0.23587151
1.91792333 0.23332839
3.65415573 0.27245262
3.51327419 0.26014543
3.55124998 0.26225540
4.35989285 0.69051605
1.93049562 0.40707374
1.91792333 0.41353843
3.65415573 0.52741414
3.51327419 0.49184641
3.55124998 0.50310963
4.35989285 0.19726598
1.93049562 0.19730233
1.91792333 0.18791647
3.65415573 0.27686676
3.51327419 0.28722489
3.55124998 0.26643512
3.56111073 0.25850803
1.92624748 0.23566850
3.17207742 0.30042168
4.32144785 0.29655108
3.61726618 0.27072152
4.39149809 0.30160302
3.56111073 0.50843132
1.92624748 0.41005445
3.17207742 0.51066595
4.32144785 0.67115235
3.61726618 0.52262539
4.39149809 0.68234342
3.56111073 0.29565111
1.92624748 0.21538359
3.17207742 0.20198531
4.32144785 0.15555775
3.61726618 0.27613738
4.39149809 0.18162709
3.26185799 0.30729613
1.94968832 0.23485370
4.23925257 0.30018944
4.12807798 0.28906012
3.22776031 0.24720071
3.26185799 0.50763541
1.94968832 0.40167019
4.23925257 0.64321369
4.12807798 0.62001741
3.22776031 0.43895671
3.26185799 0.22939967
1.94968832 0.21533044
4.23925257 0.20166670
4.12807798 0.22990240
3.22776031 0.28837463
3.74798942 0.33536717
1.90357900 0.23264451
4.37178326 0.29895607
4.16979742 0.29687294
4.19085598 0.29257065
3.74798942 0.63652402
1.90357900 0.37130237
4.37178326 0.56309384
4.16979742 0.63119930
4.19085598 0.62699133
3.74798942 0.12276056
1.90357900 0.15661754
4.37178326 0.14514671
4.16979742 0.17680246
4.19085598 0.14630431
4.14676189 0.28590503
3.17424369 0.30230585
4.06975937 0.35259172
4.06977224 0.28456789
4.18080568 0.29739821
4.14676189 0.64081073
3.17424369 0.50062233
4.06975937 0.67093450
4.06977224 0.62100750
4.18080568 0.63689142
4.14676189 0.22677268
3.17424369 0.25401089
4.06975937 0.10942654
4.06977224 0.18680161
4.18080568 0.19076110
3.97080684 0.34840655
4.05841255 0.35192207
3.50039649 0.25777936
4.35516787 0.30573642
4.30665684 0.28905019
3.97080684 0.67244339
4.05841255 0.64814824
3.50039649 0.49651751
4.35516787 0.67813951
4.30665684 0.67970729
3.97080684 0.15859525
4.05841255 0.13244827
3.50039649 0.28277853
4.35516787 0.16228949
4.30665684 0.19534133
3.76314306 0.33457398
3.76314306 0.51668060
3.76314306 0.22150129
2.85073590 0.28411937
1.96708107 0.23569508
3.76865530 0.27033696
3.58476663 0.26919851
4.41342592 0.30324480
2.85073590 0.51527679
1.96708107 0.39644513
3.76865530 0.50506693
3.58476663 0.54539847
4.41342592 0.72037393
2.85073590 0.21240234
1.96708107 0.17099504
3.76865530 0.23774518
3.58476663 0.26136467
4.41342592 0.12140304
3.98035312 0.34896719
4.06737089 0.35245076
3.50384855 0.25794014
4.36309433 0.30611625
4.30417585 0.28893307
3.98035312 0.67531663
4.06737089 0.65109122
3.50384855 0.49748001
4.36309433 0.68053514
4.30417585 0.67898458
3.98035312 0.15684922
4.06737089 0.13104893
3.50384855 0.28272486
4.36309433 0.16090530
4.30417585 0.19570427
4.32675505 0.28999937
3.55677438 0.32425675
4.49560785 0.30658019
4.32675505 0.54978490
3.55677438 0.43882677
4.49560785 0.55949360
4.32675505 0.16351439
3.55677438 0.20106120
4.49560785 0.14800791
4.35629845 0.29821593
3.58212614 0.25516820
4.46078348 0.37736002
4.35629845 0.71179247
3.58212614 0.48259869
4.46078348 0.64644653
4.35629845 0.19409426
3.58212614 0.29106888
4.46078348 0.12347449
4.41921425 0.37330687
4.33159065 0.36969352
4.41921425 0.73315650
4.33159065 0.68221283
4.41921425 0.09697951
4.33159065 0.12331650
4.27610445 0.29665270
4.14060402 0.35677719
4.27610445 0.66094023
4.14060402 0.70119578
4.27610445 0.19160299
4.14060402 0.15231000
4.24404335 0.35284188
4.24404335 0.71365666
4.24404335 0.13240771
4.22925568 0.28966305
3.48825622 0.30880484
4.22925568 0.71729922
3.48825622 0.55160826
4.22925568 0.16936843
3.48825622 0.22851442
4.41408205 0.29620132
3.62927961 0.26137105
4.41408205 0.73967624
3.62927961 0.56911844
4.41408205 0.13028170
3.62927961 0.24437232
1.93261874 0.22468877
1.93261874 0.40968665
1.93261874 0.20553829
4.37979889 0.29457095
1.92872894 0.22450264
4.37979889 0.65419596
1.92872894 0.39400062
4.37979889 0.15595023
1.92872894 0.18732728
3.57209229 0.25870323
3.59750247 0.25775227
3.57209229 0.55359656
3.59750247 0.54966348
3.57209229 0.26804277
3.59750247 0.26657349
3.72510839 0.26369849
4.51921749 0.36909547
3.72510839 0.57154596
4.51921749 0.80720598
3.72510839 0.24749815
4.51921749 0.08712692
4.09891081 0.28125978
4.00709295 0.33892801
4.16070795 0.28640667
4.09891081 0.64023376
4.00709295 0.69452667
4.16070795 0.65633643
4.09891081 0.18274687
4.00709295 0.13497095
4.16070795 0.16692026
3.75774884 0.32438493
3.75774884 0.63200319
3.75774884 0.21070410
3.87653995 0.26935399
4.20098495 0.35030743
4.36667585 0.29394719
3.87653995 0.57430369
4.20098495 0.77001071
4.36667585 0.73799992
3.87653995 0.26076216
4.20098495 0.12581499
4.36667585 0.17560084
3.72358203 0.26362720
4.50395155 0.36819136
3.72358203 0.57085049
4.50395155 0.80169797
3.72358203 0.24707009
4.50395155 0.08803314
4.31635094 0.35710362
4.18318653 0.28747395
4.31635094 0.65472567
4.18318653 0.66233116
4.31635094 0.12480390
4.18318653 0.20192398
4.07085943 0.34266415
4.07085943 0.72002530
4.07085943 0.14978372
4.14742804 0.28577647
3.75512075 0.32423225
4.14742804 0.65935439
3.75512075 0.59220964
4.14742804 0.20228465
3.75512075 0.20445429
3.51538086 0.25606355
3.51538086 0.54741859
3.51538086 0.27493989
3.74289393 0.32352209
3.74289393 0.62742567
3.74289393 0.21282698
4.41607618 0.29629618
3.63120437 0.26146099
4.41607618 0.74046916
3.63120437 0.56971067
4.41607618 0.12987167
3.63120437 0.24417078
4.13754845 0.28308553
3.26383638 0.24443476
4.13754845 0.65199757
3.26383638 0.46607140
4.13754845 0.19777699
3.26383638 0.28326234
3.57081079 0.25864351
3.60116816 0.25792268
3.57081079 0.55329621
3.60116816 0.55074602
3.57081079 0.26817772
3.60116816 0.26630911
4.19189548 0.28788757
4.26882458 0.28779960
4.19840765 0.35015580
4.20086145 0.28608105
4.19189548 0.66753060
4.26882458 0.66643727
4.19840765 0.70585132
4.20086145 0.66660661
4.19189548 0.18448497
4.26882458 0.21386904
4.19840765 0.11573320
4.20086145 0.19607496
1.91353869 0.22377801
1.91353869 0.41281223
1.91353869 0.19958252
4.09637451 0.28114000
4.01210785 0.33922160
4.15654707 0.28620920
4.09637451 0.63926101
4.01210785 0.69650191
4.15654707 0.65509075
4.09637451 0.18337770
4.01210785 0.13388565
4.15654707 0.16777210
4.06765318 0.34247613
4.06765318 0.71922988
4.06765318 0.15034898
4.17934418 0.28357586
1.92989981 0.22455865
4.17934418 0.59804565
1.92989981 0.38402662
4.17934418 0.24662633
1.92989981 0.19079292
3.37909126 0.30254221
3.37909126 0.51022547
3.37909126 0.23690139
4.37349319 0.29653189
4.49318027 0.29842636
3.57463384 0.31378102
4.37349319 0.73537445
4.49318027 0.75121117
3.57463384 0.55614787
4.37349319 0.16277973
4.49318027 0.19113456
3.57463384 0.21944590
3.60319901 0.25662804
3.24411106 0.29484332
3.60319901 0.44195762
3.24411106 0.49411082
3.60319901 0.28586665
3.24411106 0.24648982
3.98206425 0.27429676
4.51550627 0.36887565
3.98206425 0.57779878
4.51550627 0.80289859
3.98206425 0.24393427
4.51550627 0.08336189
1.89627075 0.22295839
1.89627075 0.40080783
1.89627075 0.20181374
3.84984446 0.26810601
1.95038354 0.22554146
3.84984446 0.52570081
1.95038354 0.40258121
3.84984446 0.27657863
1.95038354 0.21374516
4.34420395 0.36338559
4.16054630 0.35474178
4.44575071 0.37409520
4.34420395 0.72281432
4.16054630 0.61430961
4.44575071 0.71582538
4.34420395 0.12490945
4.16054630 0.13911028
4.44575071 0.09671185
3.80232382 0.33365479
2.97417212 0.28417614
3.72762895 0.33176076
3.80232382 0.70932215
2.97417212 0.48770788
3.72762895 0.68278080
3.80232382 0.17447758
2.97417212 0.27423915
3.72762895 0.17816646
3.78794265 0.33281296
1.85712409 0.22565413
2.90965056 0.28492305
3.78794265 0.63731122
1.85712409 0.38963506
2.90965056 0.47834411
3.78794265 0.16310610
1.85712409 0.18779884
2.90965056 0.21965484
4.09988165 0.28255534
1.90987003 0.22813888
4.22922421 0.36124834
4.09988165 0.59234637
1.90987003 0.39335468
4.22922421 0.65106660
4.09988165 0.23121713
1.90987003 0.22155611
4.22922421 0.08769708
4.09706545 0.35343888
3.57432246 0.25779274
4.09016037 0.34841704
3.22520971 0.30024061
4.09706545 0.71201259
3.57432246 0.53181601
4.09016037 0.69594866
3.22520971 0.54124314
4.09706545 0.12551934
3.57432246 0.28334561
4.09016037 0.18419673
3.22520971 0.25746959
3.99946594 0.27779350
4.42892504 0.37309477
3.99946594 0.63395470
4.42892504 0.72918779
3.99946594 0.24442373
4.42892504 0.10286766
3.71256304 0.32840711
3.20664215 0.29728243
1.85184729 0.22959764
3.71256304 0.63703579
3.20664215 0.48799875
1.85184729 0.38711011
3.71256304 0.14469661
3.20664215 0.25724503
1.85184729 0.21612228
4.14916945 0.28489721
2.76542568 0.27436110
4.19000769 0.35428932
1.93784809 0.23367076
4.14916945 0.63031852
2.76542568 0.46633670
4.19000769 0.69452053
1.93784809 0.38897619
4.14916945 0.18722481
2.76542568 0.23195194
4.19000769 0.10350818
1.93784809 0.20567961
4.10200930 0.35373056
3.23653603 0.24213584
4.13965178 0.35132590
4.08769226 0.35043621
4.10200930 0.64308161
3.23653603 0.43820998
4.13965178 0.68271524
4.08769226 0.67280036
4.10200930 0.13026665
3.23653603 0.29105300
4.13965178 0.15361467
4.08769226 0.13221954
1.90698671 0.22955154
4.09978151 0.34898221
3.16644120 0.29940417
1.90698671 0.40807757
4.09978151 0.68189669
3.16644120 0.50535089
1.90698671 0.21563022
4.09978151 0.17723185
3.16644120 0.21551095
4.14229584 0.28457046
4.19742680 0.35472623
4.13129187 0.35301194
4.14229584 0.63165832
4.19742680 0.70150477
4.13129187 0.67023182
4.14229584 0.20790483
4.19742680 0.14507614
4.13129187 0.12058043
3.92063308 0.34305584
1.93868864 0.23107113
3.92063308 0.69976091
1.93868864 0.40867472
3.92063308 0.10973927
1.93868864 0.19657804
3.71172881 0.32835838
1.82076216 0.22396743
1.88001299 0.23091881
3.71172881 0.59970134
1.82076216 0.39711121
1.88001299 0.38881361
3.71172881 0.16517702
1.82076216 0.20127894
1.88001299 0.22063287
4.10159016 0.28263649
1.90854776 0.22807609
4.22684669 0.36110762
4.10159016 0.59286803
1.90854776 0.39331532
4.22684669 0.65020818
4.10159016 0.23091684
1.90854776 0.22126828
4.22684669 0.08787981
1.86967623 0.22778273
3.18585014 0.29610264
1.90687537 0.23219061
1.86967623 0.41269937
3.18585014 0.50051731
1.90687537 0.40985987
1.86967623 0.19438379
3.18585014 0.26155868
1.90687537 0.19447218
4.30755520 0.29244164
1.90630829 0.22951917
4.21535492 0.35578236
1.94106531 0.23382528
4.30755520 0.67305273
1.90630829 0.41966853
4.21535492 0.73278546
1.94106531 0.41361752
4.30755520 0.17813289
1.90630829 0.18287916
4.21535492 0.11664042
1.94106531 0.20262854
1.90882623 0.22963929
4.09724379 0.34883311
3.16567588 0.29936066
1.90882623 0.40816674
4.09724379 0.68113619
3.16567588 0.50524390
1.90882623 0.21606398
4.09724379 0.17766695
3.16567588 0.21561117
3.18681979 0.30056357
4.12639666 0.28381482
1.93861163 0.23106742
3.18681979 0.50332671
4.12639666 0.61250395
1.93861163 0.40501681
3.18681979 0.21494222
4.12639666 0.23132694
1.93861163 0.20762645
3.12129021 0.29432133
1.85951114 0.22576563
1.91497540 0.23257631
3.12129021 0.51383978
1.85951114 0.40952000
1.91497540 0.41009703
3.12129021 0.23768014
1.85951114 0.20149118
1.91497540 0.19518335
4.09946060 0.28253534
1.90848660 0.22807318
4.22778368 0.36116305
4.09946060 0.59222239
1.90848660 0.39319041
4.22778368 0.65039098
4.09946060 0.23114927
1.90848660 0.22125064
4.22778368 0.08782294
4.13937998 0.28443184
4.19742203 0.35472599
4.13856316 0.35344175
4.13937998 0.63094532
4.19742203 0.70235962
4.13856316 0.67320102
4.13937998 0.20855309
4.19742203 0.14466870
4.13856316 0.11918042
3.59349513 0.25868833
3.20456648 0.29716459
3.59349513 0.52983719
3.20456648 0.53178346
3.59349513 0.28418356
3.20456648 0.27837539
4.20267391 0.35503531
4.20267391 0.59071922
4.20267391 0.08057395
4.10228300 0.35374674
3.57340598 0.25774994
4.08450317 0.34808478
3.22590232 0.30028018
4.10228300 0.71327549
3.57340598 0.53154176
4.08450317 0.69359654
3.22590232 0.54095262
4.10228300 0.12477469
3.57340598 0.28338042
4.08450317 0.18553913
3.22590232 0.25762415
4.10620880 0.35397837
3.23568678 0.24209678
4.13210297 0.35088196
4.08652306 0.35036719
4.10620880 0.64451748
3.23568678 0.43801665
4.13210297 0.68040055
4.08652306 0.67267102
4.10620880 0.12987185
3.23568678 0.29100689
4.13210297 0.15509519
4.08652306 0.13234113
4.09792280 0.35348949
3.57156038 0.25766376
4.08751488 0.34826162
3.22488976 0.30022234
4.09792280 0.71186560
3.57156038 0.53106886
4.08751488 0.69462919
3.22488976 0.54074323
4.09792280 0.12560309
3.57156038 0.28346255
4.08751488 0.18498522
3.22488976 0.25767270
4.30279970 0.36560678
4.30279970 0.70512056
4.30279970 0.12984772
4.36951590 0.36488175
3.53954864 0.32082736
4.36951590 0.65195304
3.53954864 0.45802605
4.36951590 0.10268026
3.53954864 0.19040017
3.29403973 0.30225638
4.13453054 0.35320339
3.29403973 0.57431275
4.13453054 0.66116905
3.29403973 0.28270817
4.13453054 0.12873767
3.82898092 0.33768332
1.91703975 0.23003180
3.82898092 0.66053605
1.91703975 0.40046713
3.82898092 0.10797902
1.91703975 0.21263349
3.90896630 0.34237111
1.93284082 0.23078971
3.90896630 0.69688386
1.93284082 0.40905130
3.90896630 0.11184484
1.93284082 0.19586481
4.11344862 0.34978533
3.46872306 0.31423903
4.11344862 0.71381539
3.46872306 0.51034766
4.11344862 0.18617940
3.46872306 0.22962321
4.44309235 0.37201262
1.85536659 0.22370225
3.85779357 0.33422911
4.17978382 0.35430956
4.54149103 0.29964435
4.44309235 0.65681565
1.85536659 0.36908424
3.85779357 0.65514070
4.17978382 0.56918180
4.54149103 0.57108641
4.44309235 0.14826407
1.85536659 0.19195682
3.85779357 0.17966592
4.17978382 0.14281902
4.54149103 0.12607497
4.00250006 0.34057131
1.91254127 0.22863121
3.24322414 0.30242479
4.00250006 0.67295176
1.91254127 0.39942047
3.24322414 0.50779611
4.00250006 0.19031845
1.91254127 0.19524707
3.24322414 0.25760153
3.45120358 0.25190201
4.32095432 0.36265054
3.00195312 0.28524694
3.94995308 0.33751634
3.39595985 0.31111166
3.45120358 0.43956757
4.32095432 0.67502481
3.00195312 0.50372726
3.94995308 0.68261099
3.39595985 0.50395674
3.45120358 0.26565075
4.32095432 0.09378210
3.00195312 0.26522109
3.94995308 0.14989774
3.39595985 0.25561219
4.52313089 0.29769042
1.84423792 0.22374998
1.86300349 0.22932668
3.86822557 0.33600697
4.52313089 0.74742645
1.84423792 0.43519056
1.86300349 0.43767431
3.86822557 0.70978731
4.52313089 0.18259506
1.84423792 0.23307683
1.86300349 0.22725679
3.86822557 0.20264573
4.04564571 0.27508727
1.84586012 0.22382498
3.47679496 0.31573501
4.22189713 0.28445092
4.04564571 0.58700758
1.84586012 0.39968923
3.47679496 0.52819568
4.22189713 0.64491469
4.04564571 0.22906649
1.84586012 0.22182514
3.47679496 0.27167991
4.22189713 0.20792998
3.47434855 0.31559482
4.50119972 0.37051234
1.90249348 0.22590363
2.81411695 0.27481121
4.44646549 0.29879555
3.47434855 0.49073625
4.50119972 0.68048614
1.90249348 0.39277291
2.81411695 0.47673109
4.44646549 0.65022236
3.47434855 0.29403821
4.50119972 0.14353703
1.90249348 0.24485904
2.81411695 0.28870064
4.44646549 0.19380306
3.44126964 0.30821487
3.50104594 0.31230286
1.89207721 0.23068643
3.94562435 0.33935082
3.79983902 0.33201173
4.03655767 0.27931914
3.44126964 0.46165299
3.50104594 0.47328708
1.89207721 0.36951327
3.94562435 0.62335396
3.79983902 0.54737824
4.03655767 0.50796252
3.44126964 0.28657946
3.50104594 0.26771551
1.89207721 0.22603680
3.94562435 0.20609926
3.79983902 0.20968805
4.03655767 0.24178784
3.59269166 0.25391051
1.82847977 0.22302382
4.53254795 0.37161112
3.84225345 0.33682570
4.41156006 0.36672199
3.59269166 0.39828262
1.82847977 0.36962947
4.53254795 0.64115959
3.84225345 0.61467522
4.41156006 0.61816615
3.59269166 0.27409741
1.82847977 0.20747267
4.53254795 0.11616804
3.84225345 0.17671806
4.41156006 0.13146347
3.97428703 0.27173159
3.65730810 0.32127848
3.26399279 0.29814562
4.35020542 0.36310062
3.79464078 0.33170840
3.97428703 0.49839392
3.65730810 0.49530867
3.26399279 0.48195133
4.35020542 0.65828329
3.79464078 0.62030596
3.97428703 0.24154733
3.65730810 0.25958392
3.26399279 0.26431867
4.35020542 0.15400986
3.79464078 0.18567455
3.82421637 0.26469675
1.87367821 0.22511762
3.83313060 0.33629584
4.30760574 0.28851542
3.82421637 0.51589674
1.87367821 0.39862517
3.83313060 0.61544812
4.30760574 0.66447443
3.82421637 0.25296971
1.87367821 0.22554676
3.83313060 0.24707705
4.30760574 0.18656981
3.84910774 0.33236572
4.28339911 0.29102555
3.36582565 0.30583218
3.73782420 0.26166394
3.84910774 0.67165011
4.28339911 0.73985767
3.36582565 0.55308086
3.73782420 0.54580814
3.84910774 0.22116233
4.28339911 0.18875904
3.36582565 0.26151499
3.73782420 0.27543494
4.38688231 0.36869940
3.29883742 0.30077735
3.64450955 0.31985691
4.23489237 0.35756239
3.68651819 0.25926843
4.38688231 0.70500320
3.29883742 0.51067013
3.64450955 0.49968472
4.23489237 0.61629653
3.68651819 0.47773859
4.38688231 0.17857397
3.29883742 0.28115353
3.64450955 0.25600055
4.23489237 0.14665942
3.68651819 0.26264197
3.93672013 0.26996765
1.85114622 0.22406965
2.78991938 0.27711138
3.57965922 0.31810796
3.81401873 0.33283940
3.93672013 0.52906972
1.85114622 0.41799298
2.78991938 0.49969581
3.57965922 0.52690285
3.81401873 0.65924299
3.93672013 0.26383922
1.85114622 0.23124343
2.78991938 0.29261911
3.57965922 0.26264408
3.81401873 0.21566981
1.85184467 0.22353916
1.85905468 0.22538589
1.85184467 0.42369473
1.85905468 0.42241934
1.85184467 0.22409450
1.85905468 0.22637562
4.54797792 0.29887283
1.87672830 0.22469580
3.39501715 0.30750111
3.84992862 0.33493719
4.54797792 0.63090408
1.87672830 0.38453534
3.39501715 0.49423957
3.84992862 0.58704573
4.54797792 0.17038648
1.87672830 0.22066842
3.39501715 0.27341658
3.84992862 0.22754236
3.51840115 0.31329694
3.60827446 0.31777433
3.93736506 0.34235820
1.90628278 0.22760509
3.66920996 0.32440543
3.51840115 0.54114360
3.60827446 0.56235170
3.93736506 0.69227362
1.90628278 0.39565673
3.66920996 0.56507844
3.51840115 0.27861729
3.60827446 0.25152588
3.93736506 0.24049439
1.90628278 0.24356413
3.66920996 0.23637716
3.73560214 0.32579559
3.80989718 0.32939696
3.95401335 0.34332824
1.92397571 0.22844528
3.48444915 0.31371000
3.73560214 0.58412355
3.80989718 0.60148162
3.95401335 0.67600876
1.92397571 0.38392174
3.48444915 0.49320796
3.73560214 0.23538668
3.80989718 0.20797028
3.95401335 0.21304967
1.92397571 0.22835307
3.48444915 0.25269291
1.86904407 0.22585233
4.11124945 0.28285378
4.46332264 0.29591906
3.82690668 0.33038116
1.86904407 0.40492615
4.11124945 0.62587696
4.46332264 0.64055097
3.82690668 0.65983301
1.86904407 0.21418081
4.11124945 0.23359060
4.46332264 0.18104960
3.82690668 0.18959720
3.52575922 0.31500304
1.93301284 0.22961009
4.49049711 0.29721349
3.80511069 0.32981610
2.82363391 0.27896506
3.52575922 0.48704800
1.93301284 0.38323626
4.49049711 0.59126067
3.80511069 0.61211962
2.82363391 0.47395754
3.52575922 0.26196766
1.93301284 0.20364243
4.49049711 0.17504191
3.80511069 0.20076340
2.82363391 0.27071652
3.85420632 0.33266142
4.27937317 0.29083410
3.35893655 0.30543867
3.73601723 0.26157954
3.85420632 0.67267710
4.27937317 0.73832458
3.35893655 0.55131477
3.73601723 0.54523909
3.85420632 0.22043043
4.27937317 0.18965621
3.35893655 0.26209792
3.73601723 0.27549255
4.32471657 0.28826895
1.90616083 0.22664249
1.88070893 0.23015316
4.23050928 0.35604963
3.17027807 0.29572588
4.32471657 0.59675282
1.90616083 0.39771709
1.88070893 0.40459168
4.23050928 0.63369060
3.17027807 0.48351082
4.32471657 0.20825726
1.90616083 0.22938138
1.88070893 0.21431386
4.23050928 0.18212324
3.17027807 0.28630897
4.16757154 0.35581127
1.92531455 0.22698186
1.86189461 0.22551833
4.24335146 0.28912157
4.16757154 0.61842144
1.92531455 0.39282718
1.86189461 0.39726701
4.24335146 0.58997816
4.16757154 0.22290023
1.92531455 0.22047865
1.86189461 0.21115170
4.24335146 0.22102077
4.37265778 0.36442530
4.17433262 0.35059169
1.89125097 0.22761989
3.99749446 0.27384910
3.80296159 0.33454490
4.37265778 0.68678910
4.17433262 0.60789996
1.89125097 0.38146365
3.99749446 0.47400275
3.80296159 0.67819285
4.37265778 0.12082776
4.17433262 0.15598249
1.89125097 0.18184011
3.99749446 0.23390241
3.80296159 0.18147962
4.22613239 0.35579216
1.93971848 0.22993207
3.13998151 0.29180509
1.86086082 0.22922701
4.22613239 0.67082709
1.93971848 0.40984812
3.13998151 0.49743351
1.86086082 0.41897070
4.22613239 0.19142149
1.93971848 0.22522222
3.13998151 0.29405600
1.86086082 0.21217866
1.85273075 0.22509141
3.71823001 0.26434013
3.11524439 0.28976870
4.20367384 0.35792840
1.85273075 0.41066670
3.71823001 0.51020628
3.11524439 0.50377053
4.20367384 0.67738146
1.85273075 0.21993710
3.71823001 0.28322357
3.11524439 0.27707037
4.20367384 0.21088116
4.35283279 0.36325559
3.84185028 0.33194491
4.16982269 0.35032812
3.78029299 0.33087143
3.53082085 0.25202635
4.35283279 0.64512497
3.84185028 0.58763021
4.16982269 0.56070304
3.78029299 0.45789394
3.53082085 0.39094138
4.35283279 0.13532823
3.84185028 0.19684982
4.16982269 0.16343343
3.78029299 0.21237783
3.53082085 0.26197386
1.86827803 0.22430189
3.84630322 0.33356011
3.38502693 0.30798888
1.86827803 0.39360705
3.84630322 0.65407056
3.38502693 0.49238947
1.86827803 0.21236247
3.84630322 0.21667689
3.38502693 0.26064369
3.38035893 0.30474547
1.91883683 0.22893159
4.54996967 0.30004874
3.83906960 0.33664075
3.38035893 0.47231159
1.91883683 0.38141212
4.54996967 0.59533441
3.83906960 0.62596178
3.38035893 0.26735583
1.91883683 0.18164594
4.54996967 0.15893055
3.83906960 0.20404756
4.36657190 0.36258888
3.64534163 0.26093230
4.34408331 0.36401966
3.73963618 0.32736138
4.13486052 0.35389471
4.36657190 0.76237589
3.64534163 0.54080027
4.34408331 0.74031425
3.73963618 0.70668727
4.13486052 0.70579737
4.36657190 0.10224267
3.64534163 0.24129431
4.34408331 0.08098287
3.73963618 0.17193638
4.13486052 0.14564319
4.30956078 0.28755090
4.29732466 0.35852206
3.99666882 0.34023210
4.36358070 0.29484281
3.08254266 0.29075786
4.07110119 0.35016355
4.30956078 0.58225518
4.29732466 0.62775457
3.99666882 0.62649179
4.36358070 0.58151299
3.08254266 0.43482026
4.07110119 0.58195019
4.30956078 0.10318042
4.29732466 0.14013015
3.99666882 0.11174346
4.36358070 0.08134208
3.08254266 0.19789153
4.07110119 0.12234372
4.44745922 0.29884297
1.89479589 0.22778781
3.95217848 0.33835229
1.85671186 0.22903420
4.44745922 0.60768121
1.89479589 0.39419267
3.95217848 0.65933210
1.85671186 0.40022191
4.44745922 0.16807272
1.89479589 0.19322656
3.95217848 0.17477228
1.85671186 0.18915777
3.76279378 0.26642802
3.41394734 0.30965039
3.94844508 0.33951554
3.83938837 0.33110371
3.89971089 0.33530250
1.90303028 0.23120213
3.76279378 0.48265257
3.41394734 0.50281519
3.94844508 0.67491579
3.83938837 0.60359913
3.89971089 0.61761826
1.90303028 0.38878274
3.76279378 0.26476839
3.41394734 0.25062987
3.94844508 0.19164239
3.83938837 0.24139227
3.89971089 0.20992076
1.90303028 0.22413276
4.23184633 0.35675427
4.18096113 0.35078654
3.30906487 0.29784027
4.32526398 0.36432806
4.23184633 0.69413406
4.18096113 0.61149973
3.30906487 0.44884607
4.32526398 0.71133357
4.23184633 0.14835629
4.18096113 0.15225369
3.30906487 0.24696673
4.32526398 0.15993248
4.31795740 0.29455614
3.51057839 0.31675470
3.72949600 0.26464477
4.43761730 0.36343524
4.46086740 0.36729038
4.31795740 0.71330738
3.51057839 0.52486724
3.72949600 0.52150822
4.43761730 0.68552130
4.46086740 0.68896657
4.31795740 0.14123999
3.51057839 0.25250122
3.72949600 0.25239712
4.43761730 0.07869222
4.46086740 0.08471397
3.33099842 0.30436659
3.70563173 0.26546806
3.64786291 0.26082480
4.08337212 0.34260917
3.33099842 0.54347366
3.70563173 0.54550356
3.64786291 0.53181809
4.08337212 0.68737191
3.33099842 0.27123478
3.70563173 0.28181589
3.64786291 0.27903911
4.08337212 0.15032248
4.46214581 0.36488318
4.11133003 0.34669733
4.47655201 0.30088729
1.86938584 0.22622783
3.14301705 0.29576829
4.46214581 0.63175255
4.11133003 0.55294365
4.47655201 0.55723864
1.86938584 0.36610982
3.14301705 0.43449092
4.46214581 0.09025655
4.11133003 0.16473775
4.47655201 0.18545753
1.86938584 0.17266168
3.14301705 0.26971549
4.11711836 0.34703699
3.62192035 0.26052704
3.64714956 0.32256374
4.43855572 0.37102547
4.50195312 0.36723459
4.11711836 0.62112796
3.62192035 0.48789701
3.64714956 0.49583581
4.43855572 0.66399533
4.50195312 0.70868725
4.11711836 0.13308467
3.62192035 0.27031833
3.64714956 0.22361217
4.43855572 0.12922850
4.50195312 0.07808888
3.30405617 0.29993415
1.87926865 0.22669201
1.91527522 0.23052712
3.30405617 0.46907392
1.87926865 0.38223878
1.91527522 0.38539156
3.30405617 0.26585230
1.87926865 0.20923245
1.91527522 0.22829764
1.86295307 0.22308020
4.38430262 0.29648933
3.98031187 0.33658400
3.36806607 0.30648687
1.92977810 0.23121838
1.86295307 0.37449968
4.38430262 0.53360361
3.98031187 0.60077852
3.36806607 0.43956891
1.92977810 0.36741421
1.86295307 0.20070298
4.38430262 0.21939993
3.98031187 0.10883874
3.36806607 0.25951084
1.92977810 0.20543462
4.36461306 0.29679111
1.91356945 0.22547036
3.72402120 0.26529548
3.97139430 0.33606347
4.39662504 0.36648509
3.44110775 0.31275961
4.36461306 0.67290950
1.91356945 0.39571902
3.72402120 0.48162675
3.97139430 0.63894290
4.39662504 0.62731653
3.44110775 0.48532549
4.36461306 0.17294131
1.91356945 0.21047564
3.72402120 0.27241024
3.97139430 0.11582718
4.39662504 0.13984947
3.44110775 0.26726776
4.11373568 0.28480116
3.42884231 0.30706805
3.40011215 0.25023344
4.37492895 0.36520183
4.45331049 0.37189889
4.11373568 0.61609548
3.42884231 0.47449526
3.40011215 0.41921273
4.37492895 0.60566622
4.45331049 0.62113029
4.11373568 0.19665170
3.42884231 0.24359971
3.40011215 0.28908637
4.37492895 0.14593588
4.45331049 0.16526584
3.91946077 0.33546814
1.81273997 0.21848877
4.29095125 0.36024055
3.91946077 0.66048759
1.81273997 0.40068141
4.29095125 0.67389554
3.91946077 0.15541604
1.81273997 0.20498461
4.29095125 0.16765906
3.85058665 0.32902488
4.04724312 0.28049651
4.27113867 0.35907137
3.85058665 0.49414316
4.04724312 0.58667719
4.27113867 0.61583334
3.85058665 0.21058750
4.04724312 0.25160199
4.27113867 0.16923298
3.13787460 0.29050407
1.83928609 0.21971391
3.13787460 0.44336638
1.83928609 0.37320980
3.13787460 0.24131967
1.83928609 0.18225157
3.95850682 0.33774844
1.91707301 0.22336948
4.15426683 0.28468093
3.42709208 0.30987099
3.95850682 0.60473347
1.91707301 0.38565442
4.15426683 0.56682295
3.42709208 0.48836270
3.95850682 0.17929214
1.91707301 0.20559932
4.15426683 0.23457985
3.42709208 0.27221495
1.90385556 0.22785340
4.41164541 0.29692885
3.49344063 0.30838153
4.23147440 0.35879609
1.90385556 0.41706303
4.41164541 0.69672108
3.49344063 0.52673686
4.23147440 0.74707127
1.90385556 0.21599221
4.41164541 0.19709915
3.49344063 0.24267440
4.23147440 0.17098828
4.34625435 0.36350676
3.06507802 0.29137209
4.34625435 0.72901565
3.06507802 0.51057953
4.34625435 0.13407920
3.06507802 0.30198696
4.09001446 0.35047567
4.33901596 0.29433337
4.09001446 0.74841714
4.33901596 0.74045485
4.09001446 0.22159837
4.33901596 0.23115145
1.86935341 0.22622631
3.82667160 0.33005974
1.90189445 0.22989209
1.86935341 0.38022098
3.82667160 0.57532793
1.90189445 0.38288561
1.86935341 0.19967663
3.82667160 0.18767536
1.90189445 0.21152721
1.93469048 0.22932284
4.37177753 0.29713452
3.60618401 0.32227173
1.93469048 0.42200384
4.37177753 0.69335747
3.60618401 0.57228249
1.93469048 0.22904170
4.37177753 0.20462362
3.60618401 0.24174869
1.90624678 0.23009837
3.87943149 0.33313307
3.52105260 0.31527647
1.90624678 0.40094379
3.87943149 0.61895466
3.52105260 0.52356750
1.90624678 0.21856774
3.87943149 0.18353730
3.52105260 0.25501749
1.95491767 0.23029429
4.23687696 0.29067758
4.21564817 0.28759536
4.10865068 0.34408954
4.23103619 0.35877025
1.95491767 0.39436588
4.23687696 0.60633224
4.21564817 0.61640078
4.10865068 0.63380694
4.23103619 0.67223239
1.95491767 0.21287422
4.23687696 0.21762632
4.21564817 0.21636085
4.10865068 0.14984383
4.23103619 0.15763064
4.07378531 0.28289858
4.13347197 0.35302863
4.13721657 0.28475291
4.04858255 0.27967334
4.07378531 0.63358152
4.13347197 0.66552943
4.13721657 0.64634079
4.04858255 0.61661762
4.07378531 0.20141844
4.13347197 0.20535462
4.13721657 0.23758630
4.04858255 0.22596641
3.59504962 0.26027375
4.21396399 0.35272706
3.66129541 0.26236388
4.32239819 0.29267386
3.59504962 0.55018908
4.21396399 0.74263507
3.66129541 0.55838621
4.32239819 0.71845984
3.59504962 0.26733959
4.21396399 0.12808585
3.66129541 0.27284169
4.32239819 0.17900194
3.32073116 0.30377996
4.11360455 0.28479490
4.19934511 0.35186732
4.45355082 0.36437574
3.32073116 0.55371636
4.11360455 0.65732127
4.19934511 0.65222454
4.45355082 0.68546152
3.32073116 0.26808670
4.11360455 0.22243297
4.19934511 0.14288095
4.45355082 0.10917154
4.24686289 0.35763955
3.33604360 0.24819876
4.15816593 0.34944704
4.19407940 0.28744790
4.16539335 0.28520891
4.24686289 0.71868443
3.33604360 0.46470568
4.15816593 0.69836539
4.19407940 0.67344594
4.16539335 0.66086942
4.24686289 0.12389127
3.33604360 0.28016677
4.15816593 0.12656833
4.19407940 0.18954867
4.16539335 0.18747663
3.32266688 0.30389053
3.70936894 0.26564398
3.65017629 0.26093292
4.07979393 0.34239972
3.32266688 0.54195577
3.70936894 0.54630262
3.65017629 0.53226304
4.07979393 0.68633491
3.32266688 0.27172995
3.70936894 0.28170076
3.65017629 0.27903807
4.07979393 0.15112080
1.89390063 0.22453691
1.84448934 0.21995544
4.00373411 0.34541568
1.89390063 0.40445670
1.84448934 0.39606968
4.00373411 0.65997630
1.89390063 0.20526339
1.84448934 0.19145568
4.00373411 0.17185974
4.21084833 0.28943399
1.90022874 0.22483660
4.05565262 0.28089392
3.42499089 0.30445769
3.95412564 0.34251180
4.21084833 0.62532145
1.90022874 0.38461813
4.05565262 0.57164943
3.42499089 0.46269977
3.95412564 0.59893423
4.21084833 0.21451755
1.90022874 0.20469564
4.05565262 0.25859261
3.42499089 0.22193559
3.95412564 0.19492458
4.19417048 0.35453448
3.55750561 0.25851521
3.43976903 0.30769470
4.37589931 0.29608914
4.46239948 0.36489818
4.19417048 0.73773855
3.55750561 0.53664863
3.43976903 0.52116251
4.37589931 0.73132318
4.46239948 0.68861395
4.19417048 0.14264999
3.55750561 0.27774057
3.43976903 0.24433185
4.37589931 0.17448170
4.46239948 0.08419309
1.89474523 0.22457688
1.87242281 0.22125959
4.43598795 0.29809073
3.35572314 0.30786642
1.89474523 0.37898615
1.87242281 0.37298217
4.43598795 0.54821485
3.35572314 0.45042109
1.89474523 0.20393686
1.87242281 0.18830828
4.43598795 0.19083779
3.35572314 0.26339981
3.42590284 0.30689952
1.92665923 0.22382633
3.82198501 0.26898572
3.97717476 0.34179053
4.43552494 0.37084612
3.42590284 0.49126098
1.92665923 0.39418235
3.82198501 0.48909137
3.97717476 0.65206677
4.43552494 0.64201647
3.42590284 0.24415676
1.92665923 0.19722103
3.82198501 0.25384784
3.97717476 0.20988266
4.43552494 0.16689795
1.87071371 0.22344409
3.29295564 0.29692364
4.08067322 0.34785986
1.92995191 0.23122668
1.87071371 0.39459667
3.29295564 0.46130648
4.08067322 0.67157835
1.92995191 0.38984928
1.87071371 0.21303445
3.29295564 0.24678397
4.08067322 0.16969378
1.92995191 0.21145259
1.92121422 0.23080981
4.43483877 0.29803589
4.42017555 0.36240605
3.37221527 0.30382553
4.01968813 0.34428146
1.92121422 0.37427926
4.43483877 0.56423664
4.42017555 0.58515000
3.37221527 0.45256817
4.01968813 0.61422682
1.92121422 0.19704992
4.43483877 0.17862411
4.42017555 0.11333039
3.37221527 0.23684929
4.01968813 0.15945420
4.33335114 0.36027133
3.80816865 0.27167299
1.86895657 0.22582357
3.19059515 0.30087915
3.76096463 0.27008116
4.33335114 0.61564916
3.80816865 0.48926365
1.86895657 0.38170978
3.19059515 0.46124658
3.76096463 0.48260522
4.33335114 0.10866984
3.80816865 0.26395935
1.86895657 0.20394878
3.19059515 0.27779222
3.76096463 0.28307572
3.34899020 0.30268589
4.17422915 0.35265264
4.42925644 0.37285933
3.34899020 0.48160294
4.17422915 0.64649153
4.42925644 0.75058705
3.34899020 0.22379871
4.17422915 0.14148904
4.42925644 0.13157308
4.52924633 0.37191525
4.38821173 0.29917327
3.04485679 0.28760612
4.19308186 0.28568438
4.52924633 0.66604769
4.38821173 0.60928023
3.04485679 0.46552634
4.19308186 0.64894241
4.52924633 0.08911444
4.38821173 0.20656748
3.04485679 0.27310437
4.19308186 0.24883121
1.87471581 0.22340904
4.37272263 0.29843387
4.21596384 0.35510385
4.39829254 0.37102818
1.87471581 0.35284725
4.37272263 0.53977537
4.21596384 0.56136316
4.39829254 0.65147346
1.87471581 0.15368795
4.37272263 0.13770892
4.21596384 0.12665446
4.39829254 0.12362626
4.35520363 0.29340836
3.96430874 0.34550193
4.50878191 0.37069669
3.82344675 0.27239165
4.43338680 0.30186382
1.91145062 0.22782564
4.35520363 0.68178385
3.96430874 0.65477794
4.50878191 0.65379351
3.82344675 0.50618923
4.43338680 0.70881867
1.91145062 0.40260378
4.35520363 0.19213821
3.96430874 0.18923242
4.50878191 0.07996616
3.82344675 0.24746609
4.43338680 0.18579771
1.91145062 0.20387924
3.10553432 0.29607147
3.10553432 0.49671912
3.10553432 0.29032013
4.17611742 0.35096088
4.09955168 0.35342693
4.17611742 0.62672842
4.09955168 0.63333410
4.17611742 0.16909595
4.09955168 0.21740983
4.36450005 0.29385212
4.36450005 0.65059662
4.36450005 0.21735741
3.60016561 0.25772104
4.10034466 0.34831929
3.60016561 0.53308374
4.10034466 0.72039849
3.60016561 0.30371919
4.10034466 0.20140873
4.43649960 0.36639670
3.77945375 0.26612228
4.29556084 0.36496171
3.17409134 0.29488254
4.43649960 0.72589248
3.77945375 0.53070194
4.29556084 0.69616729
3.17409134 0.50601655
4.43649960 0.08303738
3.77945375 0.26927367
4.29556084 0.14292167
3.17409134 0.26255700
3.07397246 0.28700337
4.31856108 0.36631873
4.51189423 0.37255046
3.07397246 0.46157971
4.31856108 0.64931053
4.51189423 0.66578346
3.07397246 0.24272877
4.31856108 0.14187114
4.51189423 0.10762670
4.48403502 0.36922386
3.71921730 0.32610801
4.48729372 0.37629449
4.48403502 0.68558818
3.71921730 0.48585811
4.48729372 0.65202790
4.48403502 0.08464830
3.71921730 0.23057182
4.48729372 0.12957016
1.88336337 0.23150931
4.46226168 0.30271140
3.58469939 0.26185527
1.88536060 0.22659314
1.88336337 0.39426470
4.46226168 0.69415325
3.58469939 0.50277120
1.88536060 0.40281343
1.88336337 0.21358995
4.46226168 0.15752326
3.58469939 0.29722938
1.88536060 0.21301578
1.90382493 0.23247373
4.30494499 0.29575190
3.53634024 0.31554994
1.90382493 0.37886319
4.30494499 0.62699908
3.53634024 0.48799780
1.90382493 0.23498285
4.30494499 0.20410937
3.53634024 0.25114313
4.21985579 0.28695801
3.51269794 0.31928328
4.10663462 0.28577188
4.30526638 0.29576716
1.90574324 0.22755511
4.21985579 0.59935421
3.51269794 0.49365035
4.10663462 0.55597538
4.30526638 0.63396615
1.90574324 0.38390723
4.21985579 0.22753398
3.51269794 0.23635460
4.10663462 0.20304078
4.30526638 0.18447977
1.90574324 0.18991818
4.13376284 0.34845877
3.40436268 0.31306127
4.48920822 0.37120923
4.13376284 0.69577283
3.40436268 0.51402152
4.48920822 0.69089252
4.13376284 0.13848929
3.40436268 0.28244188
4.48920822 0.12401689
1.92239046 0.22567792
4.50945091 0.30078200
3.83739042 0.33809289
1.92239046 0.38931718
4.50945091 0.62613344
3.83739042 0.59322721
1.92239046 0.21005456
4.50945091 0.17657401
3.83739042 0.21322672
1.94287908 0.22666343
1.94287908 0.40633532
1.94287908 0.21600445
3.45387173 0.30872524
3.80583978 0.26736307
3.86781120 0.33986613
3.45387173 0.53114009
3.80583978 0.53047973
3.86781120 0.64463329
3.45387173 0.24589030
3.80583978 0.27321485
3.86781120 0.22683401
3.45966840 0.25117746
4.12487268 0.34975696
3.45966840 0.46892110
4.12487268 0.70812243
3.45966840 0.30009621
4.12487268 0.18340367
1.92098880 0.23328769
4.41466904 0.30097213
3.88265514 0.33560154
1.92098880 0.40207949
4.41466904 0.70219713
3.88265514 0.62374383
1.92098880 0.24464649
4.41466904 0.20531850
3.88265514 0.20917957
3.47775149 0.31010428
1.93433630 0.23392367
4.11871958 0.28692171
3.90835238 0.33709869
3.47775149 0.48247325
1.93433630 0.37948301
4.11871958 0.57185400
3.90835238 0.58783787
3.47775149 0.24237375
1.93433630 0.20118527
4.11871958 0.24150862
3.90835238 0.18804769
3.55533242 0.31459424
3.52201819 0.25828388
1.87042987 0.22589253
3.98442674 0.34667888
4.21318054 0.29139584
3.55533242 0.42237738
3.52201819 0.38835502
1.87042987 0.36319914
3.98442674 0.63056231
4.21318054 0.61160618
3.55533242 0.18276988
3.52201819 0.27038208
1.87042987 0.17520614
3.98442674 0.13568629
4.21318054 0.18666124
1.91698444 0.22541893
3.45362091 0.31588659
1.91698444 0.40116632
3.45362091 0.52112824
1.91698444 0.22197574
3.45362091 0.26548636
4.17398834 0.35083500
4.09822989 0.35334930
4.17398834 0.62590116
4.09822989 0.63269043
4.17398834 0.16947268
4.09822989 0.21762787
1.89296091 0.22427322
3.93968296 0.27787042
3.54445553 0.31601688
1.89296091 0.38291848
3.93968296 0.48150834
3.54445553 0.46765807
1.89296091 0.19862203
3.93968296 0.25532514
3.54445553 0.24793477
1.93491423 0.22627960
1.93491423 0.40600255
1.93491423 0.21415441
3.51009488 0.31197438
4.45823860 0.36937919
3.51009488 0.50589752
4.45823860 0.64973664
3.51009488 0.22852981
4.45823860 0.13988706
1.89161432 0.23189741
4.30422735 0.29516709
3.39275122 0.25296256
1.88322961 0.22649293
1.89161432 0.36215785
4.30422735 0.61011595
3.39275122 0.39601266
1.88322961 0.36922514
1.89161432 0.19156702
4.30422735 0.17468660
3.39275122 0.29892552
1.88322961 0.20567869
3.94914412 0.33758464
1.93625379 0.23401527
3.81799316 0.27275345
3.43389535 0.30966917
3.94914412 0.64045209
1.93625379 0.39113805
3.81799316 0.50105166
3.43389535 0.49131724
3.94914412 0.16934259
1.93625379 0.19960044
3.81799316 0.27315071
3.43389535 0.25011724
4.38747883 0.36520222
4.46958828 0.37524608
4.45939302 0.29838654
4.38747883 0.63211554
4.46958828 0.65992475
4.45939302 0.70798564
4.38747883 0.14550166
4.46958828 0.13198784
4.45939302 0.19595031
3.81185508 0.32953542
4.00509024 0.27676556
3.51745343 0.31955704
4.54094315 0.30699423
3.81185508 0.61966455
4.00509024 0.59065014
3.51745343 0.53316218
4.54094315 0.65652555
3.81185508 0.20654081
4.00509024 0.26773193
3.51745343 0.25180954
4.54094315 0.15968640
3.72196007 0.26223618
3.72196007 0.53840733
3.72196007 0.25951460
3.33872962 0.30621564
3.92130160 0.33815554
3.72712469 0.26800415
3.33872962 0.52510691
3.92130160 0.71200091
3.72712469 0.53361440
3.33872962 0.24794413
3.92130160 0.18348058
3.72712469 0.26638821
4.01453876 0.34363008
3.60088277 0.32134113
4.50869513 0.30507094
4.12723541 0.28128928
4.01453876 0.61278957
3.60088277 0.49070922
4.50869513 0.61322051
4.12723541 0.63433498
4.01453876 0.17247862
3.60088277 0.22337645
4.50869513 0.15442879
4.12723541 0.19734567
3.73000836 0.32885063
3.63903642 0.26017997
3.91357636 0.27121612
3.73000836 0.63915855
3.63903642 0.50776798
3.91357636 0.49079755
3.73000836 0.22079648
3.63903642 0.28371295
3.91357636 0.25378022
3.48022985 0.25099400
3.48022985 0.43556580
3.48022985 0.28524873
3.21158504 0.29894736
4.02929115 0.27849910
4.27052736 0.28807589
3.21158504 0.51438588
4.02929115 0.63884777
4.27052736 0.58945227
3.21158504 0.27564859
4.02929115 0.23527049
4.27052736 0.19505014
3.14289641 0.29317278
3.78756022 0.26897016
3.14289641 0.51806802
3.78756022 0.54534692
3.14289641 0.26712570
3.78756022 0.28577295
4.48805332 0.37163296
3.67408085 0.32559371
3.36226368 0.24734519
4.31038809 0.28996781
4.48805332 0.66387045
3.67408085 0.60921586
3.36226368 0.40076551
4.31038809 0.57749265
4.48805332 0.11638170
3.67408085 0.18948676
3.36226368 0.29276940
4.31038809 0.16996340
2.99789166 0.28498402
3.91898060 0.27329838
2.99789166 0.50394744
3.91898060 0.54940468
2.99789166 0.26602665
3.91898060 0.24375397
1.83966959 0.22416146
4.26470566 0.29143324
1.83966959 0.40649799
4.26470566 0.71282345
1.83966959 0.21848851
4.26470566 0.17703229
3.75380087 0.32835951
3.65412116 0.32443294
4.25779676 0.28932059
3.75380087 0.47842923
3.65412116 0.59906012
4.25779676 0.57747185
3.75380087 0.19491418
3.65412116 0.15818529
4.25779676 0.13504900
4.01405859 0.34548482
3.23464537 0.29839161
4.13240385 0.28517601
4.12869406 0.28695595
4.01405859 0.69002151
3.23464537 0.52518773
4.13240385 0.65679795
4.12869406 0.64488178
4.01405859 0.14268056
3.23464537 0.26317248
4.13240385 0.23780511
4.12869406 0.20082714
1.90322471 0.22714998
3.98669958 0.27830914
4.32808971 0.29266137
1.90322471 0.38531879
3.98669958 0.59991693
4.32808971 0.60810322
1.90322471 0.19897918
3.98669958 0.17408331
4.32808971 0.15262726
4.51667023 0.37333462
2.76478839 0.27386186
3.65993762 0.26115507
4.51667023 0.69963312
2.76478839 0.48246312
3.65993762 0.50836486
4.51667023 0.10644705
2.76478839 0.28227296
3.65993762 0.27570382
1.91197145 0.22756626
3.82109666 0.27053887
3.66830754 0.32525787
1.91197145 0.41831794
3.82109666 0.57173175
3.66830754 0.56375498
1.91197145 0.24583977
3.82109666 0.27212027
3.66830754 0.22716230
3.58943510 0.31880113
4.05724049 0.34802580
4.26669884 0.28789428
3.58943510 0.54257721
4.05724049 0.66270983
4.26669884 0.71407670
3.58943510 0.25039846
4.05724049 0.20125805
4.26669884 0.19985668
1.92123020 0.22800815
3.82129884 0.27054831
3.65392804 0.32442173
1.92123020 0.41844368
3.82129884 0.57114738
3.65392804 0.56064826
1.92123020 0.24764834
3.82129884 0.27179375
3.65392804 0.22779451
1.91791642 0.22784984
3.54287434 0.25758049
1.91791642 0.42139673
3.54287434 0.52181959
1.91791642 0.23561145
3.54287434 0.29327044
4.39571810 0.29966962
1.87718618 0.22777192
4.27546024 0.29015958
4.39571810 0.72435349
1.87718618 0.42168954
4.27546024 0.71349698
4.39571810 0.16242200
1.87718618 0.22726907
4.27546024 0.20482373
4.02055073 0.28183049
3.56390810 0.31732202
1.95178068 0.23132984
4.02055073 0.56963867
3.56390810 0.50524098
1.95178068 0.37851179
4.02055073 0.21554549
3.56390810 0.23086782
1.95178068 0.20913917
1.91745150 0.22782765
3.54186559 0.25753376
1.91745150 0.42137456
3.54186559 0.52148229
1.91745150 0.23552676
3.54186559 0.29333153
4.19645977 0.29017493
1.90158379 0.22892635
4.04400110 0.27919379
4.19645977 0.62077731
1.90158379 0.40516925
4.04400110 0.59971911
4.19645977 0.19672950
1.90158379 0.23372020
4.04400110 0.23794694
4.49851704 0.37225509
4.03437996 0.27690434
4.49851704 0.68634182
4.03437996 0.57896847
4.49851704 0.11985896
4.03437996 0.18976605
1.86690378 0.22728820
3.58176923 0.26120526
1.86690378 0.42106071
3.58176923 0.52596146
1.86690378 0.20958816
3.58176923 0.26162627
4.01872873 0.34575948
3.23128271 0.29819986
4.12863255 0.28499794
4.13191271 0.28710872
4.01872873 0.69145137
3.23128271 0.52453631
4.12863255 0.65546542
4.13191271 0.64587682
4.01872873 0.14186782
3.23128271 0.26333812
4.12863255 0.23833267
4.13191271 0.20021974
4.42427015 0.36784366
3.63572598 0.32336390
4.42427015 0.71147949
3.63572598 0.65525335
4.42427015 0.11651913
3.63572598 0.20993929
2.72287560 0.27155328
3.98208499 0.28001103
2.72287560 0.46970987
3.98208499 0.60076648
2.72287560 0.27032945
3.98208499 0.21465939
4.01337719 0.34544471
3.23646355 0.29849529
4.13286352 0.28519771
4.12891006 0.28696620
4.01337719 0.68991685
3.23646355 0.52558362
4.13286352 0.65679914
4.12891006 0.64490086
4.01337719 0.14275068
3.23646355 0.26304504
4.13286352 0.23781544
4.12891006 0.20082049
4.02407742 0.34419098
3.59473729 0.32098460
4.50510883 0.30489931
4.13164902 0.28149799
4.02407742 0.61649042
3.59473729 0.48998085
4.50510883 0.61174744
4.13164902 0.63597828
4.02407742 0.17023611
3.59473729 0.22320683
4.50510883 0.15432440
4.13164902 0.19629686
4.04769087 0.34746361
3.86095643 0.33462036
4.21100235 0.29086640
4.46363544 0.29911768
4.04769087 0.66148847
3.86095643 0.71931642
4.21100235 0.64076447
4.46363544 0.74298048
4.04769087 0.10868561
3.86095643 0.14641418
4.21100235 0.16549522
4.46363544 0.10363388
1.88012385 0.22791040
3.37360239 0.25153750
1.88012385 0.39587197
3.37360239 0.44096586
1.88012385 0.19553627
3.37360239 0.28346339
3.94468093 0.33952692
1.96476352 0.23195739
3.80633879 0.27172419
3.94468093 0.64634949
1.96476352 0.39534387
3.80633879 0.53011614
3.94468093 0.17203254
1.96476352 0.19704105
3.80633879 0.23232877
3.97339320 0.34615538
4.39290142 0.30181178
4.19602537 0.35340214
3.80865908 0.27190730
3.93106842 0.27253988
1.92694819 0.23275785
3.26141214 0.30727068
3.97339320 0.65307438
4.39290142 0.64620370
4.19602537 0.56383723
3.80865908 0.45623609
3.93106842 0.42480978
1.92694819 0.36397430
3.26141214 0.43410805
3.97339320 0.10778328
4.39290142 0.13583405
4.19602537 0.11321989
3.80865908 0.25680336
3.93106842 0.25534794
1.92694819 0.18194573
3.26141214 0.23455851
4.32861042 0.36123577
3.47389531 0.31703016
3.46254063 0.31329179
4.45468283 0.30476430
4.25779772 0.36532423
4.17421532 0.35728499
4.32861042 0.57716155
3.47389531 0.40336385
3.46254063 0.40172461
4.45468283 0.53855604
4.25779772 0.57488185
4.17421532 0.57095629
4.32861042 0.10035201
3.47389531 0.17347378
3.46254063 0.21984030
4.45468283 0.10223926
4.25779772 0.12461605
4.17421532 0.12453834
3.13350034 0.29179165
3.13350034 0.55256152
3.13350034 0.28341570
4.34506845 0.36220980
1.84449852 0.22925512
3.69636703 0.26883504
4.37385511 0.37219927
3.07264113 0.29354653
4.34506845 0.68090957
1.84449852 0.38698888
3.69636703 0.50244451
4.37385511 0.69917637
3.07264113 0.49235821
4.34506845 0.10500247
1.84449852 0.21482892
3.69636703 0.25308436
4.37385511 0.09207486
3.07264113 0.24716502
1.95383382 0.22877759
3.39724374 0.31261066
3.93904901 0.34654257
1.95383382 0.39832297
3.39724374 0.50270575
3.93904901 0.63423675
1.95383382 0.24078822
3.39724374 0.26946440
3.93904901 0.18968283
3.98015857 0.34329823
1.90081942 0.22623964
3.20128751 0.30384359
3.98015857 0.70694709
1.90081942 0.42944613
3.20128751 0.53200108
3.98015857 0.21667236
1.90081942 0.21858251
3.20128751 0.23339336
3.96186733 0.34222913
4.28230333 0.35849705
1.90704274 0.23219858
4.45365286 0.30471507
4.07780647 0.35160875
3.96186733 0.67491412
4.28230333 0.70292717
1.90704274 0.41259655
4.45365286 0.66814727
4.07780647 0.67576879
3.96186733 0.21294355
4.28230333 0.12865387
1.90704274 0.21054502
4.45365286 0.15498868
4.07780647 0.15400983
1.82930982 0.22590840
3.11168098 0.29875794
4.25192022 0.36186981
1.82930982 0.40572867
3.11168098 0.50266999
4.25192022 0.68727326
1.82930982 0.23636357
3.11168098 0.28487581
4.25192022 0.12064627
1.91673243 0.23000300
4.12068939 0.35722622
4.42351294 0.29582727
3.94201684 0.34431148
1.91673243 0.41355404
4.12068939 0.67549950
4.42351294 0.66949052
3.94201684 0.64528936
1.91673243 0.22601222
4.12068939 0.14103024
4.42351294 0.20828730
3.94201684 0.16126244
1.91028845 0.23235302
3.60816169 0.26470935
4.30158281 0.36791587
1.91832697 0.23234670
4.46652699 0.30309114
1.91028845 0.41394079
3.60816169 0.51975328
4.30158281 0.72241288
1.91832697 0.41489625
4.46652699 0.71620578
1.91028845 0.20808734
3.60816169 0.26243567
4.30158281 0.10927302
1.91832697 0.21188776
4.46652699 0.12650670
3.55529404 0.32173958
3.42436719 0.31110242
3.71965885 0.26992670
1.88932884 0.23391561
1.88485980 0.23076130
3.47203016 0.25618967
3.71921325 0.32545528
3.55529404 0.50888592
3.42436719 0.50551623
3.71965885 0.50162059
1.88932884 0.38925782
1.88485980 0.39330065
3.47203016 0.47955859
3.71921325 0.58376169
3.55529404 0.23212354
3.42436719 0.27869698
3.71965885 0.26416481
1.88932884 0.22853523
1.88485980 0.22159523
3.47203016 0.27961004
3.71921325 0.20095299
3.92895126 0.34030664
4.25258446 0.35674095
3.43903089 0.24960750
3.64450455 0.32629296
4.47822714 0.37839675
3.92895126 0.61628139
4.25258446 0.57015723
3.43903089 0.38808534
3.64450455 0.43047953
4.47822714 0.59036320
3.92895126 0.22279918
4.25258446 0.12100948
3.43903089 0.28254589
3.64450455 0.18961810
4.47822714 0.11338393
1.86715937 0.22766614
1.92235303 0.23548262
4.22617960 0.36035013
4.47020054 0.30326664
3.03788400 0.28639242
1.86715937 0.41467699
1.92235303 0.41337833
4.22617960 0.69073033
4.47020054 0.68903631
3.03788400 0.49648988
1.86715937 0.20048498
1.92235303 0.22099619
4.22617960 0.11884873
4.47020054 0.14551406
3.03788400 0.24061948
3.05325174 0.29003727
1.88154018 0.22532713
4.31714678 0.29596671
4.27643824 0.36331823
1.95201015 0.23690379
3.05325174 0.50035000
1.88154018 0.40865389
4.31714678 0.64850575
4.27643824 0.69164199
1.95201015 0.41075411
3.05325174 0.26180512
1.88154018 0.17849018
4.31714678 0.17163128
4.27643824 0.09548706
1.95201015 0.20994516
3.97785068 0.34316334
1.89479935 0.22595407
3.19542503 0.30351004
3.97785068 0.70611066
1.89479935 0.42910588
3.19542503 0.53063756
3.97785068 0.21718441
1.89479935 0.21714157
3.19542503 0.23362254
1.90244985 0.23198032
3.60044265 0.26434898
4.30032396 0.36784133
1.91481459 0.23217952
4.46196699 0.30287334
1.90244985 0.41327468
3.60044265 0.51812309
4.30032396 0.72165221
1.91481459 0.41432858
4.46196699 0.71525699
1.90244985 0.20605044
3.60044265 0.26299784
4.30032396 0.10908552
1.91481459 0.21091335
4.46196699 0.12679730
3.96146989 0.34220591
4.28033352 0.35838065
1.90290177 0.23200178
4.44907904 0.30449632
4.07563734 0.35148120
3.96146989 0.67396694
4.28033352 0.70139021
1.90290177 0.41198453
4.44907904 0.66646081
4.07563734 0.67428493
3.96146989 0.21331644
4.28033352 0.12944974
1.90290177 0.20938857
4.44907904 0.15607622
4.07563734 0.15461963
3.91405416 0.33943716
1.92592180 0.23309910
4.26166391 0.29555282
3.30110955 0.30651712
3.91405416 0.67605233
1.92592180 0.41441908
4.26166391 0.65122229
3.30110955 0.52363056
3.91405416 0.21620385
1.92592180 0.21539240
4.26166391 0.17039911
3.30110955 0.22519730
1.86807382 0.22770889
1.92901015 0.23580049
4.23528957 0.36088786
4.47647667 0.30356646
3.03788614 0.28639254
1.86807382 0.41487917
1.92901015 0.41359445
4.23528957 0.69377476
4.47647667 0.69113559
3.03788614 0.49663186
1.86807382 0.20083921
1.92901015 0.22243869
4.23528957 0.11730251
4.47647667 0.14482297
3.03788614 0.24085915
1.90785027 0.22958153
4.11102152 0.35665622
4.42572784 0.29593262
3.94487906 0.34447965
1.90785027 0.41316894
4.11102152 0.67248869
4.42572784 0.67025042
3.94487906 0.64553839
1.90785027 0.22342385
4.11102152 0.14278063
4.42572784 0.20792019
3.94487906 0.16087511
1.89736760 0.22908564
3.27140689 0.30784145
4.01509237 0.34275261
3.92247224 0.34316382
1.89736760 0.41394451
3.27140689 0.51516896
4.01509237 0.68570286
3.92247224 0.65640283
1.89736760 0.20567198
3.27140689 0.23528290
4.01509237 0.14460228
3.92247224 0.15923287
3.12624907 0.29414585
4.28126621 0.35843578
3.10837936 0.29610851
4.21330786 0.28585324
3.12624907 0.50611824
4.28126621 0.68493277
3.10837936 0.49678102
4.21330786 0.62741590
3.12624907 0.27946442
4.28126621 0.12756497
3.10837936 0.25468418
4.21330786 0.21807869
3.31287646 0.30473027
3.61616302 0.25781581
4.16189814 0.35655904
3.31287646 0.49676099
3.61616302 0.46529254
4.16189814 0.57338434
3.31287646 0.29891479
3.61616302 0.29687110
4.16189814 0.17228033
4.12278891 0.35425544
3.05690908 0.29024267
4.05889606 0.35358569
4.02277851 0.34320393
3.11890483 0.29670510
4.12278891 0.72841311
3.05690908 0.53177303
4.05889606 0.70977169
4.02277851 0.71847886
3.11890483 0.53185970
4.12278891 0.12597583
3.05690908 0.25602329
4.05889606 0.14274652
4.02277851 0.12809013
3.11890483 0.22593670
3.92372322 0.34000146
3.18906999 0.29494396
4.06096935 0.35370776
3.96832800 0.34585759
4.11393213 0.35373411
3.92372322 0.70490885
3.18906999 0.54029173
4.06096935 0.70871586
3.96832800 0.71130592
4.11393213 0.71226174
3.92372322 0.16907091
3.18906999 0.25862116
4.06096935 0.13220395
3.96832800 0.11075142
4.11393213 0.11827978
3.86878943 0.33417979
4.15597296 0.35620984
3.86878943 0.73121977
4.15597296 0.68190283
3.86878943 0.20785402
4.15597296 0.14867689
2.82933617 0.28044903
4.05685854 0.28582385
4.37702274 0.29881969
4.54548120 0.30163437
1.92546189 0.23268688
4.30798054 0.36829475
2.82933617 0.48945951
4.05685854 0.63468683
4.37702274 0.69058943
4.54548120 0.62364548
1.92546189 0.40372229
4.30798054 0.72480756
2.82933617 0.23972976
4.05685854 0.19511367
4.37702274 0.16634193
4.54548120 0.14362602
1.92546189 0.19879936
4.30798054 0.10325263
3.90031409 0.33602390
3.97153997 0.34604636
3.40061474 0.31221619
3.90031409 0.75053602
3.97153997 0.77476263
3.40061474 0.55604076
3.90031409 0.20272096
3.97153997 0.13828556
3.40061474 0.23251420
3.88603258 0.33780277
1.86882198 0.22472835
3.84155464 0.27345333
3.44431257 0.31472751
1.93119919 0.23590517
3.88603258 0.68420082
1.86882198 0.39817628
3.84155464 0.49371275
3.44431257 0.48023477
1.93119919 0.40093446
3.88603258 0.20771956
1.86882198 0.19351757
3.84155464 0.27061132
3.44431257 0.24146987
1.93119919 0.21337794
1.97948003 0.23001970
4.50032520 0.30470613
3.88497567 0.34096384
4.32507229 0.29115069
4.52338743 0.37794971
3.49817562 0.32086858
1.97948003 0.36048284
4.50032520 0.53749537
3.88497567 0.57046080
4.32507229 0.52562302
4.52338743 0.58413172
3.49817562 0.44895545
1.97948003 0.20261146
4.50032520 0.16934584
3.88497567 0.18709897
4.32507229 0.18428957
4.52338743 0.11350928
3.49817562 0.23366319
3.96914577 0.34590563
3.85042787 0.33572808
3.99521852 0.28290585
3.30980587 0.30182678
3.35385966 0.25072327
4.38272095 0.29388824
1.91766608 0.23231523
1.90923691 0.23485823
3.96914577 0.57652575
3.85042787 0.56081170
3.99521852 0.52829772
3.30980587 0.42142203
3.35385966 0.38009727
4.38272095 0.51810127
1.91766608 0.34951639
1.90923691 0.34841886
3.96914577 0.13582391
3.85042787 0.17180681
3.99521852 0.16597976
3.30980587 0.20848094
3.35385966 0.25939175
4.38272095 0.14265203
1.91766608 0.16658194
1.90923691 0.17475659
3.92843103 0.34027627
3.45343423 0.31006911
3.92914176 0.34355536
3.71540761 0.26243940
4.47744703 0.37522218
4.46056747 0.37734720
3.92843103 0.67803174
3.45343423 0.48449647
3.92914176 0.67297667
3.71540761 0.48360154
4.47744703 0.63258582
4.46056747 0.63456029
3.92843103 0.20263839
3.45343423 0.23392771
3.92914176 0.14898080
3.71540761 0.26365277
4.47744703 0.08290247
4.46056747 0.10805913
