4.28682184 0.30399606
4.07488918 0.29756215
3.42877173 0.25982085
4.64356756 0.26052609
3.05224919 0.24745728
4.28682184 0.71584481
4.07488918 0.67289454
3.42877173 0.55435038
4.64356756 0.69708389
3.05224919 0.48348936
4.28682184 0.19642097
4.07488918 0.18387054
3.42877173 0.30835781
4.64356756 0.20438673
3.05224919 0.30729690
3.98819709 0.29180995
4.23579216 0.30152333
4.40466738 0.31364900
4.30124664 0.24287577
4.50264931 0.25413585
4.12946701 0.29320419
3.98819709 0.64215976
4.23579216 0.63965893
4.40466738 0.64251190
4.30124664 0.54838800
4.50264931 0.61356133
4.12946701 0.57301468
3.98819709 0.18595292
4.23579216 0.20718038
4.40466738 0.16978788
4.30124664 0.24424423
4.50264931 0.22854285
4.12946701 0.20330107
4.31103516 0.30517021
3.23787642 0.25739977
4.60173464 0.25444609
3.83936763 0.22862220
4.08790207 0.29120564
4.31103516 0.69974083
3.23787642 0.51399916
4.60173464 0.64249700
3.83936763 0.52733618
4.08790207 0.60996097
4.31103516 0.18483807
3.23787642 0.28117910
4.60173464 0.20282684
3.83936763 0.28155980
4.08790207 0.21973659
3.86194754 0.28724098
3.20512509 0.25458139
4.40036726 0.30950713
4.57234526 0.25331172
3.53562212 0.26486266
3.86194754 0.66299814
3.20512509 0.47689852
4.40036726 0.62487978
4.57234526 0.59658033
3.53562212 0.45929122
3.86194754 0.19841450
3.20512509 0.28116712
4.40036726 0.19057713
4.57234526 0.20757157
3.53562212 0.28241745
4.35230112 0.30941463
3.37949014 0.26052594
3.83920193 0.22522676
1.85146868 0.18996038
4.35230112 0.68944842
3.37949014 0.54615921
3.83920193 0.53425151
1.85146868 0.42557374
4.35230112 0.17887776
3.37949014 0.28982511
3.83920193 0.28180829
1.85146868 0.25453034
3.85859394 0.28707889
3.85183716 0.28525692
4.30903578 0.30507326
4.10034513 0.29180375
3.85859394 0.69339466
3.85183716 0.66482282
4.30903578 0.63391232
4.10034513 0.59727091
3.85859394 0.21931541
3.85183716 0.23330440
4.30903578 0.22192298
4.10034513 0.25211126
3.03043485 0.24419372
4.16398954 0.29486555
3.03043485 0.45310605
4.16398954 0.57737774
3.03043485 0.28706840
4.16398954 0.20431316
1.83880329 0.19225343
4.02799225 0.29528421
3.39745307 0.25834709
4.49879551 0.25487986
1.83880329 0.42277279
4.02799225 0.65890115
3.39745307 0.51175803
4.49879551 0.70290965
1.83880329 0.24521911
4.02799225 0.25621775
3.39745307 0.30023733
4.49879551 0.24333942
1.94822395 0.19659586
4.02630854 0.29520246
4.35685349 0.24501209
1.87362111 0.19082980
4.18569279 0.24271996
1.94822395 0.40152967
4.02630854 0.63293546
4.35685349 0.67690629
1.87362111 0.40363798
4.18569279 0.59955823
1.94822395 0.25448921
4.02630854 0.23000331
4.35685349 0.25900897
1.87362111 0.24008282
4.18569279 0.26470912
3.08448195 0.24670283
4.18493652 0.30291757
4.34263182 0.24446549
1.77329528 0.18694146
4.35949707 0.24946071
4.33186102 0.30842268
3.08448195 0.49517491
4.18493652 0.63544470
4.34263182 0.69997436
1.77329528 0.42714897
4.35949707 0.61083019
4.33186102 0.66881830
3.08448195 0.29724199
4.18493652 0.17475791
4.34263182 0.26939619
1.77329528 0.24543875
4.35949707 0.24646407
4.33186102 0.20793571
4.42871428 0.25127414
3.47687626 0.26513040
1.89444566 0.19759439
4.42570257 0.30749959
3.82271123 0.22872984
1.83647370 0.19443507
4.42871428 0.74491030
3.47687626 0.54869074
1.89444566 0.43291011
4.42570257 0.71857715
3.82271123 0.53510326
1.83647370 0.43440112
4.42871428 0.23433571
3.47687626 0.29083583
1.89444566 0.24996553
4.42570257 0.17804481
3.82271123 0.28258801
1.83647370 0.23908442
4.29770231 0.30452362
3.16778994 0.25409725
4.33242846 0.30298927
4.37242651 0.24996310
1.82911634 0.19414866
4.29770231 0.61592025
3.16778994 0.46387792
4.33242846 0.62855917
4.37242651 0.56769139
1.82911634 0.38656345
4.29770231 0.18183200
3.16778994 0.27119148
4.33242846 0.17748336
4.37242651 0.21799229
1.82911634 0.21336995
3.72596574 0.22430272
1.85093629 0.19272797
1.88733387 0.19731075
3.86874843 0.28070197
3.56892228 0.21903419
3.79081202 0.28233236
3.72596574 0.53730220
1.85093629 0.42456076
1.88733387 0.41702890
3.86874843 0.65847176
3.56892228 0.51181012
3.79081202 0.64511001
3.72596574 0.28283465
1.85093629 0.26690668
1.88733387 0.26544455
3.86874843 0.24384533
3.56892228 0.29643968
3.79081202 0.26075247
1.93252003 0.19596434
3.47134972 0.26848027
4.48408794 0.24990867
1.86658216 0.19055291
3.81400180 0.22839583
4.36891413 0.31022117
1.93252003 0.41923854
3.47134972 0.51874274
4.48408794 0.74743557
1.86658216 0.41973433
3.81400180 0.51594442
4.36891413 0.66868764
1.93252003 0.26342764
3.47134972 0.27389666
4.48408794 0.25997946
1.86658216 0.25947368
3.81400180 0.28388467
4.36891413 0.19706877
2.90208268 0.24169604
1.81979668 0.19378681
4.46930885 0.30961090
2.90208268 0.52417648
1.81979668 0.43012130
4.46930885 0.66835833
2.90208268 0.29972133
1.81979668 0.22427066
4.46930885 0.15494211
4.03415966 0.29558364
1.85318017 0.19508803
4.48869801 0.25008628
4.45095205 0.30872190
4.03415966 0.66717201
1.85318017 0.40012535
4.48869801 0.57646805
4.45095205 0.61806399
4.03415966 0.23106776
1.85318017 0.23708324
4.48869801 0.23393071
4.45095205 0.17196988
3.75919199 0.28228223
4.45148230 0.25215498
4.22204781 0.29766241
3.75919199 0.66485524
4.45148230 0.69042516
4.22204781 0.66861749
3.75919199 0.26879710
4.45148230 0.26071712
4.22204781 0.23091894
4.13514137 0.29665419
1.81604791 0.19450195
4.47809410 0.25407365
3.17829585 0.25332686
3.66875482 0.22212936
4.13514137 0.68376845
1.81604791 0.43870008
4.47809410 0.67904663
3.17829585 0.53304201
3.66875482 0.51605004
4.13514137 0.27094948
1.81604791 0.26624212
4.47809410 0.26016721
3.17829585 0.30663890
3.66875482 0.30963212
4.00811577 0.29276919
3.28416586 0.25603759
4.44035435 0.31539634
4.00811577 0.65825623
3.28416586 0.52210277
4.44035435 0.67178392
4.00811577 0.25199339
3.28416586 0.30980489
4.44035435 0.22539203
1.80473089 0.19093084
3.47397447 0.26860550
3.91232705 0.28278583
4.33954000 0.24868549
4.39636660 0.25002334
1.80473089 0.41198453
3.47397447 0.49062428
3.91232705 0.61807221
4.33954000 0.63901573
4.39636660 0.60541791
1.80473089 0.25315228
3.47397447 0.29562807
3.91232705 0.25917393
4.33954000 0.25742671
4.39636660 0.26421833
3.40033746 0.26151001
1.80699265 0.19414981
4.31814289 0.24785469
3.83093643 0.28425470
3.46811557 0.21454136
3.40033746 0.50737590
1.80699265 0.40956542
4.31814289 0.64435762
3.83093643 0.64293855
3.46811557 0.43668750
3.40033746 0.29506758
1.80699265 0.24027263
4.31814289 0.21368460
3.83093643 0.21883915
3.46811557 0.30293882
3.71972871 0.22406559
1.85187244 0.19276465
1.88197422 0.19709741
3.87333536 0.28092116
3.56628203 0.21893376
3.78919578 0.28225496
3.71972871 0.53550571
1.85187244 0.42400753
1.88197422 0.41655383
3.87333536 0.65918154
3.56628203 0.51123148
3.78919578 0.64430505
3.71972871 0.28313357
1.85187244 0.26693022
1.88197422 0.26447612
3.87333536 0.24311410
3.56628203 0.29641068
3.78919578 0.26094323
4.33673477 0.30319732
4.09131765 0.29678103
4.33673477 0.68071562
4.09131765 0.56712109
4.33673477 0.14853260
4.09131765 0.19843556
4.13770819 0.29677820
1.81625247 0.19450991
4.47835159 0.25408366
3.17280197 0.25307021
3.67162085 0.22223814
4.13770819 0.68450612
1.81625247 0.43876103
4.47835159 0.67917347
3.17280197 0.53222686
3.67162085 0.51690412
4.13770819 0.27065149
1.81625247 0.26624662
4.47835159 0.26009095
3.17280197 0.30668181
3.67162085 0.30955055
4.24945354 0.24435242
4.16249514 0.29797637
1.86233556 0.19631857
4.22435379 0.24421726
1.87266910 0.19585407
4.24945354 0.64788562
4.16249514 0.67977786
1.86233556 0.43131340
4.22435379 0.62536031
1.87266910 0.43061826
4.24945354 0.26875880
4.16249514 0.24973772
1.86233556 0.24924727
4.22435379 0.27612451
1.87266910 0.24473505
4.14222431 0.29923964
3.95082450 0.28776717
4.14222431 0.63417792
3.95082450 0.73138124
4.14222431 0.24296363
3.95082450 0.23738046
3.42134380 0.26475087
3.90782285 0.28569981
3.42134380 0.46580830
3.90782285 0.63116843
3.42134380 0.27838781
3.90782285 0.24952579
4.07401705 0.29751977
1.88248432 0.19624157
4.07401705 0.69647676
1.88248432 0.41235933
4.07401705 0.23007287
1.88248432 0.24099554
3.27620792 0.25791338
3.92702889 0.22856601
3.45617604 0.26111194
3.27620792 0.51344842
3.92702889 0.49271786
3.45617604 0.48935387
3.27620792 0.29170984
3.92702889 0.29273680
3.45617604 0.30411568
4.35496426 0.30954391
4.16389561 0.29804409
3.55749369 0.21457541
1.85723209 0.19018602
4.35496426 0.61375809
4.16389561 0.66938335
3.55749369 0.40641403
1.85723209 0.38764307
4.35496426 0.16636147
4.16389561 0.20904410
3.55749369 0.28054592
1.85723209 0.22128426
3.78055549 0.28331193
4.45914555 0.24894787
4.19902515 0.24240983
3.54170585 0.26515031
3.78055549 0.60034239
4.45914555 0.56902808
4.19902515 0.58928150
3.54170585 0.46318924
3.78055549 0.24225074
4.45914555 0.25067466
4.19902515 0.26098138
3.54170585 0.29580587
4.18671751 0.29914793
3.75813079 0.22215176
1.82408965 0.18889409
4.18671751 0.75214046
3.75813079 0.51228988
1.82408965 0.42847982
4.18671751 0.22034706
3.75813079 0.29948184
1.82408965 0.25814167
4.45902634 0.25240240
3.67759109 0.21930389
4.32508612 0.30753896
4.45933580 0.25278226
4.45902634 0.58772391
3.67759109 0.38973066
4.32508612 0.61268163
4.45933580 0.57888156
4.45902634 0.17967290
3.67759109 0.26722699
4.32508612 0.14664298
4.45933580 0.18781865
3.95781469 0.29315045
4.40431690 0.31138623
3.95781469 0.67941576
4.40431690 0.63951355
3.95781469 0.26893261
4.40431690 0.23925836
4.36447239 0.25051165
3.86694813 0.22803199
3.77120471 0.28415635
1.83852625 0.19392855
4.36447239 0.69903225
3.86694813 0.63402152
3.77120471 0.67024851
1.83852625 0.44130507
4.36447239 0.27620003
3.86694813 0.29180706
3.77120471 0.26084676
1.83852625 0.24393801
1.86186373 0.19785230
3.60075116 0.21887164
1.89520729 0.19616054
1.86186373 0.45098746
3.60075116 0.55196118
1.89520729 0.45244959
1.86186373 0.26468489
3.60075116 0.30751169
1.89520729 0.25791362
1.86044991 0.19779660
3.59753561 0.21874957
1.89950728 0.19633143
1.86044991 0.45080796
3.59753561 0.55091524
1.89950728 0.45238063
1.86044991 0.26437172
3.59753561 0.30759105
1.89950728 0.25878844
3.83237457 0.23002748
3.96119046 0.23350084
3.83237457 0.54232484
3.96119046 0.50368506
3.83237457 0.30923936
3.96119046 0.28901771
4.60440588 0.25982380
3.50505948 0.21606489
3.81982660 0.28649512
4.08060312 0.23774244
4.22250509 0.24016313
4.60440588 0.65145850
3.50505948 0.41976032
3.81982660 0.65801209
4.08060312 0.59754401
4.22250509 0.56557012
4.60440588 0.22493924
3.50505948 0.30685252
3.81982660 0.24629532
4.08060312 0.26768273
4.22250509 0.25702307
4.31194973 0.24847870
4.46548367 0.25302145
3.84742951 0.22827439
3.77982211 0.28457060
4.41363001 0.24754231
4.01840019 0.29270750
4.31194973 0.67106420
4.46548367 0.61579728
3.84742951 0.58553082
3.77982211 0.60345602
4.41363001 0.62177068
4.01840019 0.69593543
4.31194973 0.26757199
4.46548367 0.23676668
3.84742951 0.29859295
3.77982211 0.27899292
4.41363001 0.26036584
4.01840019 0.27408332
4.27457619 0.30851680
4.27457619 0.67745900
4.27457619 0.23087908
4.29107189 0.24534468
4.36462593 0.24711937
4.29533434 0.30952761
4.24185514 0.24576902
4.29107189 0.58284044
4.36462593 0.58311480
4.29533434 0.61032575
4.24185514 0.60012972
4.29107189 0.22119920
4.36462593 0.20830406
4.29533434 0.18451057
4.24185514 0.22394697
4.33495092 0.24704230
3.06196380 0.25052515
4.33495092 0.60824758
3.06196380 0.46892461
4.33495092 0.26890144
3.06196380 0.30951333
4.63446951 0.25923491
3.90425372 0.22794402
4.27303362 0.30501470
4.63446951 0.67717141
3.90425372 0.49312267
4.27303362 0.65870887
4.63446951 0.22330618
3.90425372 0.28837624
4.27303362 0.21543904
3.79782367 0.22637777
1.82216489 0.19629814
4.01732111 0.29265550
3.79782367 0.53012389
1.82216489 0.42521143
4.01732111 0.73013622
3.79782367 0.29778072
1.82216489 0.25423044
4.01732111 0.24303424
4.44700336 0.25371024
3.62167573 0.21966632
3.38391089 0.26566464
4.01946592 0.29275885
4.44700336 0.71128035
3.62167573 0.52436423
3.38391089 0.51892442
4.01946592 0.72748876
4.44700336 0.25274938
3.62167573 0.30774781
3.38391089 0.30427909
4.01946592 0.26181239
3.40423155 0.21143810
1.82182789 0.19628502
2.81245852 0.23584861
3.40423155 0.45324168
1.82182789 0.42067638
2.81245852 0.49394253
3.40423155 0.31057844
1.82182789 0.25282452
2.81245852 0.30442050
3.56982183 0.22002964
3.69909167 0.22164959
3.97305012 0.29052341
3.56982183 0.51219207
3.69909167 0.52363276
3.97305012 0.71937996
3.56982183 0.31304678
3.69909167 0.30438617
3.97305012 0.27307996
4.43037987 0.25128880
3.47868681 0.21332236
3.24981666 0.25932917
4.48482513 0.25517771
1.86658382 0.19502859
4.43037987 0.70140892
3.47868681 0.51690537
3.24981666 0.54093474
4.48482513 0.69410282
1.86658382 0.44164991
4.43037987 0.23978700
3.47868681 0.30864170
3.24981666 0.29615751
4.48482513 0.25956205
1.86658382 0.25564638
3.76815295 0.22609156
2.86563826 0.24142911
4.34978104 0.24815871
3.76815295 0.51251382
2.86563826 0.49999264
4.34978104 0.68437737
3.76815295 0.29938170
2.86563826 0.29612225
4.34978104 0.23884194
3.57168913 0.22010045
3.70170641 0.22174877
3.97990322 0.29085329
3.57168913 0.51271397
3.70170641 0.52424026
3.97990322 0.72183412
3.57168913 0.31300953
3.70170641 0.30427191
3.97990322 0.27238479
4.21015263 0.24311125
4.19691706 0.24170709
1.83823025 0.19692464
4.17070627 0.24122234
4.02874947 0.29320630
4.21015263 0.61870629
4.19691706 0.61211658
1.83823025 0.41995195
4.17070627 0.62726617
4.02874947 0.69057226
4.21015263 0.25768760
4.19691706 0.28121156
1.83823025 0.24814278
4.17070627 0.24884097
4.02874947 0.25690791
4.42814779 0.25120202
3.47952151 0.21335377
3.24697113 0.25919515
4.48851919 0.25532106
1.86847210 0.19510294
4.42814779 0.70072126
3.47952151 0.51710516
3.24697113 0.54062492
4.48851919 0.69526631
1.86847210 0.44194242
4.42814779 0.24016820
3.47952151 0.30867454
3.24697113 0.29621649
4.48851919 0.25926027
1.86847210 0.25613672
3.63077354 0.22049184
4.36725998 0.24722095
4.48456001 0.25376377
1.84191394 0.19706880
4.47762156 0.25257197
3.11177468 0.24965899
3.63077354 0.54294056
4.36725998 0.72110218
4.48456001 0.72790700
1.84191394 0.44722292
4.47762156 0.71759152
3.11177468 0.55183941
3.63077354 0.29397976
4.36725998 0.23982048
4.48456001 0.23624943
1.84191394 0.24763437
4.47762156 0.25654396
3.11177468 0.30380875
3.76041079 0.22544010
3.93327475 0.22905429
3.70597839 0.22371410
3.81988072 0.28649771
3.76041079 0.54557663
3.93327475 0.53373539
3.70597839 0.52599913
3.81988072 0.73326033
3.76041079 0.28328648
3.93327475 0.28486684
3.70597839 0.29312062
3.81988072 0.23839568
4.21618748 0.24298155
4.14940596 0.23883821
1.87185228 0.19824643
4.21388388 0.24236207
1.87354279 0.19530290
4.21618748 0.67269784
4.14940596 0.67495823
1.87185228 0.44395891
4.21388388 0.67158943
1.87354279 0.45120582
4.21618748 0.23764355
4.14940596 0.24469788
1.87185228 0.26291063
4.21388388 0.27145404
1.87354279 0.25734499
1.86337888 0.19791202
3.60335040 0.21897034
1.89564037 0.19617774
1.86337888 0.45128575
3.60335040 0.55273813
1.89564037 0.45274225
1.86337888 0.26504409
3.60335040 0.30749974
1.89564037 0.25805658
4.34751225 0.24807067
4.38519955 0.24791290
4.47996759 0.25010979
4.34751225 0.58478355
4.38519955 0.64366519
4.47996759 0.60691518
4.34751225 0.22007729
4.38519955 0.23969720
4.47996759 0.22219174
3.71436524 0.22368018
3.65744972 0.22007142
3.66973948 0.27928719
3.63714361 0.27443221
3.71436524 0.53116798
3.65744972 0.54865217
3.66973948 0.68584871
3.63714361 0.71424681
3.71436524 0.28930071
3.65744972 0.30268168
3.66973948 0.26438826
3.63714361 0.27847165
3.63127685 0.22051100
4.36651373 0.24719219
4.48608732 0.25382325
1.84021389 0.19700225
4.47604084 0.25251064
3.10918260 0.24953829
3.63127685 0.54315853
4.36651373 0.72088623
4.48608732 0.72842640
1.84021389 0.44718346
4.47604084 0.71710116
3.10918260 0.55135173
3.63127685 0.29397574
4.36651373 0.23992406
4.48608732 0.23606856
1.84021389 0.24730706
4.47604084 0.25666979
3.10918260 0.30387324
4.34488153 0.24975312
3.92094350 0.23009168
3.85593104 0.28823397
1.86097765 0.19480801
4.34488153 0.67144012
3.92094350 0.62519097
3.85593104 0.66579580
1.86097765 0.42328224
4.34488153 0.27470073
3.92094350 0.28331962
3.85593104 0.24870251
1.86097765 0.24150319
4.42947197 0.25125352
3.48027158 0.21338201
3.24857998 0.25927091
4.48837852 0.25531563
1.86956918 0.19514619
4.42947197 0.70110422
3.48027158 0.51723331
3.24857998 0.54099852
4.48837852 0.69518572
1.86956918 0.44201705
4.42947197 0.24009436
3.48027158 0.30867854
3.24857998 0.29618415
4.48837852 0.25933555
1.86956918 0.25638756
4.59198141 0.25934064
4.46827221 0.25312993
3.93993449 0.29228663
4.41262436 0.31178996
4.59198141 0.62598777
4.46827221 0.61449653
3.93993449 0.65349060
4.41262436 0.61407346
4.59198141 0.23012815
4.46827221 0.22493429
3.93993449 0.22684483
4.41262436 0.18635333
3.88178015 0.23191793
4.25103521 0.24274403
3.03792405 0.24622703
3.88178015 0.59319812
4.25103521 0.74688452
3.03792405 0.51363999
3.88178015 0.30840641
4.25103521 0.25887194
3.03792405 0.29886937
3.81770897 0.27434644
3.61953735 0.27685323
3.03487301 0.25188589
4.53642845 0.31925228
3.81770897 0.59872699
3.61953735 0.70892859
3.03487301 0.51801324
4.53642845 0.78679615
3.81770897 0.29261342
3.61953735 0.25792250
3.03487301 0.29046047
4.53642845 0.17287017
3.61980677 0.22531527
1.87277448 0.19818670
1.89472759 0.20174146
3.61980677 0.52208775
1.87277448 0.42829323
1.89472759 0.42575768
3.61980677 0.29470739
1.87277448 0.24219729
1.89472759 0.24096961
4.47994184 0.25857428
1.89573526 0.19909842
4.20075560 0.30762658
3.67577744 0.22025275
3.77857375 0.28274617
4.47994184 0.67980051
1.89573526 0.40027139
4.20075560 0.72156590
3.67577744 0.49732020
3.77857375 0.62288642
4.47994184 0.25166968
1.89573526 0.25098619
4.20075560 0.22822379
3.67577744 0.29161787
3.77857375 0.28052399
4.54606438 0.30898955
3.63873386 0.27777234
3.93049717 0.29451180
3.78730893 0.28316298
4.61772108 0.25763986
4.54606438 0.74813479
3.63873386 0.59182888
3.93049717 0.64883018
3.78730893 0.49364588
4.61772108 0.67423648
4.54606438 0.16004585
3.63873386 0.25583273
3.93049717 0.25558767
3.78730893 0.27150536
4.61772108 0.21921761
1.83918023 0.19587509
3.72599411 0.22333662
4.37681055 0.30089200
1.83918023 0.41830400
3.72599411 0.52689582
4.37681055 0.74783111
1.83918023 0.25087443
3.72599411 0.29947498
4.37681055 0.19399899
3.82570362 0.28945148
3.01707625 0.24694775
4.40780687 0.30237308
3.82570362 0.69524974
3.01707625 0.48405644
4.40780687 0.76188248
3.82570362 0.22439407
3.01707625 0.29248795
4.40780687 0.18962049
3.88994431 0.29255179
1.83317590 0.19564234
4.16673899 0.24020536
3.88994431 0.62928039
1.83317590 0.39373836
4.16673899 0.59418559
3.88994431 0.20850623
1.83317590 0.21557699
4.16673899 0.25533339
4.24448109 0.30704358
4.00109863 0.23384303
1.75601590 0.18344791
3.80527592 0.28402063
4.24448109 0.72029167
4.00109863 0.55223441
1.75601590 0.44882274
3.80527592 0.56428879
4.24448109 0.23400825
4.00109863 0.29202893
1.75601590 0.26635134
3.80527592 0.28955346
4.36000156 0.31267497
3.45364141 0.21302509
3.72669888 0.27006146
1.77740943 0.19350326
4.36000156 0.66568065
3.45364141 0.42486957
3.72669888 0.53680915
1.77740943 0.40745425
4.36000156 0.18563001
3.45364141 0.30506670
3.72669888 0.29012042
1.77740943 0.23866294
1.74025977 0.18285972
4.52501011 0.25276223
1.74025977 0.45597181
4.52501011 0.72401136
1.74025977 0.25580409
4.52501011 0.23777163
3.66408491 0.22700806
3.13384962 0.25383508
1.84423923 0.19974828
4.07734251 0.29706049
4.09586763 0.28750980
3.66408491 0.52263510
3.13384962 0.52100301
1.84423923 0.43836018
4.07734251 0.72199869
4.09586763 0.70903158
3.66408491 0.30455449
3.13384962 0.29579294
1.84423923 0.23987718
4.07734251 0.21822238
4.09586763 0.25799903
1.77423704 0.18413246
4.28593111 0.24356215
4.45142984 0.31986225
4.62030554 0.32332787
4.51185131 0.25353399
1.77423704 0.42492238
4.28593111 0.59757262
4.45142984 0.66707820
4.62030554 0.75934881
4.51185131 0.68328255
1.77423704 0.25907478
4.28593111 0.27527547
4.45142984 0.16818547
4.62030554 0.20658374
4.51185131 0.24540861
4.31181288 0.25202033
3.61440277 0.27660751
3.87642789 0.29189900
1.82705128 0.18614168
4.31181288 0.70350510
3.61440277 0.64530820
3.87642789 0.72620487
1.82705128 0.44998607
4.31181288 0.26060149
3.61440277 0.27808380
3.87642789 0.25025687
1.82705128 0.28116092
4.61746883 0.31241286
3.77973223 0.22424155
3.76339602 0.22357433
4.12759018 0.30406761
2.67828059 0.23150271
4.21411467 0.30556557
4.61746883 0.79689986
3.77973223 0.56258410
3.76339602 0.55009824
4.12759018 0.72921497
2.67828059 0.52175242
4.21411467 0.73791528
4.61746883 0.16326414
3.77973223 0.30091086
3.76339602 0.30127993
4.12759018 0.20234996
2.67828059 0.29560167
4.21411467 0.22607033
3.38685441 0.21645500
1.88715732 0.19875707
1.88429224 0.20132695
4.10284090 0.28784096
3.38685441 0.45379758
1.88715732 0.42339310
1.88429224 0.42838979
4.10284090 0.71387738
3.38685441 0.30722696
1.88715732 0.24057348
1.88429224 0.24227379
4.10284090 0.22837824
4.31277466 0.25205776
3.61075425 0.27643290
3.87692213 0.29192284
1.82835352 0.18619168
4.31277466 0.70396346
3.61075425 0.64474541
3.87692213 0.72656965
1.82835352 0.45044768
4.31277466 0.26060861
3.61075425 0.27835229
3.87692213 0.25029764
1.82835352 0.28152820
4.39575338 0.25528982
1.86613798 0.19792433
4.16996145 0.30612794
4.43858051 0.25069681
4.57273626 0.31026781
3.81610274 0.22557670
3.55633426 0.27218190
4.39575338 0.65801704
1.86613798 0.39517805
4.16996145 0.70525461
4.43858051 0.65322554
4.57273626 0.76113063
3.81610274 0.54718488
3.55633426 0.54779500
4.39575338 0.25232580
1.86613798 0.24167548
4.16996145 0.22527678
4.43858051 0.22261558
4.57273626 0.16022365
3.81610274 0.26832569
3.55633426 0.28732336
4.32489300 0.24504793
1.83143342 0.19557488
3.67849612 0.22153129
3.59555745 0.27570596
4.44557810 0.30417907
4.32489300 0.76628250
1.83143342 0.45210195
3.67849612 0.54938966
3.59555745 0.58042622
4.44557810 0.79132932
4.32489300 0.24163216
1.83143342 0.26214293
3.67849612 0.29283568
3.59555745 0.27774686
4.44557810 0.17577523
4.17363930 0.24665077
4.05416393 0.23468620
3.99978471 0.29516247
1.83986557 0.19957714
3.18117213 0.25455528
4.17363930 0.61138850
4.05416393 0.61786455
3.99978471 0.66245347
1.83986557 0.40841269
3.18117213 0.52495772
4.17363930 0.23496108
4.05416393 0.24886544
3.99978471 0.20688456
1.83986557 0.21703617
3.18117213 0.27227575
4.35316277 0.24614508
3.22264385 0.26068389
1.80546165 0.19457406
4.31110620 0.24576990
4.35316277 0.71039325
3.22264385 0.53165042
1.80546165 0.43604967
4.31110620 0.66615546
4.35316277 0.25558025
3.22264385 0.27501798
1.80546165 0.24099346
4.31110620 0.25682580
3.66114807 0.22689570
3.13327885 0.25380835
1.84138095 0.19963641
4.07527542 0.29696107
4.09623623 0.28752729
3.66114807 0.52184916
3.13327885 0.52043492
1.84138095 0.43797326
4.07527542 0.72096044
4.09623623 0.70854515
3.66114807 0.30463064
3.13327885 0.29587701
1.84138095 0.23914464
4.07527542 0.21873808
4.09623623 0.25829157
4.11855316 0.23714745
4.10955000 0.23677813
4.15521860 0.30541083
1.84160745 0.19596930
4.06088972 0.23613673
4.24329472 0.30698583
4.11855316 0.63310337
4.10955000 0.62982440
4.15521860 0.69442242
1.84160745 0.43507516
4.06088972 0.60988921
4.24329472 0.68829966
4.11855316 0.27575672
4.10955000 0.27864522
4.15521860 0.20688550
1.84160745 0.25179842
4.06088972 0.27009282
4.24329472 0.22691198
3.70080352 0.26884440
3.52173185 0.21450074
4.47887611 0.25098330
3.10011506 0.25493225
3.76301312 0.28200397
3.70080352 0.49931237
3.52173185 0.42974889
4.47887611 0.65378577
3.10011506 0.45759210
3.76301312 0.67188853
3.70080352 0.28409392
3.52173185 0.30959532
4.47887611 0.22135462
3.10011506 0.26079127
3.76301312 0.20474453
3.38531828 0.21639685
1.88564086 0.19869684
1.88564837 0.20138073
4.09929991 0.28767276
3.38531828 0.45343646
1.88564086 0.42320386
1.88564837 0.42822754
4.09929991 0.71243328
3.38531828 0.30719939
1.88564086 0.24026757
1.88564837 0.24253392
4.09929991 0.22926240
3.61589980 0.22516604
1.87317848 0.19820267
1.88724375 0.20144404
3.61589980 0.52111578
1.87317848 0.42835805
1.88724375 0.42570722
3.61589980 0.29477927
1.87317848 0.24231313
1.88724375 0.23920059
1.76654434 0.18384290
4.02858257 0.23370941
4.47592163 0.32106093
1.76654434 0.43262365
4.02858257 0.54695731
4.47592163 0.69040900
1.76654434 0.25906497
4.02858257 0.29777619
4.47592163 0.17794549
4.53033590 0.30823603
4.42070913 0.25626290
3.72478938 0.22216026
3.99652100 0.29500446
1.86816978 0.20068912
3.82815695 0.28511348
4.53033590 0.71339869
4.42070913 0.71438569
3.72478938 0.52973503
3.99652100 0.73676318
1.86816978 0.41977179
3.82815695 0.72715443
4.53033590 0.13813323
4.42070913 0.21512526
3.72478938 0.29044357
3.99652100 0.20374139
1.86816978 0.22169621
3.82815695 0.21890515
3.61999154 0.22532235
1.87111139 0.19812089
1.89598405 0.20179145
3.61999154 0.52214646
1.87111139 0.42842534
1.89598405 0.42597151
3.61999154 0.29471305
1.87111139 0.24183555
1.89598405 0.24137156
4.43772411 0.30380341
4.43400717 0.24925204
4.10050297 0.30004454
4.24822092 0.30529585
4.43772411 0.72998381
4.43400717 0.58252680
4.10050297 0.58222121
4.24822092 0.59530711
4.43772411 0.16086595
4.43400717 0.20820494
4.10050297 0.19951023
4.24822092 0.19312869
3.20660377 0.25725031
3.97384501 0.29660931
4.18117380 0.30206075
3.20660377 0.52301484
3.97384501 0.72691566
4.18117380 0.62069064
3.20660377 0.28645039
3.97384501 0.24037765
4.18117380 0.24290513
3.52601480 0.26065698
3.88776016 0.22830398
4.14940882 0.30241939
3.52601480 0.57302314
3.88776016 0.51975507
4.14940882 0.64264822
3.52601480 0.31497702
3.88776016 0.28714061
4.14940882 0.20703731
4.47647142 0.25843880
1.89220655 0.19895791
4.19767475 0.30747661
3.67395806 0.22018386
3.77964091 0.28279707
4.47647142 0.67885774
1.89220655 0.40008831
4.19767475 0.72052449
3.67395806 0.49700537
3.77964091 0.62294012
4.47647142 0.25193474
1.89220655 0.25013849
4.19767475 0.22861923
3.67395806 0.29154816
3.77964091 0.28038707
4.44486809 0.30973127
1.82252347 0.19071180
4.44886971 0.25241470
3.89383817 0.28580621
3.25294185 0.25345182
3.13068843 0.25066489
4.36928511 0.30800053
3.70910192 0.27854779
4.44486809 0.77257496
1.82252347 0.44529173
4.44886971 0.78210086
3.89383817 0.76528269
3.25294185 0.58565861
3.13068843 0.54321665
4.36928511 0.81661803
3.70910192 0.56768042
4.44486809 0.22063100
1.82252347 0.24741060
4.44886971 0.23706622
3.89383817 0.24193436
3.25294185 0.30306691
3.13068843 0.29339442
4.36928511 0.21264076
3.70910192 0.26205501
4.50413322 0.25586635
3.99735570 0.28892973
4.52742004 0.31372681
1.84785497 0.19297595
3.73135734 0.27961597
3.36424422 0.26051408
3.91931105 0.28949550
4.50413322 0.73402113
3.99735570 0.68735021
4.52742004 0.79720420
1.84785497 0.43652284
3.73135734 0.65967792
3.36424422 0.56679350
3.91931105 0.74011129
4.50413322 0.20940758
3.99735570 0.26203296
4.52742004 0.17593379
1.84785497 0.27872527
3.73135734 0.25761452
3.36424422 0.29327306
3.91931105 0.23506971
3.99657297 0.29128650
4.17813110 0.29876399
3.22508907 0.25553361
4.06201696 0.29257151
4.47653389 0.25348774
1.89458597 0.19498508
3.26923060 0.25716165
1.85352278 0.19565272
3.99657297 0.73727709
4.17813110 0.78621501
3.22508907 0.57538480
4.06201696 0.77133900
4.47653389 0.76174694
1.89458597 0.46222618
3.26923060 0.57608289
1.85352278 0.46441212
3.99657297 0.20320737
4.17813110 0.21711273
3.22508907 0.27275774
4.06201696 0.20681681
4.47653389 0.19365557
1.89458597 0.25073183
3.26923060 0.28461072
1.85352278 0.25194946
4.47889090 0.31670830
3.43062663 0.26478446
3.78942704 0.22820951
4.41294336 0.31151983
3.35477066 0.25824627
4.04380608 0.29041216
1.82639420 0.19214164
4.47889090 0.72423625
3.43062663 0.55486727
3.78942704 0.53313583
4.41294336 0.71943855
3.35477066 0.54256672
4.04380608 0.75037366
1.82639420 0.43872020
4.47889090 0.19328626
3.43062663 0.28077516
3.78942704 0.28693396
4.41294336 0.17817958
3.35477066 0.30229008
4.04380608 0.22756527
1.82639420 0.26116511
3.37983418 0.26365718
3.95913935 0.28895432
3.74097252 0.27709985
1.81151283 0.19289060
4.44954157 0.25373894
4.41914463 0.31182250
4.46550989 0.31162336
4.01799965 0.28917497
3.47400165 0.26512930
3.37983418 0.52438241
3.95913935 0.70600063
3.74097252 0.64071441
1.81151283 0.41895577
4.44954157 0.65419155
4.41914463 0.70622784
4.46550989 0.72688907
4.01799965 0.70021421
3.47400165 0.55350155
3.37983418 0.29370075
3.95913935 0.23764856
3.74097252 0.24947000
1.81151283 0.24052113
4.44954157 0.19310059
4.41914463 0.15490864
4.46550989 0.17436469
4.01799965 0.20109183
3.47400165 0.27707848
1.87230802 0.19639383
3.96216726 0.28910041
4.14522266 0.29906568
1.94665217 0.19856131
3.34545088 0.25726834
1.89242566 0.19529681
4.12142658 0.29492137
1.87230802 0.45964471
3.96216726 0.73828816
4.14522266 0.74616957
1.94665217 0.45946825
3.34545088 0.60658354
1.89242566 0.46066633
4.12142658 0.76014227
1.87230802 0.26497665
3.96216726 0.24088021
4.14522266 0.23421814
1.94665217 0.26509666
3.34545088 0.30099416
1.89242566 0.26631555
4.12142658 0.24013053
3.47917604 0.26837751
4.55925846 0.31921217
4.06060791 0.29549989
3.86518645 0.28186592
3.83433557 0.22993290
1.84245205 0.19332141
3.96226454 0.28774998
1.85756922 0.19177912
3.53601170 0.26806107
3.47917604 0.58863837
4.55925846 0.81003875
4.06060791 0.77865285
3.86518645 0.73376173
3.83433557 0.58600616
1.84245205 0.44926432
3.96226454 0.73027205
1.85756922 0.45038024
3.53601170 0.61120683
3.47917604 0.29032874
4.55925846 0.17624317
4.06060791 0.22297992
3.86518645 0.27512574
3.83433557 0.27835777
1.84245205 0.25645176
3.96226454 0.25839666
1.85756922 0.26052859
3.53601170 0.29642716
4.02238894 0.29253542
4.13549042 0.29913142
3.12565327 0.24792092
4.19012499 0.24240594
1.90107882 0.19524373
1.93188763 0.19764352
1.89075363 0.19712572
4.02238894 0.68984669
4.13549042 0.72357321
3.12565327 0.54946554
4.19012499 0.66473252
1.90107882 0.44198063
1.93188763 0.43463048
1.89075363 0.43828201
4.02238894 0.21601208
4.13549042 0.18571551
3.12565327 0.30357489
4.19012499 0.23534846
1.90107882 0.25640491
1.93188763 0.26093921
1.89075363 0.25968394
3.53112125 0.21834470
3.77436304 0.28057230
3.59682250 0.27020100
1.83291006 0.19081275
1.86575902 0.19367635
4.61723709 0.32263109
3.53112125 0.51375347
3.77436304 0.64376962
3.59682250 0.57142615
1.83291006 0.43448523
1.86575902 0.43700978
4.61723709 0.77157742
3.53112125 0.30471721
3.77436304 0.28134277
3.59682250 0.29712179
1.83291006 0.27038690
1.86575902 0.27581427
4.61723709 0.17797959
3.90497446 0.28880310
2.89116526 0.23996742
1.86427319 0.19194353
1.82794356 0.19275367
4.55578184 0.31659403
4.55311537 0.31780878
3.42637658 0.26163068
3.90497446 0.72478843
2.89116526 0.53814363
1.86427319 0.45935604
1.82794356 0.45278561
4.55578184 0.80707049
4.55311537 0.79327536
3.42637658 0.58637309
3.90497446 0.25340489
2.89116526 0.29927379
1.86427319 0.26694688
1.82794356 0.25856695
4.55578184 0.17020196
4.55311537 0.17537695
3.42637658 0.29690722
3.47868848 0.26835430
4.54916716 0.31871927
4.07051945 0.29598019
3.88042665 0.28259352
3.82646537 0.22963071
1.85132861 0.19367008
3.96487904 0.28787616
1.85308468 0.19160283
3.52115417 0.26735798
3.47868848 0.58797288
4.54916716 0.80577689
4.07051945 0.78171700
3.88042665 0.73858380
3.82646537 0.58333784
1.85132861 0.44912830
3.96487904 0.73133868
1.85308468 0.45023251
3.52115417 0.60757488
3.47868848 0.28997520
4.54916716 0.17756134
4.07051945 0.22130565
3.88042665 0.27331546
3.82646537 0.27860522
1.85132861 0.25794286
3.96487904 0.25798050
1.85308468 0.25941050
3.52115417 0.29682109
4.51720858 0.31715885
3.75805902 0.27791974
4.61864090 0.31909141
3.09623075 0.24565941
3.73414040 0.27864030
4.32572031 0.30589229
1.81627500 0.19338638
3.86013150 0.28663900
4.51720858 0.69474190
3.75805902 0.52854270
4.61864090 0.76683646
3.09623075 0.51101327
3.73414040 0.67469150
4.32572031 0.73727798
1.81627500 0.41477060
3.86013150 0.69415659
4.51720858 0.15865849
3.75805902 0.26169363
4.61864090 0.18728083
3.09623075 0.30675760
3.73414040 0.25133592
4.32572031 0.23391843
1.81627500 0.23212068
3.86013150 0.24810874
1.88151360 0.19303383
3.63557816 0.22116244
1.88130128 0.19445740
4.23784304 0.30055901
1.92583501 0.19740050
3.14531016 0.25259757
1.88151360 0.45139027
3.63557816 0.54951912
1.88130128 0.45387915
4.23784304 0.75317794
1.92583501 0.44994465
3.14531016 0.55640405
1.88151360 0.27776772
3.63557816 0.30122682
1.88130128 0.27680349
4.23784304 0.24866961
1.92583501 0.27769372
3.14531016 0.30849281
4.51362991 0.31305897
4.41747141 0.25249016
3.48538446 0.26674947
1.87753916 0.19287606
3.79467463 0.22722316
3.51200914 0.26752272
1.86661971 0.19213568
4.08330202 0.29606774
3.90367126 0.28557229
4.51362991 0.80417210
4.41747141 0.74221486
3.48538446 0.57895058
1.87753916 0.43942937
3.79467463 0.57029396
3.51200914 0.58661556
1.86661971 0.43941173
4.08330202 0.77614880
3.90367126 0.70897776
4.51362991 0.17820878
4.41747141 0.22641705
3.48538446 0.28865713
1.87753916 0.26261011
3.79467463 0.28676331
3.51200914 0.29692304
1.86661971 0.26120082
4.08330202 0.23852025
3.90367126 0.28512418
4.42165136 0.25265288
3.71356487 0.27529880
1.83401239 0.19243713
3.44150114 0.26576829
3.64987636 0.27409783
3.92061996 0.28955877
4.42165136 0.67602104
3.71356487 0.56779957
1.83401239 0.42589983
3.44150114 0.54482222
3.64987636 0.60858613
3.92061996 0.69688869
4.42165136 0.24572998
3.71356487 0.28835768
1.83401239 0.27695322
3.44150114 0.29196239
3.64987636 0.27101043
3.92061996 0.25201499
4.62628031 0.32004210
4.60937262 0.31863886
4.10297537 0.29325166
3.76550269 0.28014651
3.41898108 0.26253399
1.84119248 0.19435948
3.83355093 0.28290486
2.85749483 0.23922135
4.62628031 0.78228116
4.60937262 0.79430455
4.10297537 0.77892423
3.76550269 0.71085089
3.41898108 0.57924551
1.84119248 0.44445845
3.83355093 0.73195487
2.85749483 0.54509455
4.62628031 0.17425291
4.60937262 0.18192893
4.10297537 0.24479355
3.76550269 0.24903364
3.41898108 0.30465585
1.84119248 0.25144121
3.83355093 0.25622407
2.85749483 0.30623636
3.52345896 0.21805345
3.77367926 0.28053948
3.60824108 0.27074626
1.83536959 0.19090879
1.85376835 0.19320685
4.62144279 0.32283711
3.52345896 0.51185036
3.77367926 0.64295411
3.60824108 0.57334483
1.83536959 0.43402502
1.85376835 0.43659163
4.62144279 0.77335769
3.52345896 0.30478653
3.77367926 0.28143141
3.60824108 0.29682276
1.83536959 0.27078700
1.85376835 0.27341262
4.62144279 0.17735384
4.52022362 0.31337830
4.40740395 0.25209829
3.48103380 0.26654243
1.88829839 0.19330359
3.80524158 0.22762676
3.53009629 0.26838344
1.85574961 0.19170755
4.09708405 0.29673463
3.88685322 0.28476697
4.52022362 0.80754066
4.40740395 0.73894596
3.48103380 0.57875639
1.88829839 0.43978968
3.80524158 0.57343894
3.53009629 0.59063441
1.85574961 0.43974364
4.09708405 0.78011131
3.88685322 0.70440578
4.52022362 0.17761171
4.40740395 0.22795285
3.48103380 0.28935564
1.88829839 0.26500931
3.80524158 0.28653726
3.53009629 0.29643670
1.85574961 0.25938547
4.09708405 0.23712213
3.88685322 0.28644118
3.99769354 0.29134071
4.17812634 0.29876378
3.22597051 0.25557509
4.06278276 0.29260859
4.47801876 0.25354537
1.89584649 0.19503526
3.27056050 0.25722423
1.85541964 0.19572735
3.99769354 0.73791552
4.17812634 0.78651577
3.22597051 0.57586938
4.06278276 0.77181029
4.47801876 0.76231462
1.89584649 0.46252024
3.27056050 0.57664913
1.85541964 0.46471038
3.99769354 0.20286644
4.17812634 0.21700136
3.22597051 0.27266207
4.06278276 0.20651101
4.47801876 0.19336838
1.89584649 0.25111568
3.27056050 0.28452751
1.85541964 0.25242171
4.12612963 0.29436392
3.06416297 0.24689333
4.14123297 0.29698545
1.90671337 0.19695492
3.16640139 0.25120211
4.19737768 0.30159411
1.85855687 0.19585089
4.12612963 0.75031406
3.06416297 0.53701383
4.14123297 0.73397535
1.90671337 0.44091800
3.16640139 0.55263829
4.19737768 0.72151142
1.85855687 0.44780311
4.12612963 0.22722392
3.06416297 0.30010846
4.14123297 0.24576761
1.90671337 0.25155425
3.16640139 0.30419406
4.19737768 0.22652209
1.85855687 0.26103494
1.87385333 0.19645500
3.96156454 0.28907135
4.14896822 0.29924718
1.94230747 0.19838572
3.34459949 0.25722846
1.89686871 0.19547389
4.12773800 0.29522660
1.87385333 0.45984951
3.96156454 0.73842669
4.14896822 0.74738598
1.94230747 0.45950273
3.34459949 0.60662502
1.89686871 0.46092120
4.12773800 0.76223391
1.87385333 0.26528695
3.96156454 0.24088229
4.14896822 0.23369761
1.94230747 0.26432988
3.34459949 0.30103382
1.89686871 0.26717564
4.12773800 0.23913960
3.27740955 0.25881162
1.94230020 0.19838540
1.91064787 0.19377194
1.87003446 0.19440798
4.09859991 0.29381767
3.27740955 0.56110281
1.94230020 0.43595815
1.91064787 0.44347468
1.87003446 0.44261670
4.09859991 0.71872878
3.27740955 0.30712453
1.94230020 0.26019639
1.91064787 0.27499688
1.87003446 0.26442480
4.09859991 0.24484424
3.92288208 0.28966805
4.00603819 0.29121861
3.24505258 0.25352192
1.81245542 0.19292711
4.55311346 0.31949094
3.48225188 0.26369756
3.94693685 0.28764576
3.92288208 0.70381474
4.00603819 0.74823183
3.24505258 0.53483212
1.81245542 0.43903148
4.55311346 0.72746015
3.48225188 0.57332605
3.94693685 0.74129480
3.92288208 0.27039886
4.00603819 0.25786224
3.24505258 0.28706667
1.81245542 0.24425100
4.55311346 0.16242614
3.48225188 0.28753725
3.94693685 0.25259089
4.01483297 0.29216981
4.12655067 0.29869756
3.13564277 0.24838817
4.19637489 0.24264710
1.90431476 0.19537282
1.93930984 0.19794206
1.88453746 0.19687861
4.01483297 0.68799001
4.12655067 0.72138518
3.13564277 0.55158472
4.19637489 0.66649169
1.90431476 0.44232583
1.93930984 0.43499282
1.88453746 0.43852010
4.01483297 0.21708097
4.12655067 0.18708581
3.13564277 0.30328804
4.19637489 0.23466246
1.90431476 0.25702727
1.93930984 0.26227018
1.88453746 0.25846010
1.88369477 0.19312049
3.63937807 0.22130682
1.88501215 0.19460458
4.24069977 0.30069754
1.92429376 0.19733866
3.14535093 0.25259948
1.88369477 0.45166540
3.63937807 0.55058646
1.88501215 0.45422569
4.24069977 0.75425810
1.92429376 0.45015717
3.14535093 0.55668211
1.88369477 0.27813053
3.63937807 0.30115369
1.88501215 0.27744511
4.24069977 0.24821730
1.92429376 0.27742398
3.14535093 0.30847695
3.47384834 0.26730624
3.46276331 0.26630861
4.44927311 0.31139264
1.81282985 0.18994553
3.88068891 0.28447187
4.07308865 0.29499051
3.47384834 0.49542877
3.46276331 0.51310831
4.44927311 0.66017455
1.81282985 0.41923150
3.88068891 0.66036910
4.07308865 0.68292117
3.47384834 0.27703056
3.46276331 0.27952194
4.44927311 0.18625444
1.81282985 0.25351015
3.88068891 0.26463637
4.07308865 0.24265681
4.48076534 0.31146798
1.85071003 0.19181597
4.15656567 0.24111171
2.93023634 0.24021560
4.22991085 0.30017444
1.86109698 0.19482715
3.88047147 0.28762028
4.59283304 0.32143560
4.48076534 0.72243756
1.85071003 0.42949310
4.15656567 0.66502309
2.93023634 0.53167456
4.22991085 0.75083154
1.86109698 0.42645094
3.88047147 0.68998986
4.59283304 0.70957828
4.48076534 0.18898696
1.85071003 0.23769177
4.15656567 0.24930777
2.93023634 0.30569777
4.22991085 0.22353943
1.86109698 0.23226847
3.88047147 0.24819922
4.59283304 0.14036651
3.86377931 0.28681496
1.87542927 0.19570927
4.59120464 0.32077309
4.57876301 0.31771758
1.84805119 0.19130994
2.77953100 0.23374259
3.86377931 0.72638208
1.87542927 0.44096711
4.59120464 0.77405041
4.57876301 0.76633161
1.84805119 0.45328414
2.77953100 0.53423375
3.86377931 0.24612409
1.87542927 0.23379813
4.59120464 0.14904520
4.57876301 0.14908330
1.84805119 0.25616327
2.77953100 0.30447865
3.89716506 0.28759685
1.78043079 0.18870474
4.28480434 0.30391392
3.15257454 0.25102654
4.44673777 0.31126893
4.50802755 0.25470999
3.62468028 0.27289379
4.25454283 0.30136886
3.89716506 0.67110276
1.78043079 0.42564884
4.28480434 0.71218967
3.15257454 0.50563407
4.44673777 0.72341079
4.50802755 0.67303628
3.62468028 0.52927107
4.25454283 0.70067221
3.89716506 0.23884134
1.78043079 0.26418245
4.28480434 0.23538339
3.15257454 0.29815540
4.44673777 0.19524759
4.50802755 0.21736729
3.62468028 0.28311369
4.25454283 0.22133605
3.60780430 0.26962855
4.28776979 0.30405727
4.49346495 0.31545261
3.09727407 0.24659486
3.72342157 0.22450499
1.78645849 0.19075345
4.29002523 0.30309060
3.88321209 0.28641167
3.79997396 0.28374028
3.60780430 0.59431082
4.28776979 0.78559637
4.49346495 0.79287702
3.09727407 0.55569661
3.72342157 0.56840390
1.78645849 0.44185162
4.29002523 0.77283674
3.88321209 0.74501365
3.79997396 0.73776293
3.60780430 0.29180402
4.28776979 0.20330019
4.49346495 0.12394045
3.09727407 0.29925507
3.72342157 0.28664675
1.78645849 0.25056604
4.29002523 0.18362069
3.88321209 0.24350609
3.79997396 0.24397810
4.13828135 0.24165238
3.92687082 0.28553417
3.91248107 0.28782097
3.47728586 0.26346356
1.80402207 0.19127817
4.46943569 0.31372288
4.13828135 0.61742878
3.92687082 0.66384310
3.91248107 0.67425722
3.47728586 0.56390291
1.80402207 0.43141699
4.46943569 0.72735995
4.13828135 0.25828370
3.92687082 0.27564418
3.91248107 0.24465609
3.47728586 0.28673151
1.80402207 0.26360941
4.46943569 0.20061272
3.95599961 0.29043785
3.96071053 0.29014567
1.80547023 0.18966247
3.40211678 0.26173970
4.07596302 0.29512978
4.38737106 0.30972186
3.95599961 0.65593761
3.96071053 0.68638080
1.80547023 0.43796229
3.40211678 0.56094253
4.07596302 0.71399230
4.38737106 0.71391416
3.95599961 0.25936696
3.96071053 0.24958485
1.80547023 0.26983151
3.40211678 0.30096421
4.07596302 0.25164130
4.38737106 0.22164024
4.12256432 0.23808791
3.29668880 0.25749543
4.07185555 0.23667276
4.12256432 0.50016284
3.29668880 0.47826806
4.07185555 0.52793294
4.12256432 0.24560787
3.29668880 0.27846402
4.07185555 0.26670760
4.42922449 0.31548360
4.18796873 0.30367795
3.68147850 0.22034539
3.91697598 0.23010258
4.28294802 0.24553017
4.42911577 0.31203875
4.42922449 0.76188952
4.18796873 0.65833575
3.68147850 0.56987542
3.91697598 0.53540659
4.28294802 0.72189552
4.42911577 0.71544772
4.42922449 0.18713175
4.18796873 0.20271558
3.68147850 0.30174452
3.91697598 0.26781470
4.28294802 0.24846202
4.42911577 0.17814732
3.50082207 0.27055833
4.10211754 0.23826814
4.16807413 0.23896576
4.38202524 0.24810088
3.99327612 0.23431914
4.50239992 0.31562114
3.50082207 0.49513140
4.10211754 0.62332177
4.16807413 0.65022689
4.38202524 0.59014004
3.99327612 0.61199546
4.50239992 0.66599590
3.50082207 0.27233264
4.10211754 0.25293419
4.16807413 0.25369665
4.38202524 0.21420397
3.99327612 0.25425205
4.50239992 0.16752720
1.87193787 0.19751064
4.25787163 0.24426706
3.02523327 0.24837996
4.13947010 0.29792973
4.06981039 0.29795018
1.87193787 0.41700876
4.25787163 0.60910428
3.02523327 0.49448875
4.13947010 0.66000456
4.06981039 0.66297466
1.87193787 0.25517398
4.25787163 0.24987294
3.02523327 0.30564010
4.13947010 0.23941761
4.06981039 0.26039094
1.87925303 0.19780041
3.17997408 0.25559568
4.58887434 0.25614795
1.93319845 0.19654666
1.87066042 0.19755386
1.87925303 0.44613859
3.17997408 0.54028279
4.58887434 0.76289934
1.93319845 0.45039442
1.87066042 0.45399532
1.87925303 0.26226857
3.17997408 0.29875258
4.58887434 0.19839196
1.93319845 0.27171329
1.87066042 0.26918960
3.58169770 0.27441931
1.74404275 0.19298963
4.36048174 0.24638869
3.10562062 0.25193033
3.58169770 0.64307892
1.74404275 0.42564046
4.36048174 0.70805913
3.10562062 0.52465624
3.58169770 0.27753559
1.74404275 0.24402906
4.36048174 0.21514815
3.10562062 0.31460536
4.31232500 0.30979303
3.06534481 0.25004950
3.75243163 0.22488396
4.02649641 0.23492654
4.26058149 0.24466197
4.31232500 0.67628694
3.06534481 0.50063223
3.75243163 0.51867199
4.02649641 0.51174694
4.26058149 0.66663820
4.31232500 0.20387423
3.06534481 0.30074653
3.75243163 0.30141535
4.02649641 0.28907520
4.26058149 0.19832443
3.97631717 0.29340801
3.51405549 0.27136603
1.78739595 0.19430791
4.28732109 0.24540359
4.54018068 0.25480267
3.99736118 0.23447669
3.74861670 0.27904239
3.97631717 0.66611415
3.51405549 0.51138610
1.78739595 0.42056286
4.28732109 0.66480750
4.54018068 0.64716274
3.99736118 0.61603123
3.74861670 0.63885117
3.97631717 0.22674870
3.51405549 0.28242296
1.78739595 0.24423046
4.28732109 0.21961792
4.54018068 0.20691694
3.99736118 0.21458472
3.74861670 0.24584879
1.90286636 0.19874017
1.91251802 0.19953589
3.22252011 0.25399759
1.89837432 0.19865350
1.90286636 0.42536792
1.91251802 0.41433111
3.22252011 0.53057414
1.89837432 0.42139569
1.90286636 0.26859781
1.91251802 0.25644997
3.22252011 0.30205157
1.89837432 0.27339637
4.10764599 0.29986274
4.14045238 0.30137739
3.54162073 0.21504317
3.57684255 0.21835200
4.14199352 0.29805228
4.10764599 0.67432088
4.14045238 0.70889157
3.54162073 0.51101327
3.57684255 0.51484877
4.14199352 0.68740964
4.10764599 0.26084590
4.14045238 0.24044470
3.54162073 0.31267598
3.57684255 0.29373774
4.14199352 0.22352265
4.01392460 0.23304136
3.25384855 0.25884667
1.84819794 0.19699354
4.17328978 0.30297244
4.01392460 0.62418973
3.25384855 0.53009725
1.84819794 0.42147258
4.17328978 0.70030588
4.01392460 0.25651866
3.25384855 0.30660698
1.84819794 0.26527956
4.17328978 0.24266548
3.91770172 0.29057348
3.98237491 0.23269339
1.84421146 0.19299977
2.94356441 0.24439056
4.45320845 0.25215173
3.91770172 0.70028192
3.98237491 0.52376699
1.84421146 0.43506661
2.94356441 0.54270333
4.45320845 0.72726566
3.91770172 0.26645091
3.98237491 0.25574768
1.84421146 0.24374543
2.94356441 0.30412766
4.45320845 0.21540548
4.07714081 0.29830557
4.12150002 0.30044714
3.41569185 0.21213229
4.61839485 0.25784612
3.92628884 0.23173766
4.07714081 0.66388655
4.12150002 0.66815251
3.41569185 0.44368270
4.61839485 0.63050866
3.92628884 0.59091324
4.07714081 0.24796130
4.12150002 0.22552718
3.41569185 0.31496802
4.61839485 0.23860121
3.92628884 0.25665042
1.87458503 0.19761543
4.25588369 0.24419035
3.02663326 0.24844497
4.14257336 0.29808044
4.07287455 0.29809871
1.87458503 0.41696966
4.25588369 0.60848510
3.02663326 0.49465218
4.14257336 0.66090691
4.07287455 0.66376388
1.87458503 0.25564805
4.25588369 0.25007322
3.02663326 0.30562493
4.14257336 0.23890544
4.07287455 0.26002139
3.26093721 0.25922224
4.16488361 0.24068308
4.16652632 0.23890619
3.25206637 0.20606084
4.14518309 0.29820716
3.26093721 0.53065735
4.16488361 0.64184612
4.16652632 0.65553981
3.25206637 0.45199886
4.14518309 0.70981306
3.26093721 0.29904196
4.16488361 0.26074395
4.16652632 0.27835053
3.25206637 0.30223131
4.14518309 0.21011966
3.99924302 0.29451784
4.09305286 0.29915646
1.80945492 0.19515896
4.43041992 0.25093564
3.61601591 0.21984507
3.14788127 0.25049067
3.99924302 0.68898201
4.09305286 0.67463440
1.80945492 0.44042549
4.43041992 0.71793455
3.61601591 0.54634160
3.14788127 0.54147041
3.99924302 0.24400012
4.09305286 0.23724680
1.80945492 0.25159609
4.43041992 0.21291518
3.61601591 0.27557376
3.14788127 0.28440753
4.10787773 0.29987398
4.14169073 0.30143753
3.54115343 0.21502550
3.57681894 0.21835108
4.14471865 0.29818463
4.10787773 0.67441726
4.14169073 0.70935768
3.54115343 0.51084191
3.57681894 0.51480490
4.14471865 0.68833995
4.10787773 0.26080510
4.14169073 0.24032009
3.54115343 0.31267634
3.57681894 0.29374993
4.14471865 0.22316401
4.11183929 0.30006573
3.15462184 0.25417927
4.36587381 0.24749084
1.88672459 0.19468276
1.84401560 0.19650541
4.17842484 0.24147642
4.11183929 0.67396212
3.15462184 0.51812989
4.36587381 0.64449459
1.88672459 0.43032816
1.84401560 0.43350437
4.17842484 0.64060664
4.11183929 0.24388736
3.15462184 0.30879113
4.36587381 0.25073507
1.88672459 0.24764393
1.84401560 0.24468957
4.17842484 0.23323546
4.12776184 0.30076128
4.12723684 0.30072579
3.57960725 0.21832019
4.36370611 0.24651332
3.50095987 0.21546574
4.12776184 0.71011996
4.12723684 0.68296361
3.57960725 0.52322608
4.36370611 0.71363950
3.50095987 0.52325439
4.12776184 0.23394930
4.12723684 0.22052211
3.57960725 0.30423501
4.36370611 0.23844494
3.50095987 0.29067525
1.87228870 0.19752455
4.25582218 0.24418801
3.02518249 0.24837762
4.14058971 0.29798409
4.07080030 0.29799816
1.87228870 0.41683552
4.25582218 0.60846549
3.02518249 0.49429080
4.14058971 0.66013026
4.07080030 0.66305172
1.87228870 0.25517339
4.25582218 0.25000319
3.02518249 0.30562326
4.14058971 0.23924172
4.07080030 0.26028365
4.01689768 0.23315541
3.24964476 0.25864846
1.84392011 0.19682623
4.16665983 0.30265030
4.01689768 0.62560159
3.24964476 0.52985960
1.84392011 0.42178348
4.16665983 0.69896048
4.01689768 0.25600082
3.24964476 0.30668533
1.84392011 0.26432136
4.16665983 0.24335219
1.88117266 0.19787657
1.86948669 0.19782950
4.10588646 0.29629949
3.20979309 0.25681457
1.88117266 0.44983912
1.86948669 0.44752041
4.10588646 0.74000978
3.20979309 0.55032045
1.88117266 0.27426019
1.86948669 0.26489356
4.10588646 0.23838593
3.20979309 0.30559656
4.42135763 0.31510025
4.17387438 0.30299246
4.46943092 0.25060430
3.61217332 0.21842337
4.51842737 0.25340942
3.24416327 0.25501704
4.50163984 0.25330445
4.42135763 0.67878890
4.17387438 0.58279938
4.46943092 0.67096823
3.61217332 0.39342618
4.51842737 0.60377634
3.24416327 0.43446532
4.50163984 0.59282303
4.42135763 0.14423856
4.17387438 0.13657095
4.46943092 0.15383042
3.61217332 0.24327083
4.51842737 0.12509416
3.24416327 0.21495433
4.50163984 0.13368416
1.87517309 0.19763874
3.18368745 0.25576961
4.58199310 0.25588030
1.92626977 0.19626725
1.87433898 0.19769929
1.87517309 0.44558606
3.18368745 0.54041994
4.58199310 0.76055646
1.92626977 0.44974688
1.87433898 0.45359334
1.87517309 0.26129183
3.18368745 0.29872134
4.58199310 0.19949818
1.92626977 0.27043808
1.87433898 0.26983854
1.89528549 0.19843775
1.91658616 0.19969833
3.21580243 0.25368145
1.89906156 0.19868088
1.89528549 0.42528924
1.91658616 0.41436920
3.21580243 0.52938575
1.89906156 0.42142534
1.89528549 0.26743060
1.91658616 0.25728217
3.21580243 0.30226102
1.89906156 0.27350417
1.87613475 0.19767682
3.17962408 0.25557932
4.58526134 0.25600740
1.93002331 0.19641854
1.87009561 0.19753154
1.87613475 0.44569090
3.17962408 0.53977197
4.58526134 0.76164407
1.93002331 0.44989285
1.87009561 0.45357358
1.87613475 0.26161167
3.17962408 0.29886016
4.58526134 0.19900267
1.93002331 0.27113596
1.87009561 0.26908854
3.50589895 0.27097830
3.85851717 0.22785442
4.14188004 0.29804680
3.86365747 0.22867435
4.28645706 0.30847827
3.50589895 0.54192984
3.85851717 0.51830113
4.14188004 0.65777451
3.86365747 0.51059061
4.28645706 0.73983020
3.50589895 0.29172817
3.85851717 0.27897581
4.14188004 0.19745773
3.86365747 0.28470466
4.28645706 0.23860578
4.27413940 0.30793706
4.27106810 0.30772880
4.33517838 0.24627967
4.53964615 0.25423393
4.51683283 0.25428349
4.15334749 0.29860374
3.64543724 0.22034144
4.27413940 0.62728411
4.27106810 0.64722568
4.33517838 0.54990005
4.53964615 0.56338710
4.51683283 0.62633771
4.15334749 0.56921744
3.64543724 0.38481155
4.27413940 0.16015516
4.27106810 0.15890421
4.33517838 0.14629240
4.53964615 0.12465078
4.51683283 0.17630249
4.15334749 0.12338116
3.64543724 0.26899680
3.83896637 0.28677315
4.59647942 0.25737366
3.60027504 0.27547178
4.47693014 0.31437555
3.83896637 0.72849780
4.59647942 0.78057712
3.60027504 0.69653064
4.47693014 0.74493504
3.83896637 0.27506891
4.59647942 0.21652840
3.60027504 0.26431563
4.47693014 0.17321126
4.02577400 0.23349600
4.05851364 0.29748592
3.53100753 0.26862147
4.14439440 0.30156884
4.07123327 0.23732889
4.02577400 0.64870119
4.05851364 0.70693064
3.53100753 0.53435916
4.14439440 0.73382336
4.07123327 0.64158177
4.02577400 0.28333524
4.05851364 0.24740998
3.53100753 0.26711321
4.14439440 0.21633713
4.07123327 0.23676296
3.90792179 0.29010096
3.98579884 0.23282492
1.84096003 0.19287194
2.92936277 0.24373357
4.44701576 0.25191054
3.90792179 0.69832438
3.98579884 0.52541572
1.84096003 0.43552530
2.92936277 0.54068244
4.44701576 0.72562808
3.90792179 0.26766750
3.98579884 0.25598204
1.84096003 0.24357770
2.92936277 0.30444881
4.44701576 0.21669805
4.32651567 0.24507619
3.90553784 0.28998581
2.87504911 0.24144246
4.52894163 0.31691971
4.32651567 0.73426646
3.90553784 0.69188923
2.87504911 0.51986980
4.52894163 0.71557236
4.32651567 0.25032723
3.90553784 0.27808869
2.87504911 0.30695200
4.52894163 0.16464968
3.59970999 0.26924539
3.09353757 0.24778356
4.32294035 0.24712552
3.59970999 0.47691414
3.09353757 0.46903029
4.32294035 0.55327171
3.59970999 0.28991944
3.09353757 0.30241632
4.32294035 0.23315929
3.78624797 0.22897725
1.87230551 0.19433157
3.59383178 0.21912672
4.33177948 0.30812013
3.78624797 0.51092619
1.87230551 0.42532840
3.59383178 0.52829999
4.33177948 0.67497772
3.78624797 0.26824632
1.87230551 0.24564464
3.59383178 0.28006408
4.33177948 0.19747521
4.12104034 0.29411939
4.42124701 0.25357983
4.35971165 0.30808523
4.29205418 0.24685515
1.86875153 0.19521649
4.19949341 0.23984928
4.12104034 0.73296016
4.42124701 0.62451863
4.35971165 0.69428605
4.29205418 0.66829282
1.86875153 0.41748723
4.19949341 0.67220372
4.12104034 0.20617051
4.42124701 0.15337616
4.35971165 0.16329570
4.29205418 0.20643203
1.86875153 0.23907638
4.19949341 0.22523440
3.42328238 0.26092172
3.42328238 0.58151412
3.42328238 0.31875584
1.80618358 0.18968987
4.04872131 0.23744978
3.85597515 0.28511539
1.80618358 0.43203834
4.04872131 0.58594674
3.85597515 0.62291914
1.80618358 0.27320632
4.04872131 0.28999558
3.85597515 0.26544413
4.49856997 0.31232980
4.15910244 0.29838201
3.66706276 0.27606243
4.49856997 0.70083094
4.15910244 0.72428435
3.66706276 0.63768256
4.49856997 0.22938193
4.15910244 0.24921863
3.66706276 0.28503555
4.55545759 0.31508517
3.63901615 0.27472305
4.55545759 0.65976006
3.63901615 0.54729944
4.55545759 0.23531349
3.63901615 0.28818265
3.15644073 0.24845053
4.54866219 0.25855669
3.61983562 0.27253631
4.45830441 0.25330871
4.28933764 0.30605799
3.15644073 0.48839056
4.54866219 0.59471011
3.61983562 0.47797927
4.45830441 0.58869225
4.28933764 0.62709343
3.15644073 0.30218720
4.54866219 0.18152390
3.61983562 0.29736409
4.45830441 0.21996605
4.28933764 0.19642335
4.47668362 0.31127045
3.77910423 0.22870274
1.79263353 0.19123518
4.33906984 0.24775048
4.25393105 0.30433902
4.47668362 0.74514598
3.77910423 0.49149361
1.79263353 0.40981010
4.33906984 0.66661501
4.25393105 0.65935373
4.47668362 0.19279476
3.77910423 0.27489176
1.79263353 0.26596987
4.33906984 0.21706085
4.25393105 0.20221223
1.81387186 0.18998569
4.56593132 0.31809950
3.83324504 0.22916768
3.49086070 0.26766998
1.81387186 0.43476161
4.56593132 0.72819358
3.83324504 0.52340096
3.49086070 0.53627568
1.81387186 0.27357784
4.56593132 0.20257802
3.83324504 0.30332190
3.49086070 0.29773310
1.81594920 0.19006574
3.52536416 0.21742631
1.88463092 0.19584399
3.70440149 0.22096539
1.81594920 0.45257536
3.52536416 0.54448915
1.88463092 0.44571146
3.70440149 0.58046216
1.81594920 0.28281972
3.52536416 0.31476593
1.88463092 0.28293869
3.70440149 0.30959973
3.92057276 0.28822264
4.41708469 0.25170672
1.79739833 0.18935281
4.41317081 0.31067765
3.92057276 0.66998768
4.41708469 0.69690877
1.79739833 0.41883746
4.41317081 0.69934052
3.92057276 0.25285608
4.41708469 0.21752699
1.79739833 0.27377814
4.41317081 0.19049984
4.15172482 0.29559413
4.52331924 0.31602719
4.15172482 0.75634474
4.52331924 0.73799473
4.15172482 0.25292408
4.52331924 0.21148051
3.39752746 0.26201123
4.48404789 0.25080088
3.78416109 0.28166774
3.39752746 0.56465220
4.48404789 0.75041503
3.78416109 0.71113330
3.39752746 0.31004229
4.48404789 0.25028923
3.78416109 0.26449731
4.37237453 0.25167397
1.83645344 0.19292824
4.05437899 0.23675120
4.37237453 0.64354467
1.83645344 0.41461572
4.05437899 0.57070059
4.37237453 0.24206412
1.83645344 0.27567682
4.05437899 0.27841404
3.94140029 0.22997428
3.70718098 0.27798045
3.94140029 0.58421952
3.70718098 0.60498852
3.94140029 0.30753770
3.70718098 0.29699156
4.53906870 0.31429109
3.82427406 0.22551429
3.52265763 0.26918045
4.53906870 0.71953750
3.82427406 0.52223039
3.52265763 0.53216261
4.53906870 0.20663308
3.82427406 0.30231196
3.52265763 0.29449806
1.81209755 0.19300318
4.25552940 0.24544019
3.38950229 0.25933459
3.46053100 0.21176678
1.81209755 0.43496656
4.25552940 0.66238189
3.38950229 0.53776658
3.46053100 0.46842840
1.81209755 0.26560572
4.25552940 0.27420685
3.38950229 0.31431922
3.46053100 0.31304625
4.56658554 0.31955907
4.49293327 0.31205693
4.49304008 0.25114796
4.09354496 0.29522029
4.27870274 0.24541254
4.56658554 0.67548162
4.49293327 0.67935616
4.49304008 0.62589914
4.09354496 0.68773013
4.27870274 0.62392229
4.56658554 0.18649960
4.49293327 0.23251438
4.49304008 0.25387067
4.09354496 0.19997178
4.27870274 0.22531249
1.81835437 0.19015850
3.52370334 0.21736334
1.87960398 0.19564502
3.69918585 0.22076784
1.81835437 0.45218214
3.52370334 0.54413962
1.87960398 0.44535136
3.69918585 0.57881469
1.81835437 0.28318042
3.52370334 0.31474048
1.87960398 0.28210074
3.69918585 0.30969664
4.17690229 0.29680493
4.17690229 0.67512935
4.17690229 0.26746574
4.16210890 0.29852712
4.21700859 0.24052159
3.01512313 0.24532749
4.16210890 0.68834895
4.21700859 0.62453884
3.01512313 0.49663174
4.16210890 0.25251815
4.21700859 0.27946389
3.01512313 0.30843309
4.59771442 0.32107913
3.63939738 0.27112523
3.09739041 0.24796249
3.73784542 0.22461182
4.59771442 0.72309351
3.63939738 0.50340080
3.09739041 0.49204373
3.73784542 0.48915315
4.59771442 0.15272254
3.63939738 0.30211911
3.09739041 0.29331291
3.73784542 0.27650312
4.11716938 0.29635909
4.44055271 0.25168702
4.11716938 0.69972706
4.44055271 0.68238515
4.11716938 0.24497211
4.44055271 0.23249634
1.87050617 0.19528569
4.46674967 0.25363708
4.13526344 0.29480281
3.68912554 0.22038691
1.87050617 0.43611309
4.46674967 0.69635463
4.13526344 0.71916491
3.68912554 0.53545070
1.87050617 0.26448348
4.46674967 0.24847317
4.13526344 0.27627021
3.68912554 0.30765265
3.35605836 0.26128784
4.25927925 0.24558543
1.79667008 0.18932492
4.38714457 0.24706459
4.44912720 0.31242275
4.60655928 0.25814202
3.35605836 0.48835954
4.25927925 0.61610460
1.79667008 0.39274058
4.38714457 0.62136728
4.44912720 0.64452499
4.60655928 0.59317297
3.35605836 0.29185852
4.25927925 0.22558135
1.79667008 0.26372173
4.38714457 0.23175375
4.44912720 0.18348198
4.60655928 0.18628742
4.46967459 0.31093130
4.50663757 0.25691393
1.85070205 0.19348407
3.75147939 0.22513242
4.46967459 0.68245643
4.50663757 0.70578212
1.85070205 0.42420098
3.75147939 0.50432414
4.46967459 0.21591842
4.50663757 0.21304469
1.85070205 0.25489244
3.75147939 0.28552893
4.51044273 0.31290463
4.19806290 0.24489145
1.85587692 0.19368656
3.40689135 0.21204877
4.51044273 0.65792966
4.19806290 0.59757614
1.85587692 0.40977669
3.40689135 0.42900786
4.51044273 0.21685563
4.19806290 0.23126705
1.85587692 0.23261519
3.40689135 0.29413968
3.26728368 0.25361189
3.97425056 0.23622142
3.64428234 0.27369902
3.82331228 0.22878708
1.82130802 0.19336021
4.34507799 0.24544477
3.26728368 0.58071023
3.97425056 0.55808181
3.64428234 0.57798988
3.82331228 0.57740837
1.82130802 0.43930057
4.34507799 0.76411194
3.26728368 0.30135635
3.97425056 0.23161317
3.64428234 0.26830804
3.82331228 0.27587050
1.82130802 0.25384593
4.34507799 0.20142190
4.45776844 0.31035525
3.52086878 0.21882325
1.84547806 0.19327998
4.58145857 0.25810209
4.13083458 0.23969829
3.56086612 0.27099788
4.45776844 0.69416910
3.52086878 0.39157549
1.84547806 0.37182412
4.58145857 0.62513810
4.13083458 0.59805024
3.56086612 0.46693876
4.45776844 0.11566975
3.52086878 0.24547334
1.84547806 0.21060257
4.58145857 0.12713137
4.13083458 0.13791348
3.56086612 0.22503631
4.42883825 0.25387600
3.30734062 0.25776848
4.23489761 0.24371783
4.33195305 0.30812857
4.42883825 0.60072738
3.30734062 0.50844592
4.23489761 0.65704805
4.33195305 0.64786237
4.42883825 0.21392505
3.30734062 0.29425171
4.23489761 0.21409577
4.33195305 0.20565154
4.43794298 0.31187981
3.24755764 0.25617829
4.43794298 0.69415301
3.24755764 0.50263721
4.43794298 0.19770743
3.24755764 0.30459541
3.34930539 0.26142821
4.22099304 0.30506912
3.87947917 0.22462147
3.90638208 0.22886102
3.60092688 0.27225134
3.34930539 0.48397425
4.22099304 0.62953359
3.87947917 0.50597399
3.90638208 0.50142568
3.60092688 0.52857614
3.34930539 0.29440233
4.22099304 0.19402206
3.87947917 0.30266860
3.90638208 0.29067531
3.60092688 0.29538900
3.85206151 0.28543618
3.51276875 0.21870430
3.74692464 0.28221419
3.33929014 0.26042262
1.86426377 0.19471209
3.85206151 0.73358274
3.51276875 0.54749769
3.74692464 0.69858932
3.33929014 0.53679526
1.86426377 0.43298230
3.85206151 0.22275215
3.51276875 0.29421327
3.74692464 0.23753844
3.33929014 0.30086300
1.86426377 0.23211072
1.85902894 0.19514908
4.42030382 0.25349805
3.28004265 0.26004037
4.63285303 0.25695077
1.87874210 0.19577645
4.03495693 0.29299131
1.85902894 0.45728222
4.42030382 0.72191572
3.28004265 0.55893207
4.63285303 0.75532603
1.87874210 0.44934073
4.03495693 0.71379018
1.85902894 0.25986061
4.42030382 0.24572657
3.28004265 0.29653117
4.63285303 0.23176633
1.87874210 0.26215050
4.03495693 0.25777230
4.27157068 0.30752298
3.97148252 0.29119611
3.31628060 0.25934184
4.27157068 0.58502626
3.97148252 0.65606123
3.31628060 0.49375406
4.27157068 0.20334937
3.97148252 0.22674300
3.31628060 0.30635938
4.26752424 0.24758601
2.88545990 0.24167907
3.80977416 0.28219780
4.60029125 0.32089815
4.26752424 0.69366670
2.88545990 0.47568750
3.80977416 0.69605112
4.60029125 0.77648300
4.26752424 0.23076494
2.88545990 0.29211089
3.80977416 0.26033452
4.60029125 0.15892945
4.32363749 0.31005183
4.01623678 0.29335940
4.13408852 0.29831108
4.00562906 0.29158190
4.32363749 0.61968046
4.01623678 0.65505457
4.13408852 0.71348017
4.00562906 0.66875982
4.32363749 0.23397766
4.01623678 0.26632074
4.13408852 0.26482269
4.00562906 0.26134053
3.38272333 0.26488146
3.97873712 0.29029047
3.38272333 0.44848499
3.97873712 0.63481736
3.38272333 0.28465036
3.97873712 0.24597025
3.91203427 0.28832647
1.85793483 0.19714855
3.91203427 0.64709288
1.85793483 0.40909979
3.91203427 0.25882933
1.85793483 0.21696179
3.91143870 0.28829771
4.07974339 0.24034566
1.85608089 0.19707578
3.88290930 0.28569603
3.91143870 0.66969866
4.07974339 0.61992401
1.85608089 0.40855178
3.88290930 0.67688841
3.91143870 0.23921667
4.07974339 0.26612815
1.85608089 0.21119954
3.88290930 0.26225814
3.71138287 0.21822955
4.48928547 0.31494340
3.14790177 0.25146928
3.71138287 0.53457189
4.48928547 0.72112089
3.14790177 0.52066398
3.71138287 0.30926853
4.48928547 0.22393461
3.14790177 0.31189522
4.58965826 0.25191242
4.05219984 0.23928629
3.60561681 0.27546197
3.04418492 0.24613567
4.58419514 0.32011506
4.58965826 0.67463559
4.05219984 0.60746020
3.60561681 0.59987193
3.04418492 0.48098016
4.58419514 0.71363181
4.58965826 0.23401861
4.05219984 0.26946157
3.60561681 0.24988239
3.04418492 0.30978611
4.58419514 0.20454822
4.38696289 0.31136611
4.25185633 0.30656621
3.46664310 0.20898460
4.43758488 0.24936073
4.52655315 0.31675285
3.99435210 0.29158470
4.38696289 0.60780942
4.25185633 0.58510655
3.46664310 0.42534482
4.43758488 0.58661622
4.52655315 0.67678666
3.99435210 0.66414267
4.38696289 0.19637541
4.25185633 0.18389654
3.46664310 0.30165634
4.43758488 0.23278831
4.52655315 0.20711367
3.99435210 0.22780271
4.28581095 0.24018705
3.92258573 0.28883544
1.80809581 0.19302337
4.28581095 0.67085892
3.92258573 0.66192275
1.80809581 0.41752490
4.28581095 0.27006662
3.92258573 0.26474366
1.80809581 0.23880631
2.73858523 0.23302396
1.79207051 0.19240780
2.73858523 0.51711816
1.79207051 0.44799462
2.73858523 0.30631524
1.79207051 0.25570729
4.63255501 0.25357273
4.14859200 0.24299674
1.74755514 0.19022281
4.63255501 0.72234964
4.14859200 0.64799714
1.74755514 0.43461213
4.63255501 0.23244710
4.14859200 0.27257010
1.74755514 0.25397715
3.50874949 0.21855231
3.72574067 0.28119996
1.82422245 0.19315165
3.50874949 0.56072623
3.72574067 0.71602505
1.82422245 0.45888913
3.50874949 0.31125808
3.72574067 0.26271275
1.82422245 0.26900941
3.50798559 0.26895800
4.48596573 0.25123888
4.11379242 0.29733273
3.50500083 0.26770660
3.50798559 0.49780455
4.48596573 0.61824536
4.11379242 0.68897682
3.50500083 0.49976996
3.50798559 0.30167872
4.48596573 0.25276750
4.11379242 0.23728782
3.50500083 0.29299173
1.79504418 0.19265445
4.10360765 0.29938444
3.84751010 0.22660513
2.82967401 0.23679602
1.79504418 0.44591165
4.10360765 0.71959734
3.84751010 0.55591434
2.82967401 0.53681296
1.79504418 0.25624382
4.10360765 0.24092986
3.84751010 0.30306986
2.82967401 0.30610088
4.33270025 0.25010589
1.80769396 0.19251348
4.63472605 0.32347438
4.33270025 0.66191620
1.80769396 0.41921487
4.63472605 0.72284436
4.33270025 0.25872943
1.80769396 0.25268266
4.63472605 0.19574165
1.86654210 0.19544542
4.20504093 0.30429572
4.29518414 0.24384238
1.85823584 0.19497092
1.86654210 0.42376029
4.20504093 0.67695111
4.29518414 0.62470168
1.85823584 0.42412087
1.86654210 0.24608910
4.20504093 0.22635062
4.29518414 0.26500484
1.85823584 0.24665415
3.87879705 0.28672406
3.22382474 0.20784347
3.05893397 0.24969906
3.99578834 0.29165372
1.88830972 0.19565856
3.87879705 0.68777919
3.22382474 0.46187750
3.05893397 0.52581161
3.99578834 0.67184424
1.88830972 0.43267211
3.87879705 0.24459219
3.22382474 0.30599555
3.05893397 0.29483756
3.99578834 0.26516148
1.88830972 0.25234547
3.07617569 0.24859618
3.56599259 0.22071902
1.89888072 0.19876623
4.01853132 0.29274696
3.11720872 0.24952061
3.07617569 0.56359178
3.56599259 0.55518740
1.89888072 0.45691457
4.01853132 0.74048477
3.11720872 0.55929345
3.07617569 0.29235482
3.56599259 0.29340103
1.89888072 0.23495483
4.01853132 0.25637266
3.11720872 0.29412290
1.77368045 0.19183367
3.04832530 0.24920607
4.61932135 0.25306040
3.65994334 0.21944380
3.78354120 0.28148344
1.77368045 0.43661380
3.04832530 0.49489713
4.61932135 0.71199268
3.65994334 0.48191276
3.78354120 0.71168464
1.77368045 0.23335682
3.04832530 0.29552498
4.61932135 0.23968108
3.65994334 0.30757728
3.78354120 0.27855200
1.87914455 0.19594401
4.13251686 0.24237736
1.92247391 0.19970721
4.33300495 0.24530655
3.21997476 0.25483096
4.02502728 0.29251403
1.87914455 0.44236901
4.13251686 0.65381271
1.92247391 0.43574867
4.33300495 0.67470819
3.21997476 0.55112964
4.02502728 0.71278018
1.87914455 0.24617577
4.13251686 0.24879046
1.92247391 0.23580401
4.33300495 0.22665495
3.21997476 0.30294719
4.02502728 0.23221278
1.85768354 0.19509609
4.42741680 0.25377372
3.28681278 0.26035884
4.63178825 0.25690931
1.87398601 0.19558917
4.04326391 0.29339069
1.85768354 0.45723596
4.42741680 0.72396445
3.28681278 0.56003666
4.63178825 0.75470048
1.87398601 0.44934988
4.04326391 0.71633595
1.85768354 0.25968486
4.42741680 0.24508171
3.28681278 0.29650685
4.63178825 0.23217255
1.87398601 0.26135862
4.04326391 0.25696051
4.41155863 0.31256571
3.44344354 0.26775452
3.73196363 0.21901043
3.98693681 0.29122841
4.41155863 0.64744294
3.44344354 0.50129539
3.73196363 0.50994056
3.98693681 0.67623973
4.41155863 0.21338516
3.44344354 0.27032432
3.73196363 0.30789962
3.98693681 0.26181862
3.38430738 0.26308486
1.87818503 0.19794609
4.46565723 0.24711959
4.45546627 0.25005469
3.38430738 0.48557702
1.87818503 0.39796802
4.46565723 0.60936016
4.45546627 0.59075636
3.38430738 0.29487690
1.87818503 0.21807350
4.46565723 0.27163967
4.45546627 0.25682297
1.85538816 0.19500573
1.87991226 0.19801433
3.88063097 0.22787385
3.87227893 0.28572816
1.85538816 0.43518052
1.87991226 0.43023345
3.88063097 0.54008925
3.87227893 0.72013992
1.85538816 0.24381928
1.87991226 0.22899558
3.88063097 0.27747974
3.87227893 0.27024689
4.10456848 0.29943094
4.16286707 0.23546213
3.33046937 0.26000816
4.26147366 0.30390993
4.10456848 0.63390058
4.16286707 0.61346847
3.33046937 0.46970609
4.26147366 0.59625673
4.10456848 0.19276287
4.16286707 0.27390975
3.33046937 0.30345890
4.26147366 0.24653567
4.45646954 0.24676485
3.90978932 0.28821817
1.82827485 0.19380331
4.32165098 0.30681968
4.45646954 0.74487287
3.90978932 0.69808561
1.82827485 0.42172018
4.32165098 0.66001958
4.45646954 0.23794222
3.90978932 0.25892112
1.82827485 0.23735543
4.32165098 0.22277230
4.10180426 0.29929724
4.28006077 0.30536082
3.26142430 0.25624523
4.10180426 0.67181116
4.28006077 0.62505025
3.26142430 0.48731640
4.10180426 0.20686372
4.28006077 0.26452231
3.26142430 0.30934530
4.22137737 0.24580391
4.42313290 0.31229115
1.82794857 0.19329602
4.22137737 0.61258501
4.42313290 0.62239677
1.82794857 0.39699921
4.22137737 0.25422120
4.42313290 0.22848618
1.82794857 0.23208642
4.22423553 0.30152792
3.99041700 0.28785351
4.32023191 0.30426112
4.35393524 0.30699474
4.22423553 0.62457204
3.99041700 0.70484024
4.32023191 0.64419442
4.35393524 0.68160182
4.22423553 0.24897170
3.99041700 0.24861883
4.32023191 0.22642148
4.35393524 0.23277134
3.31517768 0.25585070
4.19040823 0.29798824
4.21865892 0.30125839
3.87799549 0.23073889
3.90608191 0.23054737
3.31517768 0.51480371
4.19040823 0.74307585
4.21865892 0.74597651
3.87799549 0.51954967
3.90608191 0.52248001
3.31517768 0.30984795
4.19040823 0.21666074
4.21865892 0.22961968
3.87799549 0.28112242
3.90608191 0.29108718
1.75461912 0.18772654
3.17994523 0.24994171
4.59601641 0.25850353
3.55620956 0.21722484
1.75461912 0.43237010
3.17994523 0.53988975
4.59601641 0.65509063
3.55620956 0.45656523
1.75461912 0.24951725
3.17994523 0.31329510
4.59601641 0.22413118
3.55620956 0.30851242
4.36187601 0.30572045
3.21283412 0.25334147
3.43424416 0.21384250
4.44153404 0.25117493
4.21574783 0.24465317
3.89111471 0.28477743
4.36187601 0.62033588
3.21283412 0.48742107
3.43424416 0.39689448
4.44153404 0.57606035
4.21574783 0.61777449
3.89111471 0.64847720
4.36187601 0.16883270
3.21283412 0.27393448
3.43424416 0.28244433
4.44153404 0.18863684
4.21574783 0.15667392
3.89111471 0.16780692
3.71410847 0.22321911
4.01092958 0.28934580
1.81539488 0.19004439
3.71410847 0.50382960
4.01092958 0.71598333
1.81539488 0.42602739
3.71410847 0.29694101
4.01092958 0.24891162
1.81539488 0.25261036
4.61154127 0.25910816
4.32911062 0.30469075
3.66588044 0.27406225
4.17909575 0.29934719
4.61154127 0.69487685
4.32911062 0.74483484
3.66588044 0.68402904
4.17909575 0.70778865
4.61154127 0.20260674
4.32911062 0.19227882
3.66588044 0.28648758
4.17909575 0.21375167
4.05680275 0.29155123
1.88183546 0.19437869
4.05680275 0.66843098
1.88183546 0.42620459
4.05680275 0.25540572
1.88183546 0.27684227
4.59541512 0.25714430
3.91401482 0.28658769
1.84455788 0.19139677
3.58965826 0.26876968
4.00791788 0.29036134
4.59541512 0.65850502
3.91401482 0.59396619
1.84455788 0.41884938
3.58965826 0.54876739
4.00791788 0.73122948
4.59541512 0.23457663
3.91401482 0.27293438
1.84455788 0.26048774
3.58965826 0.30337808
4.00791788 0.26874885
3.80814719 0.22680371
3.98569512 0.29002967
1.85568750 0.19183211
1.84062850 0.19102110
3.80814719 0.56435961
3.98569512 0.70009404
1.85568750 0.45273355
1.84062850 0.45278740
3.80814719 0.30316466
3.98569512 0.29346448
1.85568750 0.27081230
1.84062850 0.27589414
4.36570454 0.24823941
4.33449697 0.30686343
3.13854933 0.24801381
3.67656326 0.27456874
1.79300869 0.18918478
4.36570454 0.71099013
4.33449697 0.73289275
3.13854933 0.53282005
3.67656326 0.55873734
1.79300869 0.43774226
4.36570454 0.23772079
4.33449697 0.22790097
3.13854933 0.30749103
3.67656326 0.29656631
1.79300869 0.27401224
4.27556038 0.30401000
4.49231625 0.31260082
4.42204285 0.25266814
1.78125155 0.19048570
3.65842319 0.27202731
4.27556038 0.67200994
4.49231625 0.71957439
4.42204285 0.60743958
1.78125155 0.40783298
3.65842319 0.51883644
4.27556038 0.21493159
4.49231625 0.15270211
4.42204285 0.20706700
1.78125155 0.24048360
3.65842319 0.29010472
4.26679420 0.30358586
2.97891259 0.24062116
3.20245624 0.25228700
4.26679420 0.64429969
2.97891259 0.48913386
3.20245624 0.53706580
4.26679420 0.23958206
2.97891259 0.31115058
3.20245624 0.31268838
4.41038275 0.30971971
3.43422437 0.26143631
3.86103225 0.28404784
4.41038275 0.70455331
3.43422437 0.53327656
3.86103225 0.64319283
4.41038275 0.22515334
3.43422437 0.30455336
3.86103225 0.29052320
3.33232236 0.25834605
4.59130192 0.31682268
3.78525829 0.28042212
3.33232236 0.49939266
4.59130192 0.68381637
3.78525829 0.59688950
3.33232236 0.31412941
4.59130192 0.19829001
3.78525829 0.27850142
4.00162411 0.23420922
4.00512934 0.28906712
4.50714827 0.31439766
1.79316401 0.18919073
4.00162411 0.54730600
4.00512934 0.65815449
4.50714827 0.68311095
1.79316401 0.40845385
4.00162411 0.27650487
4.00512934 0.26079342
4.50714827 0.21295850
1.79316401 0.25115064
1.85335886 0.19326369
4.53177309 0.31393769
1.85335886 0.43737245
4.53177309 0.73244375
1.85335886 0.28122798
4.53177309 0.20524688
1.80733228 0.19180028
3.45547223 0.26287189
3.99600697 0.23527120
3.45891261 0.21560319
3.55526042 0.26882809
4.47667027 0.31126979
1.80733228 0.41826749
3.45547223 0.52023673
3.99600697 0.59874982
3.45891261 0.43970776
3.55526042 0.53831905
4.47667027 0.70012969
1.80733228 0.25520447
3.45547223 0.30160215
3.99600697 0.26023862
3.45891261 0.30229506
3.55526042 0.28933135
4.47667027 0.22038360
3.50616241 0.26714328
4.51064348 0.31349054
4.40347242 0.25101799
3.85590410 0.23076141
1.80680656 0.19146246
4.37723923 0.30646244
3.50616241 0.56583375
4.51064348 0.76238060
4.40347242 0.73093462
3.85590410 0.54349762
1.80680656 0.43224955
4.37723923 0.72166866
3.50616241 0.29447398
4.51064348 0.19490944
4.40347242 0.22759299
3.85590410 0.28501835
1.80680656 0.25848898
4.37723923 0.22798532
1.90988910 0.19581914
1.86229312 0.19209118
3.88008356 0.23169084
4.56917429 0.31740037
3.40721941 0.26016673
1.90988910 0.42789459
1.86229312 0.42988658
3.88008356 0.54080814
4.56917429 0.76200420
3.40721941 0.55567330
1.90988910 0.26560196
1.86229312 0.26111150
3.88008356 0.28844866
4.56917429 0.20542167
3.40721941 0.31042755
4.05267334 0.23616944
3.56366444 0.26986858
1.83963418 0.19120467
4.62524462 0.32011750
1.84900510 0.19134711
4.05267334 0.62559050
3.56366444 0.57287961
1.83963418 0.43987679
4.62524462 0.78387135
1.84900510 0.44084454
4.05267334 0.28744793
3.56366444 0.29684991
1.83963418 0.25858369
4.62524462 0.21617402
1.84900510 0.27038452
3.64741373 0.27318707
3.46779370 0.26532814
3.64741373 0.62563151
3.46779370 0.56268400
3.64741373 0.30253676
3.46779370 0.29788467
4.44079685 0.25246701
4.31118584 0.24835700
1.79362416 0.19127317
3.89302278 0.28368905
4.44079685 0.62394100
4.31118584 0.62406838
1.79362416 0.40895271
3.89302278 0.59980744
4.44079685 0.23670457
4.31118584 0.24369825
1.79362416 0.25522682
3.89302278 0.26145634
3.21263981 0.25106382
4.44906092 0.25278801
4.31267071 0.24618892
4.29789543 0.30429244
3.21263981 0.47856617
4.44906092 0.58627427
4.31267071 0.57182729
4.29789543 0.63319331
3.21263981 0.29135844
4.44906092 0.20580314
4.31267071 0.23267609
4.29789543 0.21615769
1.80142045 0.19157265
3.90038753 0.28404185
3.73691416 0.22534029
3.58818007 0.22051631
3.94037604 0.28713033
1.80142045 0.43221483
3.90038753 0.65406531
3.73691416 0.53739923
3.58818007 0.50774938
3.94037604 0.68369609
1.80142045 0.26233286
3.90038753 0.28403866
3.73691416 0.29272485
3.58818007 0.30077443
3.94037604 0.25772050
4.05727911 0.29157415
1.87864459 0.19425327
4.05727911 0.66835636
1.87864459 0.42587742
4.05727911 0.25516912
1.87864459 0.27607596
4.38198614 0.30669174
3.96787000 0.28917313
3.68842196 0.22349004
4.63182497 0.25855899
4.41632080 0.25244537
3.12986660 0.24891733
4.38198614 0.69899327
3.96787000 0.72408456
3.68842196 0.51482922
4.63182497 0.67193276
4.41632080 0.71863461
3.12986660 0.51355439
4.38198614 0.22792287
3.96787000 0.23913644
3.68842196 0.29323167
4.63182497 0.23087192
4.41632080 0.21519952
3.12986660 0.30998275
3.50086546 0.26689252
4.51026917 0.31347236
4.39580011 0.25072023
3.85085773 0.23056753
1.80838370 0.19152303
4.38086510 0.30663761
3.50086546 0.56467229
4.51026917 0.76232535
4.39580011 0.72869402
3.85085773 0.54245502
1.80838370 0.43194690
4.38086510 0.72244519
3.50086546 0.29462728
4.51026917 0.19483490
4.39580011 0.22800620
3.85085773 0.28517255
1.80838370 0.25865045
4.38086510 0.22743289
4.04943848 0.29119703
1.86201680 0.19360167
4.04943848 0.75153118
1.86201680 0.44530261
4.04943848 0.26294652
1.86201680 0.25280541
3.97960663 0.28733587
3.33588004 0.25910926
4.37855387 0.30708453
3.97960663 0.62608618
3.33588004 0.45938540
4.37855387 0.59918356
3.97960663 0.25285974
3.33588004 0.30667302
4.37855387 0.22037812
4.45745802 0.25404730
1.83010244 0.19268131
3.40031242 0.26027066
4.45745802 0.68683022
1.83010244 0.41906965
3.40031242 0.50869709
4.45745802 0.24007976
1.83010244 0.25135067
3.40031242 0.29960898
3.55569553 0.26949057
1.87227452 0.19248371
3.94403529 0.28563359
4.01220512 0.29056659
3.55569553 0.53081894
1.87227452 0.42538914
3.94403529 0.67869121
4.01220512 0.75498170
3.55569553 0.28580061
1.87227452 0.26128283
3.94403529 0.28706360
4.01220512 0.27455309
4.08792210 0.23970447
3.74107122 0.27595249
1.89155495 0.19509141
1.82070291 0.19046891
4.08792210 0.60396928
3.74107122 0.63879895
1.89155495 0.42389008
1.82070291 0.42623124
4.08792210 0.28605673
3.74107122 0.29740912
1.89155495 0.25755763
1.82070291 0.25142977
4.16385508 0.30119035
3.82051969 0.28160882
1.81178951 0.19012408
4.33322477 0.24885221
3.64436030 0.27433863
4.16385508 0.66680151
3.82051969 0.71425551
1.81178951 0.43046880
4.33322477 0.72338533
3.64436030 0.53820539
4.16385508 0.22351642
3.82051969 0.28724131
1.81178951 0.23315275
4.33322477 0.23949194
3.64436030 0.27909896
4.39072371 0.30903310
4.01080179 0.29381087
4.45655298 0.25680092
4.47136736 0.31158414
2.92935991 0.24089338
1.83713913 0.19388755
3.72960472 0.22356474
4.39072371 0.73465109
4.01080179 0.76784086
4.45655298 0.71205443
4.47136736 0.72927946
2.92935991 0.55290246
1.83713913 0.43764615
3.72960472 0.53245533
4.39072371 0.21493439
4.01080179 0.22908245
4.45655298 0.22165960
4.47136736 0.17335705
2.92935991 0.30668521
1.83713913 0.24752314
3.72960472 0.28402176
1.84108996 0.19279933
1.86683047 0.19226946
4.53154135 0.31785855
4.44158649 0.25097200
3.36497331 0.21174866
1.84108996 0.41101599
1.86683047 0.40498781
4.53154135 0.66236842
4.44158649 0.60864639
3.36497331 0.42812505
1.84108996 0.24164057
1.86683047 0.23723207
4.53154135 0.16491152
4.44158649 0.21827076
3.36497331 0.28482878
3.66664076 0.27288091
3.81472683 0.28439945
4.21755934 0.24528605
4.46982813 0.31484708
4.24049568 0.30289981
3.66664076 0.51910919
3.81472683 0.68020862
4.21755934 0.67065376
4.46982813 0.71564746
4.24049568 0.62710530
3.66664076 0.28518352
3.81472683 0.27754360
4.21755934 0.26010221
4.46982813 0.18529296
4.24049568 0.22703840
3.80745435 0.28098509
1.76692426 0.18840444
4.53110218 0.31783715
4.44795418 0.25121906
4.17225170 0.24261673
4.23961496 0.30285731
3.80745435 0.67951459
1.76692426 0.41941848
4.53110218 0.74838543
4.44795418 0.67850798
4.17225170 0.64050883
4.23961496 0.63925523
3.80745435 0.28386459
1.76692426 0.23222263
4.53110218 0.19240759
4.44795418 0.23352748
4.17225170 0.26321480
4.23961496 0.23205751
4.15655756 0.29635546
4.37974501 0.30850181
3.83491564 0.28536609
4.09636354 0.24061961
3.71712112 0.27779868
4.15655756 0.64264899
4.37974501 0.73973346
3.83491564 0.70996636
4.09636354 0.66712385
3.71712112 0.52000117
4.15655756 0.22385259
4.37974501 0.20907480
3.83491564 0.26068980
4.09636354 0.26601318
3.71712112 0.26336884
4.24107409 0.30043429
4.29861212 0.30457905
1.80721366 0.19258706
3.72146583 0.27864510
4.24107409 0.69067550
4.29861212 0.74465466
1.80721366 0.42845699
3.72146583 0.71223354
4.24107409 0.22055070
4.29861212 0.23610862
1.80721366 0.25216579
3.72146583 0.25752589
4.49624872 0.25835121
4.31097174 0.30381313
3.06393337 0.24895974
3.99217892 0.23661888
3.82066369 0.28340384
4.49832630 0.25317439
4.49624872 0.59739470
4.31097174 0.64798278
3.06393337 0.46849838
3.99217892 0.59110618
3.82066369 0.50245523
4.49832630 0.63027543
4.49624872 0.19049035
4.31097174 0.18734296
3.06393337 0.30071935
3.99217892 0.24765106
3.82066369 0.27016214
4.49832630 0.20085591
3.68278933 0.22685315
4.40786505 0.30850470
3.64293551 0.27427095
4.57408667 0.32108903
1.77187705 0.19136591
3.69312859 0.22217453
3.68278933 0.52808404
4.40786505 0.76575905
3.64293551 0.69688177
4.57408667 0.78689569
1.77187705 0.43361959
3.69312859 0.54772192
3.68278933 0.29270792
4.40786505 0.19349842
3.64293551 0.27244022
4.57408667 0.18257202
1.77187705 0.25526965
3.69312859 0.30035189
4.30517244 0.30353263
3.71089673 0.22793011
3.09455848 0.24740236
3.78183126 0.28088269
3.73539138 0.28060648
3.15882802 0.25198069
4.30517244 0.74861985
3.71089673 0.53042012
3.09455848 0.53879142
3.78183126 0.71161860
3.73539138 0.55525863
3.15882802 0.53008032
4.30517244 0.18220954
3.71089673 0.27508825
3.09455848 0.29715475
3.78183126 0.21975154
3.73539138 0.27446041
3.15882802 0.28110787
4.51834393 0.25921461
4.46730995 0.31274244
1.78173256 0.19337009
4.27111387 0.30188581
4.05876875 0.23917478
4.60400486 0.32139876
4.51834393 0.59115523
4.46730995 0.69600034
1.78173256 0.37652227
4.27111387 0.63345724
4.05876875 0.58588463
4.60400486 0.67266351
4.51834393 0.16553436
4.46730995 0.15252127
1.78173256 0.21718188
4.27111387 0.14760259
4.05876875 0.21413128
4.60400486 0.12354898
4.01959705 0.29423419
4.24651432 0.24861765
1.88493860 0.19561446
1.83980155 0.19399160
4.14872789 0.23964298
4.01959705 0.69253176
4.24651432 0.63671011
1.88493860 0.43776202
1.83980155 0.44061157
4.14872789 0.63706094
4.01959705 0.21981037
4.24651432 0.23777114
1.88493860 0.25345328
1.83980155 0.24815536
4.14872789 0.26122060
3.37906432 0.21528508
4.13387012 0.29663417
2.84775329 0.23715983
4.57591581 0.32117808
1.81624305 0.19307397
4.15184259 0.23976308
3.37906432 0.42055681
4.13387012 0.69195056
2.84775329 0.48514414
4.57591581 0.70105338
1.81624305 0.40463614
4.15184259 0.61456269
3.37906432 0.29181188
4.13387012 0.17627127
2.84775329 0.27972779
4.57591581 0.15472800
1.81624305 0.22885914
4.15184259 0.23237203
1.82197607 0.19491677
3.43019867 0.21524794
4.61722708 0.32204521
1.82197607 0.42560378
3.43019867 0.50946665
4.61722708 0.72536713
1.82197607 0.26656833
3.43019867 0.30777153
4.61722708 0.17633863
3.84992337 0.28162578
4.31156921 0.24801214
4.35747910 0.25293672
1.81313300 0.19171713
3.48425436 0.26675591
4.05167484 0.29453817
3.84992337 0.68740273
4.31156921 0.72230101
4.35747910 0.72083014
1.81313300 0.45030904
3.48425436 0.58658129
4.05167484 0.76812452
3.84992337 0.27498734
4.31156921 0.24392885
4.35747910 0.21675374
1.81313300 0.27718487
3.48425436 0.29248342
4.05167484 0.23006678
4.55042076 0.31993693
1.85119009 0.19319272
1.86736631 0.19229054
3.51199889 0.21730880
4.55042076 0.74525410
1.85119009 0.44330978
1.86736631 0.43707737
3.51199889 0.52247590
4.55042076 0.18854029
1.85119009 0.27167153
1.86736631 0.26377115
3.51199889 0.30242953
3.85743189 0.28198501
4.31409693 0.24811018
4.36855936 0.25336850
1.81239605 0.19168876
3.48112035 0.26660791
4.06017113 0.29494897
3.85743189 0.68992192
4.31409693 0.72251099
4.36855936 0.72380847
1.81239605 0.45038071
3.48112035 0.58563644
4.06017113 0.77114469
3.85743189 0.27416977
4.31409693 0.24335788
4.36855936 0.21535802
1.81239605 0.27688074
3.48112035 0.29257664
4.06017113 0.22887830
3.62732840 0.22473110
4.13368368 0.29662523
1.85016155 0.19425060
1.83097291 0.19364686
4.37471104 0.24837913
3.62732840 0.51803571
4.13368368 0.72110486
1.85016155 0.44595900
1.83097291 0.44620726
4.37471104 0.69056779
3.62732840 0.29887214
4.13368368 0.25710306
1.85016155 0.25473800
1.83097291 0.25520557
4.37471104 0.26086190
3.51821160 0.26724395
2.81284809 0.23740935
3.45713806 0.21626283
4.55279016 0.31801987
3.51821160 0.57975912
2.81284809 0.53425699
3.45713806 0.54493946
4.55279016 0.76295394
3.51821160 0.29279995
2.81284809 0.30104572
3.45713806 0.30273941
4.55279016 0.15580346
3.85833120 0.28202805
4.00100660 0.23600800
1.80047321 0.19123043
4.04878664 0.29563978
4.22936344 0.24574120
4.59330845 0.31998792
3.85833120 0.60986990
4.00100660 0.55782121
1.80047321 0.41478285
4.04878664 0.72253007
4.22936344 0.66067475
4.59330845 0.72321206
3.85833120 0.25935969
4.00100660 0.26769450
1.80047321 0.26072124
4.04878664 0.20219935
4.22936344 0.21438056
4.59330845 0.16162053
3.62810349 0.22476073
4.13235998 0.29656148
1.84862971 0.19419086
1.83282423 0.19371909
4.37638903 0.24844414
3.62810349 0.51824588
4.13235998 0.72068828
1.84862971 0.44593415
1.83282423 0.44620475
4.37638903 0.69107008
3.62810349 0.29883155
4.13235998 0.25727174
1.84862971 0.25444520
1.83282423 0.25558650
4.37638903 0.26070815
4.21714306 0.30064657
1.83615863 0.19546695
3.20144749 0.20667849
4.21714306 0.68318671
1.83615863 0.42780578
3.20144749 0.44362029
4.21714306 0.25629541
1.83615863 0.25404772
3.20144749 0.31065217
3.72618508 0.28016692
3.20426846 0.25250193
1.78489077 0.18908978
4.13029814 0.24099517
4.22017765 0.30191934
3.72618508 0.49082866
3.20426846 0.50321269
1.78489077 0.39614916
4.13029814 0.61053926
4.22017765 0.59998608
3.72618508 0.24772720
3.20426846 0.30122104
1.78489077 0.20796330
4.13029814 0.23069447
4.22017765 0.18973511
4.17905092 0.29881021
3.55996299 0.22014652
1.83767164 0.19552581
4.07015657 0.29469362
4.01527691 0.29277939
4.17905092 0.71935159
3.55996299 0.53496909
1.83767164 0.44171703
4.07015657 0.71180946
4.01527691 0.71650428
4.17905092 0.23744197
3.55996299 0.28904065
1.83767164 0.24551360
4.07015657 0.24621594
4.01527691 0.23771308
4.02106905 0.29430506
4.24596739 0.24859639
1.87964070 0.19540577
1.84158611 0.19406140
4.15171242 0.23975807
4.02106905 0.69277310
4.24596739 0.63679653
1.87964070 0.43764374
1.84158611 0.44060883
4.15171242 0.63791782
4.02106905 0.21966563
4.24596739 0.23770978
1.87964070 0.25238952
1.84158611 0.24856554
4.15171242 0.26098204
4.28615904 0.24793285
1.79949021 0.19404988
3.70686460 0.27479580
4.29079962 0.30532908
4.52518129 0.31554875
4.28615904 0.67947930
1.79949021 0.41529062
3.70686460 0.53656077
4.29079962 0.66636819
4.52518129 0.78520727
4.28615904 0.23756568
1.79949021 0.23420434
3.70686460 0.26867232
4.29079962 0.20975311
4.52518129 0.20073701
3.97919297 0.23612094
1.82880604 0.19518138
4.50576401 0.31325364
3.48069763 0.26658797
3.96994901 0.29059133
3.97919297 0.59789485
1.82880604 0.41121170
4.50576401 0.66761190
3.48069763 0.50964493
3.96994901 0.69371009
3.97919297 0.26388919
1.82880604 0.23826708
4.50576401 0.17267068
3.48069763 0.29431251
3.96994901 0.22880293
4.01720142 0.29411888
4.24870253 0.24870272
1.88408637 0.19558086
1.84265125 0.19410308
4.15087271 0.23972566
4.01720142 0.69179636
4.24870253 0.63743633
1.88408637 0.43777612
1.84265125 0.44069651
4.15087271 0.63781917
4.01720142 0.22019441
4.24870253 0.23737650
1.88408637 0.25328344
1.84265125 0.24878143
4.15087271 0.26097459
1.84659886 0.19301374
1.87466347 0.19257779
4.52161646 0.31737402
4.43880224 0.25086400
3.36985874 0.21193285
1.84659886 0.41146311
1.87466347 0.40538335
4.52161646 0.65972584
4.43880224 0.60721725
3.36985874 0.42864546
1.84659886 0.24272974
1.87466347 0.23887049
4.52161646 0.16567491
4.43880224 0.21828698
3.36985874 0.28478155
4.34488392 0.30681551
4.24310350 0.24848504
3.76429296 0.27753404
3.64149165 0.27420238
1.78892827 0.19201918
3.49067974 0.21448992
4.57444286 0.25823283
4.34488392 0.74293351
4.24310350 0.69589740
3.76429296 0.58851194
3.64149165 0.71336192
1.78892827 0.43269467
3.49067974 0.48253855
4.57444286 0.68972760
4.34488392 0.19149940
4.24310350 0.22173940
3.76429296 0.24301207
3.64149165 0.23680045
1.78892827 0.22997516
3.49067974 0.30095109
4.57444286 0.15220131
3.47014546 0.26497412
4.03904724 0.23841737
2.85958195 0.23954391
4.55104208 0.31545278
4.01822758 0.29219842
3.31409979 0.25927529
4.41813374 0.25006232
4.51373291 0.25586805
3.47014546 0.53075308
4.03904724 0.64387506
2.85958195 0.51909423
4.55104208 0.71023577
4.01822758 0.73007590
3.31409979 0.51409978
4.41813374 0.63214606
4.51373291 0.63373268
3.47014546 0.28515497
4.03904724 0.21007709
2.85958195 0.27495506
4.55104208 0.13805121
4.01822758 0.21721280
3.31409979 0.28202164
4.41813374 0.20174891
4.51373291 0.18423079
1.81799495 0.19190462
4.34783268 0.25031564
4.05226851 0.29580751
3.50037098 0.26499349
4.50766993 0.31669328
3.79323840 0.22802877
1.81799495 0.42849109
4.34783268 0.72481436
4.05226851 0.77142954
3.50037098 0.54535711
4.50766993 0.71772605
3.79323840 0.52312189
1.81799495 0.24852099
4.34783268 0.18898799
4.05226851 0.19061606
3.50037098 0.27349836
4.50766993 0.14735888
3.79323840 0.25663885
4.29075432 0.30177245
3.27926373 0.26106519
3.74784303 0.22698183
4.29075432 0.60214514
3.27926373 0.45102242
3.74784303 0.46427584
4.29075432 0.15989734
3.27926373 0.26240256
3.74784303 0.27278805
4.38114548 0.24721618
3.48483491 0.26320753
4.38114548 0.55521786
3.48483491 0.41271415
4.38114548 0.15268926
3.48483491 0.23951246
4.36973572 0.24905063
3.79358315 0.28646737
1.76817715 0.18741928
3.87349272 0.28966537
4.36973572 0.73890448
3.79358315 0.73435205
1.76817715 0.45870256
3.87349272 0.71169811
4.36973572 0.26055455
3.79358315 0.27224150
1.76817715 0.27105895
3.87349272 0.25200096
4.31272316 0.24971354
3.58193517 0.21672554
4.55310106 0.31448606
3.72438550 0.28243265
4.31272316 0.67050523
3.58193517 0.50853026
4.55310106 0.72913712
3.72438550 0.64772028
4.31272316 0.17326255
3.58193517 0.28972521
4.55310106 0.12878193
3.72438550 0.18457901
4.42409611 0.25141403
4.16781330 0.30466506
3.68989420 0.22080457
3.52821755 0.26525912
4.42409611 0.71060324
4.16781330 0.74026757
3.68989420 0.52111059
3.52821755 0.55430561
4.42409611 0.22696371
4.16781330 0.21579425
3.68989420 0.30788681
3.52821755 0.28986916
3.70498657 0.22369473
3.70064116 0.22306603
1.86181331 0.19859557
1.83248949 0.18989331
3.21593738 0.25805810
3.70498657 0.55585355
3.70064116 0.53334236
1.86181331 0.45249748
1.83248949 0.45815644
3.21593738 0.53577656
3.70498657 0.29505417
3.70064116 0.30526829
1.86181331 0.26278350
1.83248949 0.25732353
3.21593738 0.29982200
3.62758017 0.22321488
3.54678845 0.21540089
4.01523590 0.29722434
3.04269648 0.24988288
3.62758017 0.51436120
3.54678845 0.52235645
4.01523590 0.67961407
3.04269648 0.50986147
3.62758017 0.29872784
3.54678845 0.29742274
4.01523590 0.24414182
3.04269648 0.28371581
4.60508823 0.31701246
3.77389765 0.28551534
4.60508823 0.72864646
3.77389765 0.68088776
4.60508823 0.18220027
3.77389765 0.27501497
3.93726563 0.29276836
3.14178538 0.25531188
4.45296335 0.25518996
3.93726563 0.64907306
3.14178538 0.51490170
4.45296335 0.65442115
3.93726563 0.23371415
3.14178538 0.30095163
4.45296335 0.23002349
3.62810969 0.22323518
4.31912613 0.24482930
3.98396850 0.28699234
4.36036444 0.24868393
4.09342813 0.30103412
1.83381224 0.19656463
3.56052303 0.21982594
3.62810969 0.52726954
4.31912613 0.71137661
3.98396850 0.68286675
4.36036444 0.67040426
4.09342813 0.70277381
1.83381224 0.42858434
3.56052303 0.51852745
3.62810969 0.28412253
4.31912613 0.19893819
3.98396850 0.21203227
4.36036444 0.20387322
4.09342813 0.20967276
1.83381224 0.23294406
3.56052303 0.27652076
4.00194883 0.29657766
4.12460756 0.30191377
4.22861719 0.24383287
4.25818014 0.24667425
4.00194883 0.68304652
4.12460756 0.69651753
4.22861719 0.66693252
4.25818014 0.67170590
4.00194883 0.21374685
4.12460756 0.16776113
4.22861719 0.22462074
4.25818014 0.19442762
4.32984877 0.30366299
4.52665567 0.32166952
4.47692347 0.25518504
4.32984877 0.60057658
4.52665567 0.61464500
4.47692347 0.58480138
4.32984877 0.17594610
4.52665567 0.12624335
4.47692347 0.19008206
4.05810785 0.29866257
1.81959033 0.19693482
4.44402838 0.25195989
3.56832886 0.21848941
3.93225360 0.28451154
4.05810785 0.66955143
1.81959033 0.43262395
4.44402838 0.64962894
3.56832886 0.51736778
3.93225360 0.68641233
4.05810785 0.21585912
1.81959033 0.25414947
4.44402838 0.22568993
3.56832886 0.29357079
3.93225360 0.23418351
3.32945824 0.20945434
4.23602772 0.24382526
1.80344820 0.19630609
3.10467124 0.24539292
4.06351757 0.29892686
3.32945824 0.45999256
4.23602772 0.61090046
1.80344820 0.43046618
3.10467124 0.52609330
4.06351757 0.65336013
3.32945824 0.29777500
4.23602772 0.25167391
1.80344820 0.23456496
3.10467124 0.29050544
4.06351757 0.21613298
3.70057726 0.22352640
3.70102191 0.22308068
1.86052597 0.19854458
1.83525217 0.19000077
3.22041583 0.25827047
3.70057726 0.55456907
3.70102191 0.53337640
1.86052597 0.45223165
1.83525217 0.45787355
3.22041583 0.53613275
3.70057726 0.29511422
3.70102191 0.30529287
1.86052597 0.26244491
1.83525217 0.25786760
3.22041583 0.29975620
3.61983943 0.22291851
4.31090927 0.24451327
3.98387766 0.28698796
4.35513973 0.24847953
4.09132671 0.30093166
1.82955790 0.19639724
3.55462098 0.21960121
3.61983943 0.52552408
4.31090927 0.70897347
3.98387766 0.68238115
4.35513973 0.66934085
4.09132671 0.70182580
1.82955790 0.42807308
3.55462098 0.51758862
3.61983943 0.28429556
4.31090927 0.19989435
3.98387766 0.21222888
4.35513973 0.20470543
4.09132671 0.21032691
1.82955790 0.23156933
3.55462098 0.27652937
3.62266183 0.22302657
3.54140496 0.21519816
4.01471376 0.29719892
3.04090834 0.24979891
3.62266183 0.51301306
3.54140496 0.52081156
4.01471376 0.67866379
3.04090834 0.50883526
3.62266183 0.29887325
3.54140496 0.29757196
4.01471376 0.24430369
3.04090834 0.28385171
3.37644482 0.21364249
4.10569811 0.23663862
3.99086523 0.28732342
4.13947535 0.24006106
3.14610314 0.25551528
1.86821079 0.19792658
4.23810434 0.24589503
3.37644482 0.46079943
4.10569811 0.66248167
3.99086523 0.71239990
4.13947535 0.63311094
3.14610314 0.52509481
1.86821079 0.43563652
4.23810434 0.66670728
3.37644482 0.30300519
4.10569811 0.23539807
3.99086523 0.21431305
4.13947535 0.23773275
3.14610314 0.30073616
1.86821079 0.24207111
4.23810434 0.22992067
4.04949379 0.29824182
1.81376517 0.19670753
4.43918371 0.25177005
3.56951690 0.21853454
3.92618942 0.28422087
4.04949379 0.66751653
1.81376517 0.43272892
4.43918371 0.64828712
3.56951690 0.51753372
3.92618942 0.68464249
4.04949379 0.21745448
1.81376517 0.25279018
4.43918371 0.22666027
3.56951690 0.29363629
3.92618942 0.23533730
3.93474507 0.29264560
3.13374066 0.25493303
4.45133066 0.25512612
3.93474507 0.64839846
3.13374066 0.51335329
4.45133066 0.65391147
3.93474507 0.23396616
3.13374066 0.30118841
4.45133066 0.23028851
3.05231118 0.25033447
1.86894977 0.19887847
4.13708401 0.23996793
4.20576763 0.24294870
3.91686249 0.28377387
4.21561193 0.24593033
3.05231118 0.50737041
1.86894977 0.43103406
4.13708401 0.60972387
4.20576763 0.64466983
3.91686249 0.69210118
4.21561193 0.62883276
3.05231118 0.28940466
1.86894977 0.25317153
4.13708401 0.24506946
4.20576763 0.25174609
3.91686249 0.22378738
4.21561193 0.24526773
4.19298124 0.24504982
4.13042355 0.23758554
3.99810910 0.29639086
3.90548778 0.29122147
4.19298124 0.61761606
4.13042355 0.64564276
3.99810910 0.65746897
3.90548778 0.64516276
4.19298124 0.25467506
4.13042355 0.26676413
3.99810910 0.24495125
3.90548778 0.22653359
3.81124783 0.27872047
4.52866125 0.32176843
4.64409733 0.26171228
3.81124783 0.51119763
4.52866125 0.64577931
4.64409733 0.63210326
3.81124783 0.28193295
4.52866125 0.16810636
4.64409733 0.21477039
1.88548720 0.19861615
4.48619747 0.25554666
1.89169443 0.19978432
3.61221004 0.21966772
4.46393204 0.25296244
3.09702587 0.24503809
3.69543600 0.22581641
1.88548720 0.44564596
4.48619747 0.72981018
1.89169443 0.44507626
3.61221004 0.53667217
4.46393204 0.72491854
3.09702587 0.55861795
3.69543600 0.55124253
1.88548720 0.24825619
4.48619747 0.18126480
1.89169443 0.25780889
3.61221004 0.28730327
4.46393204 0.20408086
3.09702587 0.29357150
3.69543600 0.28822809
4.26819944 0.24536555
3.35911179 0.21000171
1.87259030 0.19902305
1.88070393 0.19178261
4.24158239 0.24694131
1.92222178 0.20009409
4.27516270 0.24733372
4.26819944 0.68805569
3.35911179 0.47720328
1.87259030 0.44916341
1.88070393 0.45380959
4.24158239 0.68969917
1.92222178 0.44255796
4.27516270 0.68211341
4.26819944 0.22785652
3.35911179 0.29647279
1.87259030 0.26149538
1.88070393 0.26063153
4.24158239 0.19655627
1.92222178 0.25891325
4.27516270 0.20339060
4.16151762 0.24091971
3.75555396 0.28462872
1.79212284 0.18833399
3.06733489 0.25104067
4.35691357 0.25051126
4.16151762 0.70110959
3.75555396 0.72546315
1.79212284 0.45520937
3.06733489 0.52335137
4.35691357 0.67504865
4.16151762 0.26737785
3.75555396 0.26277134
1.79212284 0.25497666
3.06733489 0.28683171
4.35691357 0.21594159
4.07106161 0.24031389
3.36072826 0.25735793
4.05406952 0.29911554
4.23212481 0.24367297
1.83553982 0.19663268
3.41695380 0.21437411
4.07106161 0.62945914
3.36072826 0.51035517
4.05406952 0.69070458
4.23212481 0.64433020
1.83553982 0.41606951
3.41695380 0.44646141
4.07106161 0.23731105
3.36072826 0.28413558
4.05406952 0.21392398
4.23212481 0.22950800
1.83553982 0.22244292
3.41695380 0.29281852
3.62169361 0.22003168
2.93080449 0.24543597
1.84704792 0.19046079
4.45117521 0.25512004
1.89578688 0.19902895
3.84388447 0.23066743
3.62169361 0.58686167
2.93080449 0.57489765
1.84704792 0.46395195
4.45117521 0.78723747
1.89578688 0.45434675
3.84388447 0.57900375
3.62169361 0.30006865
2.93080449 0.30969414
1.84704792 0.25245366
4.45117521 0.19819488
1.89578688 0.23857187
3.84388447 0.26555517
3.61046600 0.22009180
2.98739552 0.24807225
3.93978620 0.28487268
3.61046600 0.53895456
2.98739552 0.52267617
3.93978620 0.70805079
3.61046600 0.29805532
2.98739552 0.30188569
3.93978620 0.23392510
4.29676485 0.24647243
4.19220161 0.30585688
4.03688526 0.23400617
4.01392651 0.28843093
4.29676485 0.62751186
4.19220161 0.68035364
4.03688526 0.55845094
4.01392651 0.63187712
4.29676485 0.21990937
4.19220161 0.18375872
4.03688526 0.27627888
4.01392651 0.20975405
4.12612391 0.23987027
4.14605236 0.30296329
4.01364613 0.29714695
4.15314484 0.24260108
4.12612391 0.58547205
4.14605236 0.62313271
4.01364613 0.62009662
4.15314484 0.58484608
4.12612391 0.18621363
4.14605236 0.12619646
4.01364613 0.16255878
4.15314484 0.16278265
4.40668011 0.24819970
4.40668011 0.71211171
4.40668011 0.22753786
