3.50983953 0.38181892
2.22587371 0.28309983
3.50983953 0.30948254
2.22587371 0.16794725
3.50983953 0.17968054
2.22587371 0.23611896
3.63054323 0.38164315
4.23681784 0.49075258
2.16640639 0.29797423
3.63054323 0.14184450
4.23681784 0.21639204
2.16640639 0.08640113
3.63054323 0.14966942
4.23681784 0.13998862
2.16640639 0.19671834
4.34798670 0.40036377
4.00930929 0.41750026
3.80249095 0.40970024
3.01321220 0.36297008
2.17088819 0.29846048
4.34798670 0.35989511
4.00930929 0.25489387
3.80249095 0.27190918
3.01321220 0.18470605
2.17088819 0.12629932
4.34798670 0.15542443
4.00930929 0.15716186
3.80249095 0.17211537
3.01321220 0.17657202
2.17088819 0.22953446
3.02019978 0.33556235
4.24591875 0.39179197
4.39805317 0.38478717
4.56073427 0.44460246
3.02019978 0.12432054
4.24591875 0.20680596
4.39805317 0.21256529
4.56073427 0.23579408
3.02019978 0.15667419
4.24591875 0.12814188
4.39805317 0.12539394
4.56073427 0.12274262
4.36863279 0.46398225
3.87228012 0.38270190
3.81305075 0.44620410
4.36863279 0.39022252
3.87228012 0.31409019
3.81305075 0.32138625
4.36863279 0.17429431
3.87228012 0.15929918
3.81305075 0.17916496
2.09051776 0.25019497
4.38780689 0.50667697
3.83908606 0.35772204
3.97894716 0.35148501
4.68549013 0.45585918
2.09051776 0.11681157
4.38780689 0.30237350
3.83908606 0.24356158
3.97894716 0.25085273
4.68549013 0.37505007
2.09051776 0.22497572
4.38780689 0.15407990
3.83908606 0.15438490
3.97894716 0.15149021
4.68549013 0.14700817
4.64712286 0.42553174
2.13276553 0.25395930
4.34508944 0.50216925
4.37407923 0.42778066
3.56990552 0.31915972
3.79575634 0.48084292
4.64712286 0.20963115
2.13276553 0.07433721
4.34508944 0.18020852
4.37407923 0.19832021
3.56990552 0.12358308
3.79575634 0.16592708
4.64712286 0.12305244
2.13276553 0.18091297
4.34508944 0.12743567
4.37407923 0.12370214
3.56990552 0.14074822
3.79575634 0.13652495
3.32520032 0.36430988
3.79875875 0.37611845
3.77746654 0.33553717
2.86041355 0.37473190
3.32520032 0.23233163
3.79875875 0.27244025
3.77746654 0.27067652
2.86041355 0.19156903
3.32520032 0.17477019
3.79875875 0.15658638
3.77746654 0.15739493
2.86041355 0.18252324
4.36239529 0.46338224
3.96151233 0.49982163
4.43501329 0.38773111
3.40695453 0.34115186
3.83336163 0.44833374
4.36239529 0.19666970
3.96151233 0.18485878
4.43501329 0.21529585
3.40695453 0.12669392
3.83336163 0.16220792
4.36239529 0.13185106
3.96151233 0.13979371
4.43501329 0.12459197
3.40695453 0.14228417
3.83336163 0.13637084
4.09361601 0.40255651
4.64869690 0.49096179
2.27163887 0.28764823
4.09361601 0.27473858
4.64869690 0.31037489
2.27163887 0.11364765
4.09361601 0.14181496
4.64869690 0.14559054
2.27163887 0.20098400
3.97225094 0.50105244
4.37333775 0.50514990
3.97225094 0.30350247
4.37333775 0.33800766
3.97225094 0.17556965
4.37333775 0.16819531
4.46513224 0.47327057
3.48038411 0.41142178
4.46513224 0.22097246
3.48038411 0.14921612
4.46513224 0.13070782
3.48038411 0.14420575
2.10344338 0.29116067
4.34007454 0.42471889
2.10344338 0.12035859
4.34007454 0.35358775
2.10344338 0.23715603
4.34007454 0.15126206
3.91363382 0.49433568
3.52421284 0.35159376
3.32956600 0.39572218
3.91363382 0.30483800
3.52421284 0.23800266
3.32956600 0.21526177
3.91363382 0.17261189
3.52421284 0.15840809
3.32956600 0.16935289
4.08474302 0.43671393
4.48111105 0.41155621
4.08474302 0.34391305
4.48111105 0.41623414
4.08474302 0.17257194
4.48111105 0.15416417
4.46867371 0.46118534
4.21671534 0.52911139
4.46867371 0.24063565
4.21671534 0.22374658
4.46867371 0.12981921
4.21671534 0.14056487
3.75153184 0.35041323
2.07314801 0.24865192
2.12919331 0.27354476
3.81406116 0.48293686
3.75153184 0.30864176
2.07314801 0.14368446
2.12919331 0.14706141
3.81406116 0.34849432
3.75153184 0.17284931
2.07314801 0.24246939
2.12919331 0.23796618
3.81406116 0.18848015
3.54959655 0.33359388
3.08078504 0.34125295
4.11950254 0.47839701
3.11788821 0.40372959
3.54959655 0.20833339
3.08078504 0.17556225
4.11950254 0.26393351
3.11788821 0.17421770
3.54959655 0.15734443
3.08078504 0.16982149
4.11950254 0.16030739
3.11788821 0.17094691
3.90523100 0.41952071
4.42416048 0.38686657
3.83081746 0.40058133
2.12111712 0.29306984
3.90523100 0.33115512
4.42416048 0.40653589
3.83081746 0.26591793
2.12111712 0.13498834
3.90523100 0.18147843
4.42416048 0.16016558
3.83081746 0.16649999
2.12111712 0.23968731
3.88140583 0.41724205
4.11808538 0.40475452
4.10946369 0.36183879
4.48457956 0.46270111
2.10925627 0.29178831
3.88140583 0.19089015
4.11808538 0.20384254
4.10946369 0.20632957
4.48457956 0.21625389
2.10925627 0.08410463
3.88140583 0.14223239
4.11808538 0.13015664
4.10946369 0.13110767
4.48457956 0.12951019
2.10925627 0.20654242
4.02965498 0.37366045
4.54823780 0.46876940
3.82203126 0.41156688
4.14349413 0.48092246
2.15341210 0.29656532
4.02965498 0.19604868
4.54823780 0.21134995
3.82203126 0.17779769
4.14349413 0.19572002
2.15341210 0.08095143
4.02965498 0.13649464
4.54823780 0.13382863
3.82203126 0.14575328
4.14349413 0.14273955
2.15341210 0.20859726
2.09805059 0.29057866
4.34073830 0.42477867
2.09805059 0.12016385
4.34073830 0.35453406
2.09805059 0.23776709
4.34073830 0.15166700
4.51337290 0.39397618
4.66994572 0.42745471
2.11357307 0.25224739
2.20290852 0.28082332
4.51337290 0.23328431
4.66994572 0.25372696
2.11357307 0.08221603
2.20290852 0.08656824
4.51337290 0.12198937
4.66994572 0.12146311
2.11357307 0.18151240
2.20290852 0.19472618
3.54998040 0.33362579
3.08075404 0.34125006
4.12402058 0.47887254
3.12370872 0.40438738
3.54998040 0.20835660
3.08075404 0.17556117
4.12402058 0.26442134
3.12370872 0.17469831
3.54998040 0.15730189
3.08075404 0.16977495
4.12402058 0.16026056
3.12370872 0.17082475
4.16524506 0.38502327
4.04353094 0.43276319
4.01958036 0.50647908
4.16524506 0.24839406
4.04353094 0.23129936
4.01958036 0.22190411
4.16524506 0.13585775
4.04353094 0.14585984
4.01958036 0.14678887
2.13756442 0.25438789
3.45167828 0.40842977
3.85598350 0.34174660
3.87547731 0.48996595
2.13756442 0.18282123
3.45167828 0.33747122
3.85598350 0.38501230
3.87547731 0.43481836
2.13756442 0.26099911
3.45167828 0.20119552
3.85598350 0.17577277
3.87547731 0.19661294
3.33784080 0.36550617
4.31790209 0.49930131
4.32181406 0.37871793
4.23104191 0.43856356
3.01185536 0.39176330
3.33784080 0.14798610
4.31790209 0.21655388
4.32181406 0.22327487
4.23104191 0.19320928
3.01185536 0.12481364
3.33784080 0.14673136
4.31790209 0.13068317
4.32181406 0.12484256
4.23104191 0.12686913
3.01185536 0.14636369
4.41480112 0.46842489
4.29374409 0.49675357
4.61046553 0.47470412
4.21632433 0.52906644
4.41480112 0.28296873
4.29374409 0.27610511
4.61046553 0.30154899
4.21632433 0.26354751
4.41480112 0.14599539
4.29374409 0.14738710
4.61046553 0.13050391
4.21632433 0.14550386
3.93833137 0.41076815
4.22788048 0.48981073
3.21209526 0.41438708
3.93833137 0.31366834
4.22788048 0.38987193
3.21209526 0.25417581
3.93833137 0.16464950
4.22788048 0.17472066
3.21209526 0.18431592
4.28765965 0.42000127
4.63469315 0.47701547
3.06062198 0.36786088
4.37284136 0.54706615
4.28765965 0.19544642
4.63469315 0.21387123
3.06062198 0.11587247
4.37284136 0.20308208
4.28765965 0.12634437
4.63469315 0.12651820
3.06062198 0.15738802
4.37284136 0.13055797
4.20222473 0.38812521
4.36063957 0.45089516
3.20523357 0.35297403
2.19031167 0.27957624
2.98646188 0.38890234
4.20222473 0.20164593
4.36063957 0.18867683
3.20523357 0.12711611
2.19031167 0.07904776
2.98646188 0.11729894
4.20222473 0.13122524
4.36063957 0.12884553
3.20523357 0.15241578
2.19031167 0.19426741
2.98646188 0.14661907
4.44910192 0.43453884
4.50925255 0.47751984
2.19445086 0.27998585
4.32730579 0.54182690
4.44910192 0.40842295
4.50925255 0.39091241
2.19445086 0.14527671
4.32730579 0.37836269
4.44910192 0.15775277
4.50925255 0.17701857
2.19445086 0.23323405
4.32730579 0.17414427
4.29701948 0.47589055
3.33201337 0.36632487
4.18164015 0.53261846
4.29701948 0.19763975
3.33201337 0.12018716
4.18164015 0.19405626
4.29701948 0.12520002
3.33201337 0.13900802
4.18164015 0.12869520
2.96776080 0.39252964
4.54014015 0.50028950
2.21869040 0.26284492
4.64122963 0.45471033
3.30695009 0.39049172
2.96776080 0.17781670
4.54014015 0.32708201
2.21869040 0.12110939
4.64122963 0.35837510
3.30695009 0.20942599
2.96776080 0.16069980
4.54014015 0.14454190
2.21869040 0.20320117
4.64122963 0.13358797
3.30695009 0.15893002
3.56691742 0.40304577
3.50658584 0.45435905
4.63568687 0.49138519
3.45950365 0.34827921
3.56691742 0.24884276
3.50658584 0.22630318
4.63568687 0.32916436
3.45950365 0.21292579
3.56691742 0.16297473
3.50658584 0.15920758
4.63568687 0.15393174
3.45950365 0.15322386
3.12230253 0.37154976
4.51427841 0.44321486
3.12230253 0.21236514
4.51427841 0.37726662
3.12230253 0.17335637
4.51427841 0.13619389
3.11638927 0.37094465
4.51782274 0.44353560
3.11638927 0.21175306
4.51782274 0.37794331
3.11638927 0.17349021
4.51782274 0.13629703
3.80800128 0.44225106
3.80145288 0.42636284
2.16617727 0.30256864
3.80800128 0.36682448
3.80145288 0.36656487
2.16617727 0.15658198
3.80800128 0.17696971
3.80145288 0.17378807
2.16617727 0.22602075
2.23083353 0.30968419
2.23083353 0.10585714
2.23083353 0.19945507
2.71179509 0.32979727
3.82676721 0.42888486
3.47477865 0.45069030
2.71179509 0.16488329
3.82676721 0.27146727
3.47477865 0.22590792
2.71179509 0.17984843
3.82676721 0.15892479
3.47477865 0.16274422
2.10961485 0.26176265
2.07012773 0.24955447
2.09890294 0.26891235
2.10961485 0.14665164
2.07012773 0.14157236
2.09890294 0.14518224
2.10961485 0.24106972
2.07012773 0.24394703
2.09890294 0.24357933
2.14002156 0.26459801
3.56058955 0.38806298
2.13908434 0.27282622
3.79236650 0.48740497
2.14002156 0.08223749
3.56058955 0.14441711
2.13908434 0.08198637
3.79236650 0.18093240
2.14002156 0.18996960
3.56058955 0.14208852
2.13908434 0.19633245
3.79236650 0.13945165
3.89696407 0.49953341
3.72859311 0.41910955
2.19412613 0.26063463
2.10806012 0.26980308
3.89696407 0.21668006
3.72859311 0.19308990
2.19412613 0.09855364
2.10806012 0.09812794
3.89696407 0.13913627
3.72859311 0.13967353
2.19412613 0.19281410
2.10806012 0.19468427
3.54777002 0.40114638
2.25771737 0.26636615
4.55978966 0.52058679
3.54777002 0.29942936
2.25771737 0.15030530
4.55978966 0.44200233
3.54777002 0.18186551
2.25771737 0.22066875
4.55978966 0.16929322
3.91494322 0.50161976
4.57355404 0.50364715
3.40694547 0.37343907
2.18182921 0.27700469
3.91494322 0.26592597
4.57355404 0.31623819
3.40694547 0.20679487
2.18182921 0.12737246
3.91494322 0.15494660
4.57355404 0.14253081
3.40694547 0.15378447
2.18182921 0.20837742
2.13643503 0.27256772
4.44083214 0.47255972
3.45110393 0.39156798
3.87416935 0.49688891
2.13643503 0.14617150
4.44083214 0.35225978
3.45110393 0.26457730
3.87416935 0.32058135
2.13643503 0.22256912
4.44083214 0.16434823
3.45110393 0.16808392
3.87416935 0.17541866
4.63165808 0.50948817
4.51263666 0.47949290
2.24188447 0.28289956
4.63165808 0.23288380
4.51263666 0.21090907
2.24188447 0.09143005
4.63165808 0.12840034
4.51263666 0.12956236
2.24188447 0.18413405
3.53617239 0.41411313
4.53058052 0.48122630
2.16368484 0.26681003
2.73129964 0.36566934
4.27692699 0.42175481
3.53617239 0.25093535
4.53058052 0.34103444
2.16368484 0.13520746
2.73129964 0.17871805
4.27692699 0.34616387
3.53617239 0.16860957
4.53058052 0.16421889
2.16368484 0.21440597
2.73129964 0.18476929
4.27692699 0.14235656
3.02262878 0.34936544
4.04232645 0.51641440
3.61591148 0.36227360
3.02262878 0.17280471
4.04232645 0.24508022
3.61591148 0.20502412
3.02262878 0.16525127
4.04232645 0.15436412
3.61591148 0.13919850
2.19786263 0.30605149
4.09841394 0.43956998
3.87919617 0.44963989
2.19786263 0.12954123
4.09841394 0.30782357
3.87919617 0.30421075
2.19786263 0.21313496
4.09841394 0.16128616
3.87919617 0.16136990
3.52995729 0.41347131
4.52637434 0.48081997
2.16199565 0.26665196
2.73404455 0.36597991
4.28242540 0.42225143
3.52995729 0.25014508
4.52637434 0.34046027
2.16199565 0.13504522
2.73404455 0.17898434
4.28242540 0.34699583
3.52995729 0.16849811
4.52637434 0.16402544
2.16199565 0.21439981
2.73404455 0.18461472
4.28242540 0.14229341
3.21588182 0.42090985
4.09168005 0.43892252
3.14096999 0.37346086
3.21588182 0.15949018
4.09168005 0.22061515
3.14096999 0.16221489
3.21588182 0.14972192
4.09168005 0.13180183
3.14096999 0.15060435
3.02178645 0.34928298
4.04726744 0.51698869
3.61955047 0.36259961
3.02178645 0.17262374
4.04726744 0.24537487
3.61955047 0.20526527
3.02178645 0.16516627
4.04726744 0.15420601
3.61955047 0.13909964
4.06767416 0.45293105
4.04684639 0.46706676
4.13958025 0.52772385
4.06767416 0.27782860
4.04684639 0.28636923
4.13958025 0.26692769
4.06767416 0.14863692
4.04684639 0.15068351
4.13958025 0.14992516
4.36801481 0.48300946
4.50353956 0.47861430
3.00627542 0.39692304
4.36801481 0.40718973
4.50353956 0.39559051
3.00627542 0.22372667
4.36801481 0.16192101
4.50353956 0.16392283
3.00627542 0.17800786
4.07159805 0.45332333
4.01737165 0.46400031
4.30093670 0.42392358
4.07159805 0.23299344
4.01737165 0.23442991
4.30093670 0.23921686
4.07159805 0.13316272
4.01737165 0.13606234
4.30093670 0.11757943
3.12425399 0.37174955
4.51510763 0.44328988
3.12425399 0.21238534
4.51510763 0.37696943
3.12425399 0.17317648
4.51510763 0.13605164
2.14647913 0.26520118
2.22366953 0.26329353
3.62696624 0.42349768
2.14647913 0.10291144
2.22366953 0.10254703
3.62696624 0.19724445
2.14647913 0.19559580
2.22366953 0.19431639
3.62696624 0.14470603
2.18659496 0.26895604
3.71080828 0.40240386
4.63862181 0.52883452
2.18659496 0.13938467
3.71080828 0.26658031
4.63862181 0.38069570
2.18659496 0.21933831
3.71080828 0.16657265
4.63862181 0.16038240
4.06771898 0.45293549
4.04558229 0.46693525
4.14169931 0.52797043
4.06771898 0.27781808
4.04558229 0.28620815
4.14169931 0.26717129
4.06771898 0.14865598
4.04558229 0.15070318
4.14169931 0.14995827
3.64886642 0.41118243
3.43070722 0.44561037
4.51674509 0.47988978
3.43768573 0.34633008
3.64886642 0.21621437
3.43070722 0.18343282
4.51674509 0.26556557
3.43768573 0.17510630
3.64886642 0.15032981
3.43070722 0.15539049
4.51674509 0.14116718
3.43768573 0.14877699
3.02165151 0.34926975
4.04625416 0.51687092
3.62011957 0.36265063
3.02165151 0.17254198
4.04625416 0.24516885
3.62011957 0.20521314
3.02165151 0.16512255
4.04625416 0.15413295
3.62011957 0.13906297
2.20011687 0.30629960
3.00899863 0.33581635
4.49611616 0.44157121
3.86085057 0.44773522
2.20011687 0.08996347
3.00899863 0.12600389
4.49611616 0.24455042
3.86085057 0.19300020
2.20011687 0.19220406
3.00899863 0.15052120
4.49611616 0.11796826
3.86085057 0.13393977
3.65930223 0.41221943
2.29131961 0.31636974
4.40512562 0.46911386
3.72617269 0.37216020
3.65930223 0.38224196
2.29131961 0.19376314
4.40512562 0.45887384
3.72617269 0.36511716
3.65930223 0.20371421
2.29131961 0.24211401
4.40512562 0.20378941
3.72617269 0.17192595
2.26322913 0.28603837
4.43978834 0.49497044
2.26322913 0.19349544
4.43978834 0.50914562
2.26322913 0.24872403
4.43978834 0.22209024
4.01754379 0.46681547
3.99825263 0.47655693
4.01754379 0.26692423
3.99825263 0.29815534
4.01754379 0.15431184
3.99825263 0.15474552
2.56029892 0.32368544
4.65555048 0.51060873
3.39634871 0.38936707
2.56029892 0.14750184
4.65555048 0.29626703
3.39634871 0.19090170
2.56029892 0.18133050
4.65555048 0.14903633
3.39634871 0.15336406
2.28154016 0.28786162
4.13867617 0.45878097
2.28154016 0.11701033
4.13867617 0.27444148
2.28154016 0.20047323
4.13867617 0.15637131
3.25206208 0.39658988
4.18516541 0.46343124
2.17961383 0.27774411
3.25206208 0.26115501
4.18516541 0.37212038
2.17961383 0.15356180
3.25206208 0.18321244
4.18516541 0.18623443
2.17961383 0.23274143
4.62491035 0.51383930
2.17504478 0.26672581
4.10169840 0.47565970
4.62491035 0.42719731
2.17504478 0.14925127
4.10169840 0.38656104
4.62491035 0.18469982
2.17504478 0.24942577
4.10169840 0.18582875
4.10784626 0.48837408
3.34546924 0.37991646
3.32032943 0.39395562
4.10784626 0.23452459
3.34546924 0.14800608
3.32032943 0.16111928
4.10784626 0.14390443
3.34546924 0.15661904
3.32032943 0.15509407
2.19520211 0.28607699
4.41877842 0.40539452
3.86795783 0.43690833
3.74063301 0.41907910
2.22124934 0.28186753
2.19520211 0.13339831
4.41877842 0.33539701
3.86795783 0.26881483
3.74063301 0.26420733
2.22124934 0.13059609
2.19520211 0.21758391
4.41877842 0.14813103
3.86795783 0.16717832
3.74063301 0.17546465
2.22124934 0.21678734
2.21263695 0.28785288
2.19178176 0.27894777
2.21263695 0.10447594
2.19178176 0.10090974
2.21263695 0.19994007
2.19178176 0.20487700
3.76372814 0.44019830
2.20201302 0.26925370
2.29916883 0.28109238
3.58455348 0.33553621
3.77382231 0.45240721
3.76372814 0.29857185
2.20201302 0.13751385
2.29916883 0.14030944
3.58455348 0.22713798
3.77382231 0.31617489
3.76372814 0.17794782
2.20201302 0.22316718
2.29916883 0.20845175
3.58455348 0.16101347
3.77382231 0.16780113
4.07515001 0.48484698
3.02442431 0.34835243
4.07515001 0.31228897
3.02442431 0.17105550
4.07515001 0.16972327
3.02442431 0.17910297
2.30004072 0.28970614
3.72157121 0.41718355
2.88382173 0.33824500
4.11037731 0.37948659
3.36855149 0.40900481
2.30004072 0.12240154
3.72157121 0.22450034
2.88382173 0.15535943
4.11037731 0.25270718
3.36855149 0.20331228
2.30004072 0.20507745
3.72157121 0.16294549
2.88382173 0.17373659
4.11037731 0.14400418
3.36855149 0.16806392
2.71611786 0.33995512
3.80394459 0.35383415
3.63244176 0.41311920
2.16089582 0.26540187
3.87516928 0.45187369
2.71611786 0.21989334
3.80394459 0.29812142
3.63244176 0.27787817
2.16089582 0.14869577
3.87516928 0.35244346
2.71611786 0.19823302
3.80394459 0.16609277
3.63244176 0.17727965
2.16089582 0.23078217
3.87516928 0.19908737
4.67750597 0.51281571
3.66401744 0.44061899
2.18056178 0.26973367
4.67750597 0.37966999
3.66401744 0.30648479
2.18056178 0.13526380
4.67750597 0.19084187
3.66401744 0.18870527
2.18056178 0.23364426
3.18034720 0.38896284
3.92130470 0.43707284
3.18034720 0.16540968
3.92130470 0.19878776
3.18034720 0.15858115
3.92130470 0.14693676
2.71102619 0.33942178
3.80924749 0.35427716
3.63745284 0.41362444
2.16847706 0.26611105
3.87190366 0.45153132
2.71102619 0.21907789
3.80924749 0.29850057
3.63745284 0.27817178
2.16847706 0.14918707
3.87190366 0.35154822
2.71102619 0.19809346
3.80924749 0.16582765
3.63745284 0.17695962
2.16847706 0.23019524
3.87190366 0.19864024
2.20590878 0.28716728
4.61689377 0.52997243
3.63511848 0.41338906
2.20590878 0.11159733
4.61689377 0.26948789
3.63511848 0.18953083
2.20590878 0.19680274
4.61689377 0.14315249
3.63511848 0.14715029
2.17533612 0.28405634
3.72433257 0.42239061
3.34367061 0.39638019
2.17533612 0.17385213
3.72433257 0.33740449
3.34367061 0.27712268
2.17533612 0.23160402
3.72433257 0.19859438
3.34367061 0.19297755
4.01361275 0.45166090
3.90787959 0.43573415
4.01361275 0.22893809
3.90787959 0.21241786
4.01361275 0.15573648
3.90787959 0.16026993
4.09407330 0.48688817
3.99677420 0.44995400
3.97660065 0.44258928
4.00960302 0.46598139
4.09407330 0.33495787
3.99677420 0.28691170
3.97660065 0.26904866
4.00960302 0.30472928
4.09407330 0.17124201
3.99677420 0.16656826
3.97660065 0.17314832
4.00960302 0.17544830
4.07565832 0.48490182
3.02390957 0.34830204
4.07565832 0.31292048
3.02390957 0.17132831
4.07565832 0.17014022
3.02390957 0.17941953
3.11542201 0.38206914
3.02610493 0.35236442
4.04453468 0.46965110
3.11542201 0.18600281
3.02610493 0.15917322
4.04453468 0.25181657
3.11542201 0.16294034
3.02610493 0.16297226
4.04453468 0.14836326
4.34948683 0.50174850
4.63600683 0.50864452
2.15875697 0.26765701
4.61061239 0.42154777
4.34948683 0.22164358
4.63600683 0.22780174
2.15875697 0.08288682
4.61061239 0.23515718
4.34948683 0.14334905
4.63600683 0.14757957
2.15875697 0.20475137
4.61061239 0.13249016
3.17684054 0.38859019
3.91914582 0.43685755
3.17684054 0.16524224
3.91914582 0.19875284
3.17684054 0.15874934
3.91914582 0.14709257
4.02294493 0.46738288
3.99628592 0.47634503
4.02294493 0.26774096
3.99628592 0.29805255
4.02294493 0.15440962
3.99628592 0.15483682
2.93040347 0.35365823
3.25184703 0.37068489
2.25321960 0.27667987
3.80875826 0.35423633
3.80748534 0.45602491
2.93040347 0.19759016
3.25184703 0.21413094
2.25321960 0.13787614
3.80875826 0.25506732
3.80748534 0.30530566
2.93040347 0.18778582
3.25184703 0.18598323
2.25321960 0.22024232
3.80875826 0.15952395
3.80748534 0.18462400
4.38411713 0.50539988
3.35708261 0.38542739
4.38411713 0.35592905
3.35708261 0.22167729
4.38411713 0.17700130
3.35708261 0.18196368
4.02051783 0.46712792
3.99549150 0.47625947
4.02051783 0.26714063
3.99549150 0.29769820
4.02051783 0.15418376
3.99549150 0.15460774
2.28426600 0.27699804
4.05951595 0.47122541
3.48152733 0.39792421
4.54909658 0.41636503
2.28426600 0.09626180
4.05951595 0.22594659
3.48152733 0.16077380
4.54909658 0.25039423
2.28426600 0.19487023
4.05951595 0.13813543
3.48152733 0.14668320
4.54909658 0.12380546
2.92683792 0.35329178
3.70037413 0.41507638
4.59629393 0.51092058
2.92683792 0.22634798
3.70037413 0.32134879
4.59629393 0.44446668
2.92683792 0.18429165
3.70037413 0.18253039
4.59629393 0.17407747
2.18919349 0.26805133
2.20211005 0.27178955
3.97211051 0.36789951
2.18919349 0.15262327
2.20211005 0.15574510
3.97211051 0.31587130
2.18919349 0.24285667
2.20211005 0.23708041
3.97211051 0.16326872
2.55959010 0.32361171
4.65516615 0.51057011
3.39708948 0.38944146
2.55959010 0.14762051
4.65516615 0.29658845
3.39708948 0.19120820
2.55959010 0.18148939
4.65516615 0.14931113
3.39708948 0.15352042
4.68546057 0.43513894
3.79137754 0.47458029
2.23320627 0.29930285
4.68546057 0.38359573
3.79137754 0.29951167
2.23320627 0.14080884
4.68546057 0.15142719
3.79137754 0.16689743
2.23320627 0.20506145
4.17351627 0.55688936
2.21139026 0.29455572
2.70001841 0.34951830
4.55793762 0.56168431
4.17351627 0.33301333
2.21139026 0.13759880
2.70001841 0.17826766
4.55793762 0.37704793
4.17351627 0.17692311
2.21139026 0.21930356
2.70001841 0.18210268
4.55793762 0.16887634
4.00104952 0.53571677
3.21076298 0.40191340
4.12656116 0.50751537
3.62958622 0.40640512
4.16264915 0.51668590
4.00104952 0.25951079
3.21076298 0.18181884
4.12656116 0.26643348
3.62958622 0.19257538
4.16264915 0.27340811
4.00104952 0.15310283
3.21076298 0.15980244
4.12656116 0.15143548
3.62958622 0.14177135
4.16264915 0.15187226
2.16250563 0.31417009
3.88458753 0.48043838
4.47962856 0.41753575
3.00827169 0.37984848
2.16250563 0.12423092
3.88458753 0.28857055
4.47962856 0.34451103
3.00827169 0.19617872
2.16250563 0.20861137
3.88458753 0.16918254
4.47962856 0.15159309
3.00827169 0.17300062
4.22913742 0.46743640
2.18294048 0.31655261
4.10259390 0.38537654
4.20683956 0.51166821
4.22913742 0.20408581
2.18294048 0.08923063
4.10259390 0.20566453
4.20683956 0.22295769
4.22913742 0.13510503
2.18294048 0.18374948
4.10259390 0.13642718
4.20683956 0.14264520
4.40476274 0.48538065
4.07368660 0.50159228
3.15976667 0.43309459
4.19267178 0.52009809
4.40476274 0.25895849
4.07368660 0.26369891
3.15976667 0.16978955
4.19267178 0.26603115
4.40476274 0.13602164
4.07368660 0.15559240
3.15976667 0.16373582
4.19267178 0.15621391
2.25519729 0.32500264
2.81642747 0.36519662
4.02507257 0.49614951
2.25519729 0.11946651
2.81642747 0.16425081
4.02507257 0.27461046
2.25519729 0.20705856
2.81642747 0.17514677
4.02507257 0.15873893
3.06328773 0.42142069
4.11966324 0.50200361
3.25805688 0.36882377
4.13637066 0.51370013
3.06328773 0.14251697
4.11966324 0.21927261
3.25805688 0.13614030
4.13637066 0.23034143
3.06328773 0.15923272
4.11966324 0.14569546
3.25805688 0.14519493
4.13637066 0.14443402
2.69433951 0.37704566
3.98502016 0.49651921
2.22643375 0.29858431
4.11087513 0.50102991
2.69433951 0.16150101
3.98502016 0.29739332
2.22643375 0.13304450
4.11087513 0.30875024
2.69433951 0.17978652
3.98502016 0.16737975
2.22643375 0.20842035
4.11087513 0.16633876
3.48493242 0.43194953
4.07868433 0.54524308
4.42320728 0.41271582
2.25818801 0.30398962
3.48493242 0.22818607
4.07868433 0.30647305
4.42320728 0.33089480
2.25818801 0.13413014
3.48493242 0.16585413
4.07868433 0.17045061
4.42320728 0.15217492
2.25818801 0.20818293
2.24341536 0.32362220
2.82820535 0.36650297
4.01653194 0.49519360
2.24341536 0.11873595
2.82820535 0.16532858
4.01653194 0.27400827
2.24341536 0.20764063
2.82820535 0.17498742
4.01653194 0.15892278
4.36857986 0.40805149
2.21278715 0.29713756
4.36857986 0.24586368
2.21278715 0.10642406
4.36857986 0.12797487
2.21278715 0.17823289
4.01006126 0.53682220
4.06122541 0.49553004
3.57017994 0.40038148
3.18540001 0.40632939
4.24313545 0.52058583
4.01006126 0.25339428
4.06122541 0.23934774
3.57017994 0.18504620
3.18540001 0.17212315
4.24313545 0.25605986
4.01006126 0.15621673
4.06122541 0.15600012
3.57017994 0.14152052
3.18540001 0.16157262
4.24313545 0.15468994
4.53764820 0.54841512
4.05817747 0.54272604
2.19609547 0.29729226
2.78771973 0.35907352
4.53764820 0.31812647
4.05817747 0.28673878
2.19609547 0.12075526
2.78771973 0.16097428
4.53764820 0.15756416
4.05817747 0.16698420
2.19609547 0.21295960
2.78771973 0.17593026
4.15704250 0.55486548
2.62218761 0.33814874
2.28317142 0.30461434
4.15704250 0.27281994
2.62218761 0.13961719
2.28317142 0.12043051
4.15704250 0.15471315
2.62218761 0.17546143
2.28317142 0.19588053
4.01875973 0.49082851
2.18663383 0.29436889
4.01875973 0.30001858
2.18663383 0.13410427
4.01875973 0.16827284
2.18663383 0.21677347
2.68357944 0.37575904
3.99309945 0.49743560
2.23195696 0.29917029
4.09919834 0.49973607
2.68357944 0.16086471
3.99309945 0.29874969
2.23195696 0.13367049
4.09919834 0.30779734
2.68357944 0.18039794
3.99309945 0.16790538
2.23195696 0.20851433
4.09919834 0.16671260
4.55273199 0.55009311
4.04359627 0.54093665
2.20657969 0.29842111
2.77770305 0.35798061
4.55273199 0.31969342
4.04359627 0.28463075
2.20657969 0.12142728
2.77770305 0.16010211
4.55273199 0.15734656
4.04359627 0.16662599
2.20657969 0.21235281
2.77770305 0.17600422
4.00232744 0.53587353
3.21090341 0.40192875
4.12672138 0.50753331
3.63171744 0.40662137
4.16292858 0.51671767
4.00232744 0.25936419
3.21090341 0.18163191
4.12672138 0.26614103
3.63171744 0.19249950
4.16292858 0.27314186
4.00232744 0.15290253
3.21090341 0.15966214
4.12672138 0.15122484
3.63171744 0.14164196
4.16292858 0.15166517
4.02313757 0.53842634
4.07822227 0.49741253
3.19774985 0.40410170
4.18113184 0.46253601
4.02313757 0.21877734
4.07822227 0.22252749
3.19774985 0.16006197
4.18113184 0.20643191
4.02313757 0.14356342
4.07822227 0.14314766
3.19774985 0.15458938
4.18113184 0.12966074
4.40637398 0.48554540
4.06728506 0.50087541
3.16623712 0.43387839
4.19621420 0.52050072
4.40637398 0.25900862
4.06728506 0.26296750
3.16623712 0.17028691
4.19621420 0.26636317
4.40637398 0.13595504
4.06728506 0.15546875
3.16623712 0.16358088
4.19621420 0.15615033
4.09736061 0.50424385
4.13178825 0.50334722
4.13632345 0.55232054
4.20314407 0.39394090
3.18804216 0.40662536
4.09736061 0.22332352
4.13178825 0.21618547
4.13632345 0.22189806
4.20314407 0.21257629
3.18804216 0.15154894
4.09736061 0.14039053
4.13178825 0.14205916
4.13632345 0.14418201
4.20314407 0.13005692
3.18804216 0.15413161
4.39721298 0.48460874
2.92539477 0.40478209
3.76573873 0.35676089
4.17302608 0.50791854
4.47126913 0.54620641
4.39721298 0.31482783
2.92539477 0.18960780
3.76573873 0.24812895
4.17302608 0.31782743
4.47126913 0.34416237
4.39721298 0.14941786
2.92539477 0.17684396
3.76573873 0.15396486
4.17302608 0.16588308
4.47126913 0.16085659
3.06161332 0.42121831
4.11949825 0.50198531
3.26057315 0.36907753
4.14253664 0.51440066
3.06161332 0.14222193
4.11949825 0.21907973
3.26057315 0.13612284
4.14253664 0.23060279
3.06161332 0.15910318
4.11949825 0.14548413
3.26057315 0.14503251
4.14253664 0.14418294
4.00747776 0.53650528
4.06536770 0.49598876
3.57199073 0.40056500
3.18984032 0.40682673
4.24344063 0.52062005
4.00747776 0.25283059
4.06536770 0.23951524
3.57199073 0.18495362
3.18984032 0.17235303
4.24344063 0.25585797
4.00747776 0.15598369
4.06536770 0.15580331
3.57199073 0.14139749
3.18984032 0.16136481
4.24344063 0.15447797
4.50532770 0.55003577
4.16695642 0.55608344
2.87549114 0.36544594
3.39251137 0.32522491
3.88637042 0.48533618
4.50532770 0.23650748
4.16695642 0.22472622
2.87549114 0.12610061
3.39251137 0.13530494
3.88637042 0.19924773
4.50532770 0.13322662
4.16695642 0.13756523
2.87549114 0.15812589
3.39251137 0.14636448
3.88637042 0.13819446
4.00512266 0.53621638
4.41636801 0.41213176
4.09345675 0.45359167
3.86870122 0.48333457
3.54474545 0.44255552
4.00512266 0.18100770
4.41636801 0.19319741
4.09345675 0.16461241
3.86870122 0.17023672
3.54474545 0.14373100
4.00512266 0.13395046
4.41636801 0.12241054
4.09345675 0.12324520
3.86870122 0.13519433
3.54474545 0.14132708
3.44934511 0.43195763
4.11358595 0.50133020
3.83436775 0.36258045
3.83054256 0.47901332
3.44934511 0.24742709
4.11358595 0.31151912
3.83436775 0.25206777
3.83054256 0.29932258
3.44934511 0.16415182
4.11358595 0.16642036
3.83436775 0.14933501
3.83054256 0.16465946
2.19589186 0.29293248
4.19897604 0.39358571
2.17692208 0.29523000
2.19589186 0.09715629
4.19897604 0.23027684
2.17692208 0.09806335
2.19589186 0.19691026
4.19897604 0.13599648
2.17692208 0.18979461
2.17247486 0.29048353
4.32031822 0.47674951
2.17310452 0.29481971
2.17247486 0.12704070
4.32031822 0.31342241
2.17310452 0.13025181
2.17247486 0.22071116
4.32031822 0.15251842
2.17310452 0.21918215
2.92963767 0.40529320
2.23130894 0.29664457
3.90577793 0.48280647
4.30349016 0.40249702
4.57685518 0.56384146
2.92963767 0.16209926
2.23130894 0.11602809
3.90577793 0.25034633
4.30349016 0.27678147
4.57685518 0.31289080
2.92963767 0.16856967
2.23130894 0.20194580
3.90577793 0.15119787
4.30349016 0.13796464
4.57685518 0.14685860
4.19380665 0.55938256
2.15458250 0.28861529
3.56472278 0.33975050
3.37743521 0.42788005
4.19380665 0.34029841
2.15458250 0.12972939
3.56472278 0.23070405
3.37743521 0.23289150
4.19380665 0.16988076
2.15458250 0.21610977
3.56472278 0.16384970
3.37743521 0.17044728
4.33926725 0.50191325
3.52165914 0.40872696
4.63870668 0.43575040
3.94524026 0.36083403
2.22015047 0.27613589
4.33926725 0.35819164
3.52165914 0.24736159
4.63870668 0.41353717
3.94524026 0.29709390
2.22015047 0.13835894
4.33926725 0.15287088
3.52165914 0.15840818
4.63870668 0.14078952
3.94524026 0.14490697
2.22015047 0.20657331
2.20181513 0.28105429
4.65542698 0.52566355
2.20181513 0.16644593
4.65542698 0.43643138
2.20181513 0.21746814
4.65542698 0.16578372
4.32890034 0.44414601
3.32174420 0.39527932
3.76877618 0.43085024
4.32890034 0.29215112
3.32174420 0.17818852
3.76877618 0.21662252
4.32890034 0.12693654
3.32174420 0.14858955
3.76877618 0.14159711
3.19409227 0.33771873
4.19702864 0.38159299
3.08467412 0.36156216
3.19409227 0.14992897
4.19702864 0.22528000
3.08467412 0.14691874
3.19409227 0.15281941
4.19702864 0.12953342
3.08467412 0.16155085
3.91286254 0.44889069
4.40376282 0.45121637
3.91286254 0.24817641
4.40376282 0.32115662
3.91286254 0.14876731
4.40376282 0.12919398
2.25969768 0.28680304
2.27411675 0.28330877
4.67723131 0.52395684
2.25969768 0.14072122
2.27411675 0.14453332
4.67723131 0.38503793
2.25969768 0.21051878
2.27411675 0.21753962
4.67723131 0.17265342
4.49920177 0.51879489
2.13100362 0.26939738
4.69129324 0.42249537
2.12897825 0.26737291
4.49920177 0.32280293
2.13100362 0.11788151
4.69129324 0.37759164
2.12897825 0.11759004
4.49920177 0.15413527
2.13100362 0.21211354
4.69129324 0.14474502
2.12897825 0.22009103
4.55464315 0.52465254
2.19448614 0.27554885
3.43605995 0.39703116
4.55464315 0.24586070
2.19448614 0.09364184
3.43605995 0.15761061
4.55464315 0.13367064
2.19448614 0.19084762
3.43605995 0.14902556
3.99597836 0.46577004
2.99236059 0.35486779
4.14593458 0.42688575
3.99597836 0.19170608
2.99236059 0.12597279
4.14593458 0.21814831
3.99597836 0.13232973
2.99236059 0.15217006
4.14593458 0.12214055
3.53223109 0.34039947
3.04424143 0.36653876
3.53223109 0.22436486
3.04424143 0.19921933
3.53223109 0.14676006
3.04424143 0.16389626
2.91907811 0.35364687
3.97407460 0.45519581
4.12437487 0.39127898
4.13184977 0.42555824
4.35750675 0.39485320
4.15776539 0.47060382
2.91907811 0.15030967
3.97407460 0.23033023
4.12437487 0.24450202
4.13184977 0.25957468
4.35750675 0.26408240
4.15776539 0.24134241
2.91907811 0.16183047
3.97407460 0.14285295
4.12437487 0.13044788
4.13184977 0.13276447
4.35750675 0.12752537
4.15776539 0.14513403
3.81222558 0.36440584
4.48641205 0.50432867
3.81222558 0.26136383
4.48641205 0.33474043
3.81222558 0.14594415
4.48641205 0.15803671
3.49035001 0.40552378
4.30687380 0.44206658
4.48293686 0.40523139
2.17880392 0.27215365
3.49035001 0.16645752
4.30687380 0.27429062
4.48293686 0.26878700
2.17880392 0.09663421
3.49035001 0.14748935
4.30687380 0.13106240
4.48293686 0.12788518
2.17880392 0.19976777
3.19390845 0.33770165
4.19484997 0.38141313
3.08136439 0.36122954
3.19390845 0.14997201
4.19484997 0.22508669
3.08136439 0.14671795
3.19390845 0.15284611
4.19484997 0.12956117
3.08136439 0.16163166
4.13649940 0.39232478
4.08820486 0.46696463
3.99559808 0.46573010
3.98555732 0.45298001
4.13649940 0.25874224
4.08820486 0.24762140
3.99559808 0.25568315
3.98555732 0.23642600
4.13649940 0.13007607
4.08820486 0.13776325
3.99559808 0.13996904
3.98555732 0.14179580
4.47175598 0.42129269
3.01356840 0.35701191
4.01300955 0.45578703
4.47175598 0.34088314
3.01356840 0.17904638
4.01300955 0.26630452
4.47175598 0.14228831
3.01356840 0.16668367
4.01300955 0.16138880
3.53395033 0.34054652
3.04250908 0.36636004
3.53395033 0.22452851
3.04250908 0.19899814
3.53395033 0.14673115
3.04250908 0.16389677
3.93044162 0.45070091
4.22420216 0.39989361
3.93044162 0.20623688
4.22420216 0.23621261
3.93044162 0.14385810
4.22420216 0.12810284
4.11793852 0.47003329
4.44441128 0.45505723
4.02014160 0.46830949
3.05700469 0.35878253
4.11793852 0.29356962
4.44441128 0.38535401
4.02014160 0.31535575
3.05700469 0.19618712
4.11793852 0.16114889
4.44441128 0.14569366
4.02014160 0.16777605
3.05700469 0.16946100
3.19247508 0.33756843
4.19477129 0.38140658
3.08264208 0.36135796
3.19247508 0.14995389
4.19477129 0.22525312
3.08264208 0.14689805
3.19247508 0.15292977
4.19477129 0.12963308
3.08264208 0.16168492
2.91810703 0.35354701
3.96841121 0.45461228
4.13075447 0.39182922
4.13233805 0.42560434
4.36257458 0.39527228
4.16211081 0.47104898
2.91810703 0.15001714
3.96841121 0.22946055
4.13075447 0.24492866
4.13233805 0.25926009
4.36257458 0.26434815
4.16211081 0.24139100
2.91810703 0.16171345
3.96841121 0.14268284
4.13075447 0.13030617
4.13233805 0.13261463
4.36257458 0.12738518
4.16211081 0.14491995
3.98331165 0.46443915
3.96276450 0.45403048
3.57400584 0.37315583
4.63077879 0.41747832
4.08162689 0.46280733
3.98331165 0.26257420
3.96276450 0.25634122
3.57400584 0.21151227
4.63077879 0.32515875
4.08162689 0.25956476
3.98331165 0.15123715
3.96276450 0.14705636
3.57400584 0.14259401
4.63077879 0.12851501
4.08162689 0.14997827
2.21672130 0.28253230
3.52241206 0.40880403
4.34192181 0.48948798
2.21672130 0.08197916
3.52241206 0.14334567
4.34192181 0.19923474
2.21672130 0.17214550
3.52241206 0.13507469
4.34192181 0.12371591
3.91972351 0.44959721
4.39957952 0.45082116
3.91972351 0.24935018
4.39957952 0.32118157
3.91972351 0.14911218
4.39957952 0.12945586
4.00375271 0.46658704
3.00025296 0.35566553
4.14134264 0.42645296
4.00375271 0.19247623
3.00025296 0.12657499
4.14134264 0.21769921
4.00375271 0.13235413
3.00025296 0.15203832
4.14134264 0.12220782
3.91392422 0.44900003
4.40037918 0.45089674
3.91392422 0.24872404
4.40037918 0.32128325
3.91392422 0.14906268
4.40037918 0.12941663
2.16906595 0.27781320
2.15026045 0.27125990
3.28948951 0.38220084
2.16906595 0.15315914
2.15026045 0.14598119
3.28948951 0.24960005
2.16906595 0.22883789
2.15026045 0.22680296
3.28948951 0.18157975
3.29008174 0.39199033
2.15438366 0.27165911
4.39135361 0.39765260
2.16801953 0.27111718
3.29008174 0.12898029
2.15438366 0.07700174
4.39135361 0.21558712
2.16801953 0.07766683
3.29008174 0.14621927
2.15438366 0.17886811
4.39135361 0.12280991
2.16801953 0.18886448
4.21035671 0.39869824
4.14409065 0.42671195
3.60952973 0.33326182
2.35499334 0.28920898
4.21035671 0.45459986
4.14409065 0.46168104
3.60952973 0.32259032
2.35499334 0.19573067
4.21035671 0.17498755
4.14409065 0.18866515
3.60952973 0.18413799
2.35499334 0.22294126
3.67814684 0.43244436
3.39034009 0.32827714
4.59555531 0.41455916
4.53679180 0.50950783
3.67814684 0.24238925
3.39034009 0.19198893
4.59555531 0.34807375
4.53679180 0.32283610
3.67814684 0.15110701
3.39034009 0.15192313
4.59555531 0.12899141
4.53679180 0.14871703
3.81476808 0.36462429
4.50076771 0.50580424
3.81476808 0.26169160
4.50076771 0.33645108
3.81476808 0.14593242
4.50076771 0.15814625
3.69067216 0.43375480
3.75792527 0.35974219
4.34394741 0.44556680
3.91971707 0.35873321
3.42225266 0.39563215
3.69067216 0.29019535
3.75792527 0.27718401
4.34394741 0.38524458
3.91971707 0.28494677
3.42225266 0.24045110
3.69067216 0.16551694
3.75792527 0.14643741
4.34394741 0.14247034
3.91971707 0.14288096
3.42225266 0.16467293
4.50349426 0.39308909
2.16440129 0.27339998
4.30669880 0.55047601
3.59943247 0.31225243
4.23920059 0.39122811
3.82277393 0.47869265
4.50349426 0.25926703
2.16440129 0.09995473
4.30669880 0.24175785
3.59943247 0.16212104
4.23920059 0.26520759
3.82277393 0.22414483
4.50349426 0.12966475
2.16440129 0.21055458
4.30669880 0.15285258
3.59943247 0.15116082
4.23920059 0.13764341
3.82277393 0.14930648
4.11347437 0.52779096
3.97643423 0.49600482
3.35530472 0.42197812
4.11347437 0.29916075
3.97643423 0.30612186
3.35530472 0.25241527
4.11347437 0.16207343
3.97643423 0.15999147
3.35530472 0.16680022
3.95254612 0.45382202
3.28667521 0.41433871
4.10992622 0.38038525
4.19302177 0.36826161
3.92434525 0.50563031
3.95254612 0.21459848
3.28667521 0.17204167
4.10992622 0.22725253
4.19302177 0.20357764
3.92434525 0.20572113
3.95254612 0.14093606
3.28667521 0.15824558
4.10992622 0.12926269
4.19302177 0.12228411
3.92434525 0.14279896
3.84959650 0.34089538
3.84013891 0.48064741
4.00784397 0.49504516
2.15139294 0.27214026
3.84959650 0.41767719
3.84013891 0.45899168
4.00784397 0.51124990
2.15139294 0.21478523
3.84959650 0.18881603
3.84013891 0.21416652
4.00784397 0.23595031
2.15139294 0.27484763
4.56281424 0.39784071
3.78168178 0.47406885
2.68620133 0.34804666
2.27115941 0.28378847
3.97162962 0.51116633
4.58650923 0.38877741
4.56281424 0.36224476
3.78168178 0.28013945
2.68620133 0.18297036
2.27115941 0.14221098
3.97162962 0.30799100
4.58650923 0.36697435
4.56281424 0.15469842
3.78168178 0.17868459
2.68620133 0.20026736
2.27115941 0.22131090
3.97162962 0.18923168
4.58650923 0.15789203
3.78482819 0.33574772
2.12718749 0.26980001
3.90763450 0.33604780
3.54258251 0.33301067
3.89631653 0.48697421
3.78482819 0.27107462
2.12718749 0.14293167
3.90763450 0.28628924
3.54258251 0.27464736
3.89631653 0.33416596
3.78482819 0.16200708
2.12718749 0.24600632
3.90763450 0.15857148
3.54258251 0.17203760
3.89631653 0.18878366
3.33120537 0.29984590
2.14099574 0.27113444
4.57046747 0.38752747
4.18298817 0.38651145
3.33120537 0.14393459
2.14099574 0.10015878
4.57046747 0.26372606
4.18298817 0.25765756
3.33120537 0.14681080
2.14099574 0.21428089
4.57046747 0.12510845
4.18298817 0.13288006
2.10835314 0.28973374
2.11665273 0.28661129
3.82904458 0.44110045
2.10835314 0.08090011
2.11665273 0.08515628
3.82904458 0.19592114
2.10835314 0.20890532
2.11665273 0.19903465
3.82904458 0.14783327
2.09994483 0.28884295
2.19968414 0.29543698
2.09994483 0.11449274
2.19968414 0.12387130
2.09994483 0.23000245
2.19968414 0.21761037
3.44416451 0.43619820
2.18847823 0.29424265
2.79182267 0.33544108
3.95382047 0.50908089
3.44416451 0.24858236
2.18847823 0.14740841
2.79182267 0.19502695
3.95382047 0.32411507
3.44416451 0.18139763
2.18847823 0.23229437
2.79182267 0.19648510
3.95382047 0.18426080
2.74517608 0.35450414
4.04621935 0.46348479
2.15483761 0.30246830
2.74517608 0.27353740
4.04621935 0.45653072
2.15483761 0.19040482
2.74517608 0.25213125
4.04621935 0.28285772
2.15483761 0.27662316
2.17145777 0.27408388
3.85244918 0.47758475
2.92970896 0.39012992
3.98095894 0.34172416
2.17145777 0.15258108
3.85244918 0.36152241
2.92970896 0.22253259
3.98095894 0.31279567
2.17145777 0.25626698
3.85244918 0.20468740
2.92970896 0.20313418
3.98095894 0.16015154
2.18334746 0.29770601
3.44426155 0.43189511
3.82598305 0.44078538
3.99380565 0.51376373
2.18334746 0.18388517
3.44426155 0.34101924
3.82598305 0.41158059
3.99380565 0.42335618
2.18334746 0.24545272
3.44426155 0.20384251
3.82598305 0.20000349
3.99380565 0.20877612
3.84605837 0.44285166
4.51848793 0.38347849
3.62235618 0.33964765
2.16093874 0.29531887
4.59946156 0.56177205
3.96709085 0.51063484
3.84605837 0.37630591
4.51848793 0.44687662
3.62235618 0.31977871
2.16093874 0.16707778
4.59946156 0.46685740
3.96709085 0.37472937
3.84605837 0.19035564
4.51848793 0.16840129
3.62235618 0.18543409
2.16093874 0.24502034
4.59946156 0.18665941
3.96709085 0.20650952
3.89374757 0.44776261
4.14675188 0.35457757
4.30898857 0.39708766
2.14737225 0.29387569
3.56148100 0.44498667
3.89374757 0.25232157
4.14675188 0.25582704
4.30898857 0.29714796
2.14737225 0.11010071
3.56148100 0.21419448
3.89374757 0.15676279
4.14675188 0.13865550
4.30898857 0.14355420
2.14737225 0.21461280
3.56148100 0.16336504
4.30838823 0.39703724
2.30853653 0.31111327
4.71857357 0.57524568
2.45072865 0.33555877
4.30838823 0.49641752
2.30853653 0.20000790
4.71857357 0.54657739
2.45072865 0.21485864
4.30838823 0.17921309
2.30853653 0.23657870
4.71857357 0.19543488
2.45072865 0.23040409
4.37076807 0.40227816
2.62072372 0.34498140
2.15626621 0.30262649
4.37076807 0.42940924
2.62072372 0.19332053
2.15626621 0.15131886
4.37076807 0.15339769
2.62072372 0.19481063
2.15626621 0.23817720
3.96337414 0.49004519
2.15947056 0.30298147
4.04435682 0.37489164
4.04614782 0.50386977
3.96337414 0.27728090
2.15947056 0.11103889
4.04435682 0.27507553
4.04614782 0.27558023
3.96337414 0.16756897
2.15947056 0.22620372
4.04435682 0.15298589
4.04614782 0.16681498
2.20911813 0.30849156
3.94396305 0.49234369
2.20911813 0.10189185
3.94396305 0.23648401
2.20911813 0.20934428
3.94396305 0.14403290
2.74742889 0.35475111
4.05083323 0.46396104
2.15026712 0.30196223
2.74742889 0.27406496
4.05083323 0.45771983
2.15026712 0.19007200
2.74742889 0.25243124
4.05083323 0.28362334
2.15026712 0.27709806
4.26035166 0.37363946
3.11177993 0.39913419
4.07249403 0.50231844
3.19913578 0.37662184
4.05278206 0.52067453
4.26035166 0.24443126
3.11177993 0.15848035
4.07249403 0.25048777
3.19913578 0.17114647
4.05278206 0.23449786
4.26035166 0.12876832
3.11177993 0.16094969
4.07249403 0.14509331
3.19913578 0.16093165
4.05278206 0.14432193
4.17462873 0.36679319
3.09215283 0.36575726
4.29425716 0.36603299
3.29181409 0.31221211
3.23332548 0.41265664
3.98301053 0.51249927
4.17462873 0.22757180
3.09215283 0.15959215
4.29425716 0.24098270
3.29181409 0.16135210
3.23332548 0.17300086
3.98301053 0.23201157
4.17462873 0.13437946
3.09215283 0.16853447
4.29425716 0.13174988
3.29181409 0.15834773
3.23332548 0.16586745
3.98301053 0.15511699
4.37386942 0.49736527
2.18801069 0.30614653
4.64184761 0.39309049
4.37386942 0.33543849
2.18801069 0.12403735
4.64184761 0.37320438
4.37386942 0.17662340
2.18801069 0.23037590
4.64184761 0.14294998
4.05652094 0.46454820
3.19056988 0.42020330
4.46151161 0.38972771
3.99240375 0.49780592
4.05652094 0.31002593
3.19056988 0.20058745
4.46151161 0.34175086
3.99240375 0.29164565
4.05652094 0.15719496
3.19056988 0.16597888
4.46151161 0.13038017
3.99240375 0.15589924
4.07863522 0.50300968
3.12995219 0.41319755
3.57956147 0.33608612
4.03069735 0.50212616
3.96193218 0.45478973
4.40800333 0.38544533
4.07863522 0.30059925
3.12995219 0.18760528
3.57956147 0.21973956
4.03069735 0.28405133
3.96193218 0.27183816
4.40800333 0.29712909
4.07863522 0.17097621
3.12995219 0.17288472
3.57956147 0.15798301
4.03069735 0.17018062
3.96193218 0.16770984
4.40800333 0.14096086
2.95512414 0.35188878
3.83619523 0.47576034
2.17809725 0.30504641
4.30359602 0.36675885
2.95512414 0.12567224
3.83619523 0.20487495
2.17809725 0.08692019
4.30359602 0.20488428
2.95512414 0.16772856
3.83619523 0.14784051
2.17809725 0.19514297
4.30359602 0.12618481
3.39483619 0.39656934
4.42921352 0.56488019
3.81588411 0.32895279
4.41516638 0.40601018
2.85680056 0.37090698
4.05519438 0.50037175
3.39483619 0.24370933
4.42921352 0.34596363
3.81588411 0.26439205
4.41516638 0.39179385
2.85680056 0.20024371
4.05519438 0.34209263
3.39483619 0.18203072
4.42921352 0.17477943
3.81588411 0.15352248
4.41516638 0.15596844
2.85680056 0.18841082
4.05519438 0.18198563
4.45068264 0.50532448
3.46450520 0.45197353
4.43303967 0.37682629
3.97693896 0.49606171
4.00813627 0.49507800
4.45068264 0.24476086
3.46450520 0.16217969
4.43303967 0.24327366
3.97693896 0.22417010
4.00813627 0.24209207
4.45068264 0.14576854
3.46450520 0.15473570
4.43303967 0.12705393
3.97693896 0.14390211
4.00813627 0.14504884
4.43280315 0.54759520
2.19487739 0.29492456
3.82408786 0.49390265
4.43280315 0.37315547
2.19487739 0.15619646
3.82408786 0.31593344
4.43280315 0.17175953
2.19487739 0.23963147
3.82408786 0.18076305
3.10198736 0.39804646
2.19316888 0.29474244
3.10198736 0.12804545
2.19316888 0.08979884
3.10198736 0.15096763
2.19316888 0.19092451
4.00361633 0.45908871
4.06101084 0.52163917
4.33601665 0.53201509
4.22443962 0.37077057
4.00361633 0.23576427
4.06101084 0.22001140
4.33601665 0.28420937
4.22443962 0.22327989
4.00361633 0.13544264
4.06101084 0.13526897
4.33601665 0.13552849
4.22443962 0.11944517
2.73575449 0.32981652
4.35723162 0.53440899
4.28607368 0.39516321
3.45108056 0.30930471
2.73575449 0.19982810
4.35723162 0.42270955
4.28607368 0.39190674
3.45108056 0.22770192
2.73575449 0.18869437
4.35723162 0.17308693
4.28607368 0.14981422
3.45108056 0.15493755
4.29647303 0.49829665
2.12770486 0.25984457
2.15979719 0.28416771
4.29647303 0.33563945
2.12770486 0.12757808
2.15979719 0.12949167
4.29647303 0.16577061
2.12770486 0.22732764
2.15979719 0.22681570
4.25658751 0.50806355
3.86912966 0.42797121
4.25658751 0.34488341
3.86912966 0.30223268
4.25658751 0.16539155
3.86912966 0.16280809
4.14390993 0.49578905
4.05753136 0.47311664
4.14390993 0.29056951
4.05753136 0.27783856
4.14390993 0.15214281
4.05753136 0.15020131
2.14267731 0.27599970
4.45664883 0.48623481
3.71642017 0.44936621
2.14267731 0.08879638
4.45664883 0.22995858
3.71642017 0.19830461
2.14267731 0.19467242
4.45664883 0.12558405
3.71642017 0.13618128
3.18734384 0.36100999
2.22320509 0.28396580
3.18734384 0.23562199
2.22320509 0.14925064
3.18734384 0.17126037
2.22320509 0.22828127
3.28241920 0.39201543
2.83167815 0.35438991
3.28241920 0.23840375
2.83167815 0.19805081
3.28241920 0.17077677
2.83167815 0.18081801
3.97601247 0.47752693
4.31731367 0.50049597
3.97601247 0.23171502
4.31731367 0.24878810
3.97601247 0.14292699
4.31731367 0.14245710
4.34013700 0.50290495
4.34013700 0.37748718
4.34013700 0.17488420
4.03987646 0.44486180
3.31999445 0.39592043
4.03987646 0.22625385
3.31999445 0.16535760
4.03987646 0.13076314
3.31999445 0.14654416
2.14207029 0.27593982
2.12472224 0.25956890
4.32264471 0.51526588
2.14207029 0.15165137
2.12472224 0.14830416
4.32264471 0.39186981
2.14207029 0.23475732
2.12472224 0.23212440
4.32264471 0.17427611
2.18918014 0.28059348
2.18356252 0.26502094
4.40880919 0.52466726
2.18918014 0.10211656
2.18356252 0.10233873
4.40880919 0.25938031
2.18918014 0.20618920
2.18356252 0.20113607
4.40880919 0.14044215
3.26350164 0.39005065
2.16511631 0.26330867
3.57101417 0.43363866
3.26350164 0.14871508
2.16511631 0.08667008
3.57101417 0.16626951
3.26350164 0.16038570
2.16511631 0.20533608
3.57101417 0.15851249
2.18495941 0.28017581
3.45039725 0.38673863
2.18495941 0.11646286
3.45039725 0.20203616
2.18495941 0.20975859
3.45039725 0.15882944
3.70973945 0.44864285
4.53346682 0.49387980
2.21624732 0.28327546
3.70973945 0.35437334
4.53346682 0.42641762
2.21624732 0.16896331
3.70973945 0.19280535
4.53346682 0.17482565
2.21624732 0.23331390
4.31150675 0.49988315
2.18363237 0.26502740
2.32830572 0.30153307
4.31150675 0.34060967
2.18363237 0.13883467
2.32830572 0.14411138
4.31150675 0.16837604
2.18363237 0.22270787
2.32830572 0.21207578
3.58386064 0.43502668
2.20827818 0.26731935
3.40605116 0.40487611
3.58386064 0.34362558
2.20827818 0.19005968
3.40605116 0.32494161
3.58386064 0.18755035
2.20827818 0.22354800
3.40605116 0.18972446
4.39367390 0.47997165
2.08879995 0.27691817
3.79467058 0.44550028
4.39367390 0.25555071
2.08879995 0.09630405
3.79467058 0.22090079
4.39367390 0.13481294
2.08879995 0.20805085
3.79467058 0.14030798
4.47975540 0.48853382
2.17937326 0.28617409
3.79207778 0.44522843
4.47975540 0.40268651
2.17937326 0.15662174
3.79207778 0.35266337
4.47975540 0.17195036
2.17937326 0.23324741
3.79207778 0.18737300
2.18165827 0.28640851
3.21668482 0.36387172
2.18165827 0.13366948
3.21668482 0.22281247
2.18165827 0.21703072
3.21668482 0.16679621
3.12527966 0.38568947
3.07181001 0.37019387
3.12527966 0.16419415
3.07181001 0.15766215
3.12527966 0.15484901
3.07181001 0.15461874
4.29815769 0.51259553
3.23074293 0.36524367
4.15852118 0.48375094
4.29815769 0.26248619
3.23074293 0.18082835
4.15852118 0.25679484
4.29815769 0.13379726
3.23074293 0.14718671
4.15852118 0.13433546
4.09642601 0.45046401
4.16815948 0.48476651
4.09642601 0.31422505
4.16815948 0.32548568
4.09642601 0.14849471
4.16815948 0.15217866
3.78085017 0.41925445
2.38997984 0.30793768
3.78085017 0.27030465
2.38997984 0.15023284
3.78085017 0.17312239
2.38997984 0.21127580
4.17586184 0.49926826
4.17586184 0.24543333
4.17586184 0.13330151
4.13856125 0.49520674
4.04923820 0.47224391
4.13856125 0.28987947
4.04923820 0.27679878
4.13856125 0.15200634
4.04923820 0.15007389
4.13155794 0.48091051
3.37914252 0.37975416
4.41793156 0.52566308
4.13155794 0.34209812
3.37914252 0.24049878
4.41793156 0.37186518
4.13155794 0.18048418
3.37914252 0.18191326
4.41793156 0.17580414
4.52499628 0.49303651
4.49262571 0.53381938
4.52499628 0.26089302
4.49262571 0.26847205
4.52499628 0.14987190
4.49262571 0.15184997
4.54856634 0.49538311
3.48492193 0.42434451
4.54856634 0.35250843
3.48492193 0.24149694
4.54856634 0.16062473
3.48492193 0.17113440
4.12990379 0.48073626
4.05372906 0.44623375
4.12990379 0.24472694
4.05372906 0.22361952
4.12990379 0.15082021
4.05372906 0.14880680
2.97378206 0.36007974
4.00994587 0.44189820
2.97378206 0.21598172
4.00994587 0.32660708
2.97378206 0.18513143
4.00994587 0.17470004
4.02900314 0.48328689
4.02900314 0.35285160
4.02900314 0.17590673
2.94087529 0.36599895
3.78087759 0.41925716
2.94087529 0.13862732
3.78087759 0.20171064
2.94087529 0.15508036
3.78087759 0.13449806
3.87040067 0.46367326
3.87040067 0.29845098
3.87040067 0.16181932
2.10069156 0.27107504
2.15976477 0.28824380
2.10069156 0.14907403
2.15976477 0.15057357
2.10069156 0.24518478
2.15976477 0.24209027
3.77000594 0.46833491
3.69314218 0.44461170
2.30593872 0.29141304
3.78992558 0.46314940
3.77000594 0.26196623
3.69314218 0.24822992
2.30593872 0.13359983
3.78992558 0.24630839
3.77000594 0.16103904
3.69314218 0.15761276
2.30593872 0.19944416
3.78992558 0.15264112
3.54008365 0.41801834
2.16140747 0.28841376
3.86428308 0.47891328
3.54008365 0.15581430
2.16140747 0.08486580
3.86428308 0.19248600
3.54008365 0.14154443
2.16140747 0.19687557
3.86428308 0.13314229
2.87212944 0.35715878
4.48597527 0.53967428
3.87037802 0.47959760
3.36646152 0.39992830
2.87212944 0.18861385
4.48597527 0.36069241
3.87037802 0.30698979
3.36646152 0.24389558
2.87212944 0.18403673
4.48597527 0.16489534
3.87037802 0.17519575
3.36646152 0.17355023
2.18481874 0.29083797
3.63728189 0.43861517
2.22719407 0.28357175
2.18481874 0.14596789
3.63728189 0.29997626
2.22719407 0.15295167
2.18481874 0.23000383
3.63728189 0.17244853
2.22719407 0.22216626
3.98241949 0.48425266
3.19216847 0.39105073
3.01174641 0.36318707
4.28625870 0.52640212
3.98241949 0.20760669
3.19216847 0.16376290
3.01174641 0.14374702
4.28625870 0.25283644
3.98241949 0.14003563
3.19216847 0.15666246
3.01174641 0.15777610
4.28625870 0.13998015
4.05194139 0.50000566
4.60080194 0.55234832
2.22265148 0.28312078
4.05194139 0.21338934
4.60080194 0.24908555
2.22265148 0.09645468
4.05194139 0.13873868
4.60080194 0.13544321
2.22265148 0.18153018
3.84981179 0.46145678
4.53381729 0.54495341
2.80011368 0.36053184
2.19253397 0.28013489
3.84981179 0.32088259
4.53381729 0.40022770
2.80011368 0.21420686
2.19253397 0.15987806
3.84981179 0.18887751
4.53381729 0.17732693
2.80011368 0.20013160
2.19253397 0.22835742
2.15435648 0.28272459
2.16821241 0.29208523
3.82277226 0.44759026
2.15435648 0.14113255
2.16821241 0.14304717
3.82277226 0.31913787
2.15435648 0.23684466
2.16821241 0.23144478
3.82277226 0.18485838
2.16991329 0.28430381
2.20305943 0.29579687
2.16991329 0.09627198
2.20305943 0.09712372
2.16991329 0.20175974
2.20305943 0.19817676
3.53126645 0.41709828
3.53126645 0.25337622
3.53126645 0.15507379
4.02247334 0.48865020
2.08145118 0.27535143
4.50067854 0.55060685
4.02247334 0.34655139
2.08145118 0.13366085
4.50067854 0.38689244
4.02247334 0.16798671
2.08145118 0.23335588
4.50067854 0.16258597
2.73470783 0.34879848
2.17453504 0.28477338
3.73891664 0.43880448
4.60159588 0.56201333
2.73470783 0.12425350
2.17453504 0.09571948
3.73891664 0.19278674
4.60159588 0.26287338
2.73470783 0.16894066
2.17453504 0.20733117
3.73891664 0.14436249
4.60159588 0.13979469
2.19236779 0.28658673
3.39773321 0.42670608
3.82288527 0.44760212
2.19236779 0.09569443
3.39773321 0.17312850
3.82288527 0.20559049
2.19236779 0.18907821
3.39773321 0.15493633
3.82288527 0.14672594
3.98066473 0.48406005
2.18300009 0.28563383
3.79375267 0.44454858
3.56260443 0.44511223
3.98066473 0.27709028
2.18300009 0.12735917
3.79375267 0.27121773
3.56260443 0.23842341
3.98066473 0.15832275
2.18300009 0.21422558
3.79375267 0.15950286
3.56260443 0.15971084
2.77568913 0.35317910
4.52699232 0.53463411
2.14271021 0.28937501
2.77568913 0.12705278
4.52699232 0.23620294
2.14271021 0.09334784
2.77568913 0.16492103
4.52699232 0.13869300
2.14271021 0.19823617
4.15427065 0.50313461
3.26444769 0.39874467
2.17221737 0.29251131
4.15427065 0.31710720
3.26444769 0.21420747
2.17221737 0.13043369
4.15427065 0.16314726
3.26444769 0.17167751
2.17221737 0.21791117
4.00304031 0.48651636
4.49822283 0.53151530
2.08714747 0.28348890
3.97918010 0.46400511
4.00304031 0.30938274
4.49822283 0.33667508
2.08714747 0.13028419
3.97918010 0.31216025
4.00304031 0.18024985
4.49822283 0.17808503
2.08714747 0.23024166
3.97918010 0.18084556
3.47577333 0.42130908
2.23105597 0.29878554
2.75995827 0.33733425
3.47577333 0.22180848
2.23105597 0.13154724
2.75995827 0.17474882
3.47577333 0.18159787
2.23105597 0.21259095
2.75995827 0.18873467
2.24202228 0.29677948
2.66729188 0.33565053
3.37139487 0.40044141
2.24202228 0.16923594
2.66729188 0.21048890
3.37139487 0.28990522
2.24202228 0.23006524
2.66729188 0.20121600
3.37139487 0.19093476
3.91626596 0.48475137
2.17971516 0.29030910
4.02441931 0.48027286
4.51819801 0.52080160
3.91626596 0.21677661
2.17971516 0.09904012
4.02441931 0.22360764
4.51819801 0.25787827
3.91626596 0.13708358
2.17971516 0.19775851
4.02441931 0.13762189
4.51819801 0.13329156
3.91044760 0.46798626
4.27863693 0.49552014
4.41992378 0.53238934
3.91044760 0.19548112
4.27863693 0.23906481
4.41992378 0.23981656
3.91044760 0.13837044
4.27863693 0.13556471
4.41992378 0.13604641
4.51169825 0.52011490
2.17688370 0.29001579
2.74297404 0.35426280
4.51169825 0.34685636
2.17688370 0.13191913
2.74297404 0.17621589
4.51169825 0.15781863
2.17688370 0.21640337
2.74297404 0.17851341
3.98225093 0.48423412
3.18994498 0.39081421
3.01211858 0.36322546
4.28392696 0.52613920
3.98225093 0.20800050
3.18994498 0.16389371
3.01211858 0.14403477
4.28392696 0.25311083
3.98225093 0.14026174
3.18994498 0.15689932
3.01211858 0.15794526
4.28392696 0.14024711
4.25738573 0.49328026
3.19009590 0.39780220
3.90894556 0.48392904
4.25738573 0.34119377
3.19009590 0.21790443
3.90894556 0.31606400
4.25738573 0.16267942
3.19009590 0.16812406
3.90894556 0.16204248
4.14634705 0.50226325
3.27031827 0.39937019
2.17221832 0.29251143
4.14634705 0.31658021
3.27031827 0.21508998
2.17221832 0.13063127
4.14634705 0.16341044
3.27031827 0.17185454
2.17221832 0.21812843
3.90100312 0.46696892
3.70997715 0.43577492
4.24915695 0.52221853
3.90100312 0.32130119
3.70997715 0.28383365
4.24915695 0.35749915
3.90100312 0.15909058
3.70997715 0.15914847
4.24915695 0.15741853
4.02441311 0.48886323
2.87686682 0.35765806
4.02441311 0.23477693
2.87686682 0.13328320
4.02441311 0.14256120
2.87686682 0.16476300
3.90796947 0.48381940
2.86834836 0.36310753
4.02906466 0.48077402
3.90796947 0.29870087
2.86834836 0.18705522
4.02906466 0.30905208
3.90796947 0.16261841
2.86834836 0.17326809
4.02906466 0.16396457
4.05064631 0.49986002
2.74237394 0.33553740
4.05064631 0.32750002
2.74237394 0.18277101
4.05064631 0.16664845
2.74237394 0.17967443
2.58911705 0.33744845
3.93971300 0.45985985
4.00501919 0.48673368
2.58911705 0.17137599
3.93971300 0.31564209
4.00501919 0.31547001
2.58911705 0.19531493
3.93971300 0.17386945
4.00501919 0.17351049
2.99156833 0.37261474
3.27082777 0.40129706
3.96113038 0.38557994
4.53641748 0.55375063
2.99156833 0.21737254
3.27082777 0.24101363
3.96113038 0.31380999
4.53641748 0.40503171
2.99156833 0.17768703
3.27082777 0.17778915
3.96113038 0.15095200
4.53641748 0.17288548
3.31810832 0.40637824
4.12934780 0.48633310
3.31810832 0.20574404
4.12934780 0.30224729
3.31810832 0.16653378
4.12934780 0.16759987
4.00254917 0.49393991
4.23302507 0.44179907
2.78592634 0.35073850
3.34007311 0.40874049
4.00254917 0.20920706
4.23302507 0.22802985
2.78592634 0.12455866
3.34007311 0.14340945
4.00254917 0.14572996
4.23302507 0.12722258
2.78592634 0.16275601
3.34007311 0.15077783
2.24278617 0.29269397
3.12471843 0.37983504
4.72303057 0.45286974
2.99626470 0.38239014
2.24278617 0.13361765
3.12471843 0.20687898
4.72303057 0.40212432
2.99626470 0.20167822
2.24278617 0.20734602
3.12471843 0.16942586
4.72303057 0.14993162
2.99626470 0.17666143
3.68677354 0.44741610
2.31384087 0.30003452
4.60944510 0.53771436
4.35447836 0.42026076
4.48704433 0.54820698
3.68677354 0.20072617
2.31384087 0.10334412
4.60944510 0.26582566
4.35447836 0.25402787
4.48704433 0.26702055
3.68677354 0.14410098
2.31384087 0.18857598
4.60944510 0.13576519
4.35447836 0.13260351
4.48704433 0.14234067
3.03423214 0.37595487
3.73533583 0.44436193
4.58948612 0.44104287
4.40934992 0.45870420
2.21302247 0.29776579
3.03423214 0.18925875
3.73533583 0.27170965
4.58948612 0.37846658
4.40934992 0.34153214
2.21302247 0.13513584
3.03423214 0.17475122
3.73533583 0.16178016
4.58948612 0.15103473
4.40934992 0.14552861
2.21302247 0.20839296
4.52679157 0.53755182
3.79702425 0.37115738
4.73053694 0.48955801
2.18097520 0.29437855
4.52679157 0.37410414
3.79702425 0.29540202
4.73053694 0.42020738
2.18097520 0.14858747
4.52679157 0.17802359
3.79702425 0.16677515
4.73053694 0.15907083
2.18097520 0.23231871
4.24778223 0.50840247
2.20729756 0.28904137
2.12146544 0.27647582
3.74048829 0.46470848
4.24778223 0.22305642
2.20729756 0.09078366
2.12146544 0.09122467
3.74048829 0.19274627
4.24778223 0.13703145
2.20729756 0.18641603
2.12146544 0.18431388
3.74048829 0.14816508
4.20404673 0.50363380
2.21536708 0.28987107
2.16714406 0.28105798
4.20404673 0.33611727
2.21536708 0.13864586
2.16714406 0.13811336
4.20404673 0.17970927
2.21536708 0.22575046
2.16714406 0.22724915
2.14650083 0.28396919
3.70161486 0.46038118
4.19350004 0.50118941
2.12855220 0.27718556
2.14650083 0.14268823
3.70161486 0.30224127
4.19350004 0.33467817
2.12855220 0.14385714
2.14650083 0.22891395
3.70161486 0.18709059
4.19350004 0.17392440
2.12855220 0.23053856
2.22894073 0.29243472
4.24678040 0.50699466
2.14334631 0.27866861
2.22894073 0.08878335
4.24678040 0.19736482
2.14334631 0.08715592
2.22894073 0.17496882
4.24678040 0.13152851
2.14334631 0.18443543
4.13969517 0.40130588
4.12484884 0.50761348
4.05210829 0.48579952
4.16507769 0.49014887
4.13969517 0.25910965
4.12484884 0.25559631
4.05210829 0.23015398
4.16507769 0.24361241
4.13969517 0.12682541
4.12484884 0.14904590
4.05210829 0.14094616
4.16507769 0.13911127
3.44351673 0.42112258
3.83858204 0.47563863
3.28047800 0.40233374
2.19537067 0.28389788
3.44351673 0.15942024
3.83858204 0.19865847
3.28047800 0.14613965
2.19537067 0.09245882
3.44351673 0.15360437
3.83858204 0.15147142
3.28047800 0.15825926
2.19537067 0.18631525
3.44100285 0.42085144
3.42966270 0.41838649
2.18304920 0.28265744
3.80776858 0.47220364
3.44100285 0.23071122
3.42966270 0.21500522
2.18304920 0.12954824
3.80776858 0.28226563
3.44100285 0.16845222
3.42966270 0.16507958
2.18304920 0.21105401
3.80776858 0.17971843
2.65744567 0.33715108
3.75971103 0.39656568
2.21663570 0.29814819
3.72095442 0.44283414
2.65744567 0.20663901
3.75971103 0.31605020
2.21663570 0.16943307
3.72095442 0.32327470
2.65744567 0.19475108
3.75971103 0.17053984
2.21663570 0.23005639
3.72095442 0.18109058
4.47313404 0.52310365
4.01270723 0.49507496
4.36259079 0.45421872
2.15984893 0.28533617
3.80644250 0.45912066
4.47313404 0.35321030
4.01270723 0.31278470
4.36259079 0.35750911
2.15984893 0.13658254
3.80644250 0.27678460
4.47313404 0.15886383
4.01270723 0.17174126
4.36259079 0.14300835
2.15984893 0.20437115
3.80644250 0.16654034
2.67439699 0.33893982
3.75459862 0.39607847
2.20262122 0.29666555
3.73862410 0.44471130
2.67439699 0.20822930
3.75459862 0.31475022
2.20262122 0.16803341
3.73862410 0.32542959
2.67439699 0.19416128
3.75459862 0.17030102
2.20262122 0.23040700
3.73862410 0.18095779
4.43290567 0.42719159
4.09799767 0.49207982
3.14942741 0.39922455
4.01719332 0.48200288
3.18404746 0.38606882
4.43290567 0.32674021
4.09799767 0.26542768
3.14942741 0.18826889
4.01719332 0.25594190
3.18404746 0.18536822
4.43290567 0.13990118
4.09799767 0.15826745
3.14942741 0.16580936
4.01719332 0.15770783
3.18404746 0.16256271
4.04758167 0.48530722
3.75600886 0.44655868
3.80508494 0.40089130
2.19536257 0.29589823
4.04758167 0.37344667
3.75600886 0.35149217
3.80508494 0.32772216
2.19536257 0.16752875
4.04758167 0.20916533
3.75600886 0.18977451
3.80508494 0.17200696
2.19536257 0.23353924
3.96508455 0.47761831
3.35564637 0.35817075
2.17393637 0.29363570
3.96508455 0.23954855
3.35564637 0.17266698
2.17393637 0.11255267
3.96508455 0.15388653
3.35564637 0.15405300
2.17393637 0.21080136
4.43158865 0.42707515
4.09820795 0.49210274
3.14705443 0.39896324
4.01971483 0.48227704
3.18582201 0.38625538
4.43158865 0.32655582
4.09820795 0.26544842
3.14705443 0.18806081
4.01971483 0.25621739
3.18582201 0.18553977
4.43158865 0.13989244
4.09820795 0.15826462
3.14705443 0.16584025
4.01971483 0.15771846
3.18582201 0.16254081
4.07512188 0.48958924
4.05668449 0.48629725
3.05794406 0.37283018
4.22456789 0.44098890
3.17847252 0.40242434
4.07512188 0.22761749
4.05668449 0.22481008
3.05794406 0.15695395
4.22456789 0.24655581
3.17847252 0.16318122
4.07512188 0.14172146
4.05668449 0.14575107
3.05794406 0.15793908
4.22456789 0.12856741
3.17847252 0.15812834
4.51844835 0.52795893
2.23891735 0.29346278
3.77441287 0.45564863
4.31397676 0.41668344
4.51844835 0.22078943
2.23891735 0.08615872
3.77441287 0.16430534
4.31397676 0.20384882
4.51844835 0.12982632
2.23891735 0.17193122
3.77441287 0.13503252
4.31397676 0.12331154
4.10381651 0.49271342
4.09107971 0.50383615
4.47016811 0.46454087
4.06779528 0.47976312
4.10381651 0.28870305
4.09107971 0.29960188
4.47016811 0.34906855
4.06779528 0.29085678
4.10381651 0.16262875
4.09107971 0.16360559
4.47016811 0.14196125
4.06779528 0.16095136
4.13604403 0.40098402
4.11880159 0.50693697
4.05640602 0.48626697
4.16573429 0.49021900
4.13604403 0.25872478
4.11880159 0.25505745
4.05640602 0.23061554
4.16573429 0.24383008
4.13604403 0.12681602
4.11880159 0.14900501
4.05640602 0.14092827
4.16573429 0.13911749
2.29946971 0.29971787
3.10629010 0.37790063
4.73334789 0.45378396
2.29946971 0.12493744
3.10629010 0.18765914
4.73334789 0.36613992
2.29946971 0.19185823
3.10629010 0.16231205
4.73334789 0.13681774
3.50160861 0.42739168
4.05206490 0.47808480
4.45691729 0.42931452
3.50160861 0.17457032
4.05206490 0.21764849
4.45691729 0.26714200
3.50160861 0.14701743
4.05206490 0.13631216
4.45691729 0.12624381
4.13819313 0.40117344
4.12452793 0.50757760
4.05528927 0.48614547
4.16830254 0.49049333
4.13819313 0.25884160
4.12452793 0.25548196
4.05528927 0.23041745
4.16830254 0.24389674
4.13819313 0.12679178
4.12452793 0.14899145
4.05528927 0.14090125
4.16830254 0.13906880
4.00384092 0.49408424
4.23579979 0.44206488
2.80012918 0.35224459
3.33580732 0.40828165
4.00384092 0.20883732
4.23579979 0.22763383
2.80012918 0.12511395
3.33580732 0.14263730
4.00384092 0.14540125
4.23579979 0.12695223
2.80012918 0.16213246
3.33580732 0.15055172
2.31329274 0.29997775
3.33870435 0.40235937
2.31329274 0.13832767
3.33870435 0.23236741
2.31329274 0.21058922
3.33870435 0.18753280
4.04471016 0.49865159
4.28068352 0.44636574
4.36549616 0.51994044
4.04471016 0.23908494
4.28068352 0.26174220
4.36549616 0.24025238
4.04471016 0.14778376
4.28068352 0.13328916
4.36549616 0.14584181
2.71736741 0.35193181
3.49994278 0.37185392
3.97634530 0.47884262
4.43752432 0.52780193
2.71736741 0.17975342
3.49994278 0.23534058
3.97634530 0.29536915
4.43752432 0.32383087
2.71736741 0.18722463
3.49994278 0.15975870
3.97634530 0.17399280
4.43752432 0.17201813
3.80013561 0.46475804
4.36761427 0.47515118
3.80013561 0.21812344
4.36761427 0.29345539
3.80013561 0.15902762
4.36761427 0.15409161
2.12283802 0.28517988
2.05991387 0.25306073
2.07817674 0.25934568
4.46396160 0.43643737
2.12283802 0.07157334
2.05991387 0.07248380
2.07817674 0.07115846
4.46396160 0.20897384
2.12283802 0.19565189
2.05991387 0.18699132
2.07817674 0.18320478
4.46396160 0.11798205
3.77444696 0.46194971
2.18096519 0.26414686
2.18855429 0.26972571
3.70120120 0.36781764
3.77444696 0.37503946
2.18096519 0.19160850
2.18855429 0.19165187
3.70120120 0.37191629
3.77444696 0.22930215
2.18096519 0.27754954
2.18855429 0.27204797
3.70120120 0.21621411
2.19198942 0.29232177
3.63428617 0.40310100
2.06687570 0.25828886
4.69159222 0.45701113
2.19198942 0.14777626
3.63428617 0.29023996
2.06687570 0.14414130
4.69159222 0.45561013
2.19198942 0.24811654
3.63428617 0.19041111
2.06687570 0.27076462
4.69159222 0.17485671
4.53111887 0.54502457
4.56561375 0.49471116
2.10151839 0.26153219
3.74659300 0.37188390
4.53111887 0.40225157
4.56561375 0.41569579
2.10151839 0.14589415
3.74659300 0.28734669
4.53111887 0.18311308
4.56561375 0.17663686
2.10151839 0.23789968
3.74659300 0.15803906
4.18505812 0.45715165
3.23702002 0.37166500
3.62785387 0.36125275
4.18505812 0.27666870
3.23702002 0.19139750
3.62785387 0.20908065
4.18505812 0.16047925
3.23702002 0.16413276
3.62785387 0.14804481
4.20263481 0.50887889
3.17044258 0.36507404
4.20263481 0.31149474
3.17044258 0.21369648
4.20263481 0.16297309
3.17044258 0.16667835
2.15681434 0.28868398
2.08164477 0.25504124
3.66053152 0.41381475
2.15681434 0.17061125
2.08164477 0.17372204
3.66053152 0.33623400
2.15681434 0.26463151
2.08164477 0.27668986
3.66053152 0.20269690
4.20913219 0.50959283
3.18048263 0.35896030
4.20913219 0.32118395
3.18048263 0.21552564
4.20913219 0.15533654
3.18048263 0.16060723
3.19277143 0.39868104
4.05990219 0.45383844
3.19277143 0.18855007
4.05990219 0.30096355
3.19277143 0.18902802
4.05990219 0.17768145
2.13238192 0.28616318
4.44046402 0.48234358
4.50197983 0.49836707
2.13238192 0.14153092
4.44046402 0.43294868
4.50197983 0.43352520
2.13238192 0.24751605
4.44046402 0.18052708
4.50197983 0.18079512
3.04335999 0.34571889
3.04335999 0.18669994
3.04335999 0.17237276
3.19346857 0.39875641
4.07178307 0.44600186
3.19346857 0.18896098
4.07178307 0.29965058
3.19346857 0.18041150
4.07178307 0.16949718
4.02208042 0.48906109
4.13079739 0.46096531
4.17681074 0.41053960
4.02208042 0.21465069
4.13079739 0.24628444
4.17681074 0.24305356
4.02208042 0.15642296
4.13079739 0.15089375
4.17681074 0.13869590
4.18820333 0.45746145
3.23562479 0.37152675
3.62557793 0.36104915
4.18820333 0.27749076
3.23562479 0.19161163
3.62557793 0.20924085
4.18820333 0.16076578
3.23562479 0.16433088
3.62557793 0.14822592
3.18896413 0.39826933
4.05501842 0.45334771
3.18896413 0.18869102
4.05501842 0.30114368
3.18896413 0.18971312
4.05501842 0.17846870
4.20016956 0.50860810
3.16773558 0.36480629
4.20016956 0.31193253
3.16773558 0.21388878
4.20016956 0.16364837
3.16773558 0.16716333
4.21583176 0.51032895
4.06263638 0.45411316
4.21583176 0.24722420
4.06263638 0.25326833
4.21583176 0.15805547
4.06263638 0.15256087
3.20183372 0.39966115
4.07549477 0.44636691
3.20183372 0.18953788
4.07549477 0.29973355
3.20183372 0.18012087
4.07549477 0.16925573
4.20153570 0.50875813
3.17813873 0.35873356
4.20153570 0.32068852
3.17813873 0.21564400
4.20153570 0.15565817
3.17813873 0.16087602
4.20881557 0.50955802
4.09766388 0.44854796
4.20881557 0.25281599
4.09766388 0.25586796
4.20881557 0.14922880
4.09766388 0.14404924
4.04157639 0.44303119
4.01715994 0.44954458
4.04157639 0.27529591
4.01715994 0.27251765
4.04157639 0.14431621
4.01715994 0.14500916
4.51384687 0.54312140
4.69851542 0.51822245
2.21869040 0.26762694
4.51384687 0.36967525
4.69851542 0.40425697
2.21869040 0.13989572
4.51384687 0.16647406
4.69851542 0.16013393
2.21869040 0.22084700
4.24902630 0.46345463
4.22176886 0.47011879
4.20972490 0.41350457
4.24902630 0.24164557
4.22176886 0.24089663
4.20972490 0.24382012
4.24902630 0.14820798
4.22176886 0.14639002
4.20972490 0.13098457
4.56675291 0.54895186
2.32772064 0.27774408
3.29319549 0.37723443
4.20985174 0.41351601
4.56675291 0.46355900
2.32772064 0.18872462
3.29319549 0.29187346
4.20985174 0.42572168
4.56675291 0.19373691
2.32772064 0.23087072
3.29319549 0.20135956
4.20985174 0.17542742
3.81196237 0.46605125
4.50729561 0.48894629
3.81196237 0.23258354
4.50729561 0.31727564
3.81196237 0.17269219
4.50729561 0.16197561
3.48499537 0.38853261
4.18580961 0.46649948
4.42654085 0.43305874
3.48499537 0.29140583
4.18580961 0.38568783
4.42654085 0.43287370
3.48499537 0.18910748
4.18580961 0.20463431
4.42654085 0.17260849
3.95964575 0.48221764
4.08084345 0.45594296
4.43724155 0.43402478
3.95964575 0.30080196
4.08084345 0.35767353
4.43724155 0.39443934
3.95964575 0.18344861
4.08084345 0.17844577
4.43724155 0.15045197
2.83589673 0.33214179
4.07647181 0.40150693
2.83589673 0.15112327
4.07647181 0.24292050
2.83589673 0.17274670
4.07647181 0.13130398
2.75889540 0.35204008
2.75889540 0.13124363
2.75889540 0.18462826
3.98302984 0.43727681
3.98985147 0.44680238
3.98302984 0.35342619
3.98985147 0.36588547
3.98302984 0.17785962
3.98985147 0.17868368
