4.23891735 0.40311292
4.23891735 0.21913545
4.23891735 0.13683583
4.31724739 0.43744335
4.31724739 0.22603743
4.31724739 0.12788661
4.48024893 0.45261979
4.48024893 0.36879054
4.48024893 0.15033779
4.19405270 0.39924315
4.19405270 0.18590270
4.19405270 0.12961487
4.36390448 0.41390368
4.36390448 0.36332619
4.36390448 0.15664576
3.49698234 0.36150542
3.49698234 0.23663376
3.49698234 0.16463292
4.39800358 0.41685030
4.11786604 0.41891292
4.39800358 0.22257715
4.11786604 0.20973165
4.39800358 0.12661515
4.11786604 0.12829314
4.19660425 0.42622605
4.19660425 0.34304234
4.19660425 0.15334408
3.64248371 0.37491059
3.64248371 0.27332219
3.64248371 0.16099577
4.28060961 0.43403533
4.14928722 0.39538395
4.28060961 0.24406721
4.14928722 0.21931165
4.28060961 0.13283531
4.14928722 0.13426794
3.58283019 0.36941054
3.58283019 0.21226828
3.58283019 0.15682255
3.53662992 0.34280765
3.53662992 0.25744805
3.53662992 0.17166676
4.24168062 0.40335134
4.24168062 0.21952593
4.24168062 0.13151492
4.01226377 0.40911439
4.01226377 0.19409515
4.01226377 0.13708386
4.19193935 0.42579257
4.19193935 0.34288239
4.19193935 0.15367652
4.30423403 0.40875044
4.30423403 0.22304988
4.30423403 0.12744246
3.58078241 0.36922184
3.58078241 0.21198404
3.58078241 0.15678829
3.28173232 0.34174183
3.28173232 0.15095660
3.28173232 0.15306401
3.65145159 0.35262203
3.65145159 0.36578646
3.65145159 0.17863680
3.37968087 0.32942834
3.37968087 0.13290586
3.37968087 0.14680566
4.41668224 0.44669867
3.80564427 0.36583272
4.41668224 0.30698207
3.80564427 0.20978932
4.41668224 0.13451840
3.80564427 0.14430168
4.49682713 0.42539468
4.49682713 0.43728673
4.49682713 0.16541459
4.48752689 0.40746748
4.36681986 0.54535812
3.45238447 0.43866873
3.42268133 0.42783728
4.48752689 0.21111333
4.36681986 0.22784562
3.45238447 0.13100637
3.42268133 0.14830609
4.48752689 0.11386263
4.36681986 0.12266668
3.45238447 0.13459329
3.42268133 0.13912745
3.81845856 0.47147512
4.10652828 0.47087979
3.83835959 0.37004539
3.81845856 0.27793747
4.10652828 0.29661027
3.83835959 0.23722015
3.81845856 0.15357412
4.10652828 0.15293418
3.83835959 0.14200886
2.68396974 0.35579333
3.91349387 0.38323975
1.81631744 0.24231721
4.06610775 0.50787973
2.68396974 0.17400414
3.91349387 0.30085209
1.81631744 0.10442055
4.06610775 0.29470327
2.68396974 0.17946446
3.91349387 0.14197935
1.81631744 0.22835349
4.06610775 0.16213718
3.52576613 0.34909698
3.05120826 0.39653537
3.98942971 0.49041304
4.10838556 0.47107145
1.86924672 0.26630753
3.52576613 0.26735035
3.05120826 0.22424559
3.98942971 0.32280287
4.10838556 0.31877899
1.86924672 0.11200345
3.52576613 0.14648277
3.05120826 0.16876781
3.98942971 0.16661650
4.10838556 0.16707659
1.86924672 0.23213427
3.52716804 0.34922001
3.05529237 0.39699128
3.98992610 0.49046803
4.11420250 0.47167167
1.86520731 0.26589257
3.52716804 0.26761171
3.05529237 0.22471373
3.98992610 0.32282293
4.11420250 0.31954873
1.86520731 0.11172829
3.52716804 0.14654489
3.05529237 0.16876541
3.98992610 0.16669647
4.11420250 0.16720949
1.86520731 0.23247869
3.65879846 0.45383438
3.23911977 0.41479906
3.26824665 0.38496169
3.65879846 0.30364928
3.23911977 0.26994264
3.26824665 0.26448470
3.65879846 0.16829337
3.23911977 0.17348319
3.26824665 0.17118800
1.81741846 0.25716206
4.53986216 0.56168252
3.83809066 0.48517129
1.81741846 0.08658403
4.53986216 0.28970763
3.83809066 0.24486005
1.81741846 0.21637954
4.53986216 0.14153901
3.83809066 0.13823043
1.81251156 0.26050106
4.20541525 0.48108926
1.81251156 0.09683409
4.20541525 0.30777583
1.81251156 0.23028766
4.20541525 0.15396400
3.96082473 0.36392459
4.39359760 0.54841566
3.91738081 0.37686422
4.19855690 0.48038077
4.19063044 0.52199513
3.96082473 0.31467220
4.39359760 0.43114761
3.91738081 0.31565273
4.19855690 0.38942531
4.19063044 0.39900503
3.96082473 0.15923458
4.39359760 0.18211482
3.91738081 0.16520946
4.19855690 0.18771695
4.19063044 0.18838517
4.51289415 0.40957093
4.43170404 0.55276805
4.46094370 0.42395636
3.18779850 0.37679443
3.17068505 0.40716481
4.51289415 0.21931612
4.43170404 0.22344899
4.46094370 0.22083639
3.18779850 0.13413908
3.17068505 0.14080408
4.51289415 0.12007567
4.43170404 0.13072973
4.46094370 0.12410478
3.18779850 0.14871606
3.17068505 0.15192237
3.79363990 0.46872997
3.54384065 0.34470758
4.10461521 0.51224256
3.79363990 0.23515178
3.54384065 0.16406675
4.10461521 0.24360670
3.79363990 0.13722433
3.54384065 0.14230324
4.10461521 0.13864282
4.02015448 0.36881533
4.35172462 0.54363483
4.11864805 0.51383299
4.11876106 0.50476748
4.02015448 0.33316520
4.35172462 0.44483566
4.11864805 0.36428252
4.11876106 0.40059543
4.02015448 0.15914518
4.35172462 0.18441874
4.11864805 0.17639230
4.11876106 0.17762990
2.86995316 0.36754736
3.81105947 0.36769152
3.30409479 0.42205921
4.35296106 0.42215657
3.80604386 0.48153630
2.86995316 0.18317573
3.81105947 0.23845404
3.30409479 0.21312064
4.35296106 0.36016250
3.80604386 0.29321718
2.86995316 0.16382883
3.81105947 0.13892989
3.30409479 0.15797389
4.35296106 0.13295738
3.80604386 0.15216939
1.79744756 0.25896761
4.20574760 0.48112357
1.79744756 0.11785392
4.20574760 0.37008309
1.79744756 0.24500704
4.20574760 0.16721791
3.97832847 0.48918200
4.48249102 0.42582890
1.80786407 0.26002759
3.97283220 0.38848242
3.69204283 0.46861994
3.97832847 0.20416538
4.48249102 0.23276024
1.80786407 0.07103165
3.97283220 0.21332477
3.69204283 0.19650005
3.97832847 0.13518538
4.48249102 0.12409964
1.80786407 0.21419834
3.97283220 0.12500872
3.69204283 0.13579483
3.49627757 0.44649681
4.27425766 0.53148603
1.77905428 0.23889394
3.49627757 0.24865152
4.27425766 0.35240743
1.77905428 0.10372058
3.49627757 0.16448253
4.27425766 0.17076592
1.77905428 0.23993002
3.54089642 0.35042515
1.90308344 0.27182406
4.13603210 0.50668615
1.84949267 0.24538268
4.08335495 0.50983351
3.54089642 0.22004092
1.90308344 0.10240567
4.13603210 0.28726253
1.84949267 0.09327653
4.08335495 0.26966774
3.54089642 0.14117208
1.90308344 0.20595722
4.13603210 0.15181173
1.84949267 0.21881568
4.08335495 0.15508510
1.80948138 0.25637135
4.52360392 0.51401716
4.44407368 0.42249057
3.85625792 0.48723269
1.80948138 0.11000889
4.52360392 0.33610439
4.44407368 0.36650920
3.85625792 0.31327400
1.80948138 0.23786722
4.52360392 0.15443051
4.44407368 0.13833767
3.85625792 0.15993422
3.50033212 0.44695422
4.26837492 0.53081816
1.78496897 0.23943587
3.50033212 0.24903633
4.26837492 0.35152522
1.78496897 0.10409063
3.50033212 0.16436145
4.26837492 0.17055601
1.78496897 0.23937565
1.87162638 0.26258817
4.20491934 0.40173820
3.97778010 0.49788007
4.11811066 0.40133485
3.15985870 0.40868175
1.87162638 0.08905580
4.20491934 0.23760296
3.97778010 0.23582770
4.11811066 0.26092908
3.15985870 0.17075552
1.87162638 0.21307094
4.20491934 0.12117801
3.97778010 0.13500594
4.11811066 0.12167963
3.15985870 0.14922796
3.54084516 0.35042068
1.90014529 0.27151912
4.13153982 0.50618702
1.85330737 0.24573618
4.08344412 0.50984365
3.54084516 0.21985817
1.90014529 0.10217307
4.13153982 0.28660682
1.85330737 0.09343968
4.08344412 0.26958403
3.54084516 0.14108816
1.90014529 0.20609282
4.13153982 0.15165189
1.85330737 0.21841459
4.08344412 0.15494846
3.55313206 0.35149953
1.90658391 0.27218756
1.90969145 0.26642364
4.11501408 0.47175542
3.97266746 0.49730167
3.55313206 0.22739613
1.90658391 0.10556317
1.90969145 0.10511029
4.11501408 0.28177163
3.97266746 0.28379717
3.55313206 0.13692194
1.90658391 0.20737962
1.90969145 0.21807343
4.11501408 0.14679416
3.97266746 0.15033038
3.30277610 0.42471126
4.54661322 0.56245106
1.83735001 0.25915208
3.30277610 0.28093255
4.54661322 0.41263047
1.83735001 0.12783796
3.30277610 0.16799124
4.54661322 0.16543387
1.83735001 0.24111158
3.26200438 0.32600793
1.89577997 0.27106625
3.17468548 0.40067348
3.27438831 0.38558590
3.08724308 0.39787498
3.26200438 0.15972768
1.89577997 0.08999878
3.17468548 0.16177626
3.27438831 0.16204216
3.08724308 0.15494649
3.26200438 0.13912463
1.89577997 0.19576089
3.17468548 0.14922617
3.27438831 0.14650728
3.08724308 0.15015200
3.52736282 0.34923711
3.05111361 0.39652482
3.98985052 0.49045968
4.10777235 0.47100815
1.87156570 0.26654589
3.52736282 0.26727313
3.05111361 0.22403599
3.98985052 0.32257974
4.10777235 0.31840977
1.87156570 0.11207280
3.52736282 0.14636301
3.05111361 0.16862720
3.98985052 0.16640036
4.10777235 0.16685008
1.87156570 0.23184079
3.66952395 0.33997473
3.31159782 0.42570248
4.05884552 0.49811459
4.16486645 0.47690132
3.66952395 0.17858231
3.31159782 0.18993336
4.05884552 0.27091363
4.16486645 0.26191077
3.66952395 0.14107305
3.31159782 0.15306623
4.05884552 0.13934602
4.16486645 0.14482357
3.97315526 0.36494067
4.19138432 0.40782556
1.81140339 0.26236600
3.09589887 0.39207944
3.09582877 0.36747968
3.97315526 0.28436711
4.19138432 0.37707606
1.81140339 0.11582706
3.09589887 0.23518042
3.09582877 0.21410497
3.97315526 0.14092654
4.19138432 0.14158896
1.81140339 0.23492484
3.09589887 0.17220564
3.09582877 0.17301784
3.55172110 0.35137561
1.90569079 0.27209479
1.91149104 0.26660547
4.11344767 0.47159377
3.97019577 0.49702200
3.55172110 0.22722559
1.90569079 0.10551419
1.91149104 0.10523216
4.11344767 0.28163394
3.97019577 0.28353414
3.55172110 0.13694037
1.90569079 0.20745993
1.91149104 0.21795182
4.11344767 0.14682220
3.97019577 0.15035416
2.79507685 0.36806217
3.96845126 0.38809523
1.83134162 0.24370348
4.07841921 0.50927442
2.79507685 0.15513490
3.96845126 0.26079389
1.83134162 0.08931274
4.07841921 0.24925351
2.79507685 0.16802096
3.96845126 0.13385542
1.83134162 0.21442373
4.07841921 0.14905551
3.54233098 0.35055113
1.90152991 0.27166280
4.13294601 0.50634331
1.85294759 0.24570282
4.08462143 0.50997704
3.54233098 0.21992175
1.90152991 0.10221682
4.13294601 0.28662753
1.85294759 0.09338358
4.08462143 0.26957902
3.54233098 0.14104266
1.90152991 0.20595394
4.13294601 0.15158057
1.85294759 0.21841528
4.08462143 0.15487407
3.26721549 0.41078964
3.60654593 0.41947699
4.18923998 0.40037954
3.26721549 0.15228015
3.60654593 0.16180886
4.18923998 0.21060252
3.26721549 0.14491826
3.60654593 0.14034142
4.18923998 0.12244791
3.74619818 0.47475293
1.79474604 0.24033286
3.74619818 0.41218939
1.79474604 0.14898512
3.74619818 0.18598723
1.79474604 0.27400967
4.18550301 0.44036770
1.78737235 0.25729114
4.18550301 0.48788264
1.78737235 0.14820583
4.18550301 0.19279025
1.78737235 0.29150712
3.41313243 0.36647883
1.85211122 0.26382813
4.37727880 0.46351847
3.00227380 0.38405967
4.34151459 0.52996308
3.41313243 0.21520595
1.85211122 0.09730556
4.37727880 0.33692309
3.00227380 0.19204547
4.34151459 0.31401834
3.41313243 0.14000203
1.85211122 0.22847883
4.37727880 0.12554963
3.00227380 0.16736384
4.34151459 0.15236263
3.68216300 0.39211914
3.50810504 0.44259581
3.32133985 0.36118838
3.81721592 0.47427365
1.90261781 0.26597473
3.68216300 0.22108586
3.50810504 0.20697601
3.32133985 0.18844996
3.81721592 0.25654456
1.90261781 0.09320573
3.68216300 0.13630883
3.50810504 0.15136001
3.32133985 0.14766826
3.81721592 0.16459131
1.90261781 0.22116876
3.96800590 0.41948095
1.82958460 0.26154611
3.96800590 0.26711291
1.82958460 0.09087240
3.96800590 0.14175186
1.82958460 0.22946733
3.83911300 0.47417808
3.77389193 0.47226894
3.83911300 0.35406458
3.77389193 0.30212337
3.83911300 0.18354540
3.77389193 0.19282322
3.28816891 0.41552639
4.48655128 0.55238491
3.28816891 0.25143883
4.48655128 0.43266281
3.28816891 0.19555385
4.48655128 0.19413388
3.85670328 0.47612515
4.10124540 0.50601643
4.51743364 0.55587077
3.85670328 0.21102123
4.10124540 0.20988156
4.51743364 0.24571259
3.85670328 0.14763671
4.10124540 0.14861505
4.51743364 0.14513139
3.37641287 0.42528379
4.49502754 0.55334157
4.48354864 0.54579020
3.37641287 0.22847307
4.49502754 0.33292723
4.48354864 0.34785858
3.37641287 0.17790823
4.49502754 0.17165600
4.48354864 0.15967555
4.27881479 0.45392045
4.45927095 0.54930645
3.03753257 0.38611850
4.27881479 0.26542249
4.45927095 0.25292730
3.03753257 0.15823120
4.27881479 0.13595749
4.45927095 0.15703209
3.03753257 0.16532874
3.33832455 0.42106989
3.33832455 0.24157931
3.33832455 0.18726851
3.98482800 0.49590814
1.84115160 0.26044884
3.98482800 0.28947303
1.84115160 0.09994661
3.98482800 0.17336594
1.84115160 0.24975489
3.80393100 0.47563088
4.19622517 0.51665610
3.80393100 0.23220594
4.19622517 0.28812936
3.80393100 0.15842517
4.19622517 0.16313381
1.89894760 0.26632655
1.89894760 0.13156722
1.89894760 0.25073853
1.79893446 0.25556418
4.19990873 0.44623545
1.79893446 0.10891765
4.19990873 0.36249053
1.79893446 0.25907049
4.19990873 0.16116737
3.95887613 0.41860542
3.07817316 0.39494273
4.18977404 0.44524884
1.86440623 0.26280817
4.32782412 0.52843875
3.95887613 0.24114607
3.07817316 0.15053724
4.18977404 0.25225079
1.86440623 0.08203772
4.32782412 0.25444636
3.95887613 0.12972392
3.07817316 0.15974201
4.18977404 0.12653051
1.86440623 0.22627908
4.32782412 0.14344190
1.90024495 0.26645899
1.90024495 0.13154928
1.90024495 0.25049016
3.80213284 0.40358961
3.71558261 0.46574757
3.22943640 0.35236505
3.58263397 0.44815528
1.89381421 0.26508489
3.80213284 0.21417440
3.71558261 0.20588572
3.22943640 0.15778397
3.58263397 0.20115788
1.89381421 0.08445152
3.80213284 0.13405304
3.71558261 0.14728415
3.22943640 0.14981377
3.58263397 0.16078180
1.89381421 0.21488076
1.87516785 0.26320365
3.69800949 0.39751542
1.87516785 0.14083229
3.69800949 0.33016065
1.87516785 0.26067370
3.69800949 0.16638401
4.13598442 0.50710124
4.00444126 0.49810973
3.01717114 0.38569319
4.13598442 0.24946837
4.00444126 0.23799624
3.01717114 0.15570256
4.13598442 0.15666555
4.00444126 0.16155599
3.01717114 0.17540537
3.18056345 0.40171528
4.04601622 0.49983504
3.18056345 0.20946638
4.04601622 0.29485539
3.18056345 0.17136236
4.04601622 0.17728449
3.98359561 0.49576983
1.83974159 0.26030603
3.98359561 0.28985205
1.83974159 0.10003329
3.98359561 0.17378311
1.83974159 0.25016698
1.86467016 0.26214662
4.04639673 0.43130243
1.86467016 0.08992800
4.04639673 0.26154000
1.86467016 0.22400667
4.04639673 0.13275234
3.22375131 0.40643644
4.19831085 0.51990038
3.22375131 0.13557313
4.19831085 0.21626365
3.22375131 0.15820332
4.19831085 0.15084751
3.95831537 0.41855165
3.07994938 0.39513850
4.18718958 0.44499728
1.86150467 0.26251340
4.32569599 0.52820176
3.95831537 0.24131162
3.07994938 0.15080178
4.18718958 0.25219211
1.86150467 0.08195439
4.32569599 0.25447488
3.95831537 0.12982552
3.07994938 0.15982129
4.18718958 0.12663889
1.86150467 0.22659464
4.32569599 0.14359653
3.41585350 0.36673757
1.85778308 0.26440388
4.37771893 0.46356139
2.99468446 0.38322780
4.34522390 0.53037614
3.41585350 0.21568881
1.85778308 0.09766963
4.37771893 0.33704093
2.99468446 0.19125724
4.34522390 0.31441650
3.41585350 0.14002162
1.85778308 0.22813545
4.37771893 0.12559877
2.99468446 0.16756476
4.34522390 0.15246229
4.55126572 0.55334330
4.22778034 0.52321702
4.15776253 0.51234609
4.55126572 0.38073704
4.22778034 0.33759806
4.15776253 0.33527803
4.55126572 0.17866814
4.22778034 0.17994583
4.15776253 0.19141074
4.12358856 0.50572401
3.36714864 0.42691961
3.67777944 0.45873681
4.12358856 0.30926737
3.36714864 0.23595603
3.67777944 0.28545952
4.12358856 0.17870647
3.36714864 0.18494646
3.67777944 0.19306803
3.41378546 0.36654094
1.85448551 0.26406905
4.37602425 0.46339610
3.00074172 0.38389170
4.33939219 0.52972674
3.41378546 0.21515839
1.85448551 0.09741279
4.37602425 0.33650187
3.00074172 0.19179739
4.33939219 0.31357911
3.41378546 0.13992457
1.85448551 0.22822697
4.37602425 0.12545896
3.00074172 0.16729407
4.33939219 0.15219802
4.26489353 0.52143431
3.28466439 0.41776869
4.36959028 0.45808414
4.52060080 0.55307192
4.26489353 0.23927327
3.28466439 0.16084105
4.36959028 0.26279244
4.52060080 0.26112708
4.26489353 0.13652925
3.28466439 0.15557922
4.36959028 0.13057667
4.52060080 0.14016457
3.69309163 0.39316317
1.85714662 0.26433924
4.49497128 0.54706389
3.69309163 0.31966636
1.85714662 0.12935145
4.49497128 0.44870734
3.69309163 0.15910639
1.85714662 0.24906100
4.49497128 0.16761161
3.35179281 0.42046294
4.17025614 0.51674396
4.49561262 0.55026263
3.35179281 0.28241053
4.17025614 0.40049317
4.49561262 0.43379796
3.35179281 0.18701220
4.17025614 0.19057995
4.49561262 0.19734983
3.67867279 0.39178577
3.50502849 0.44225314
3.31883478 0.36094764
3.81480217 0.47400439
1.90255916 0.26596880
3.67867279 0.22103347
3.50502849 0.20694573
3.31883478 0.18849874
3.81480217 0.25658098
1.90255916 0.09331017
3.67867279 0.13646643
3.50502849 0.15155697
3.31883478 0.14783420
3.81480217 0.16485213
1.90255916 0.22129636
3.74167585 0.38059178
3.95681787 0.37516725
3.74167585 0.25935778
3.95681787 0.28175488
3.74167585 0.15582411
3.95681787 0.14656620
1.88379622 0.26543584
3.34849191 0.36033741
3.78228140 0.40195194
1.88379622 0.11232976
3.34849191 0.21994531
3.78228140 0.26227972
1.88379622 0.22189347
3.34849191 0.15721853
3.78228140 0.15376632
1.96348739 0.27357900
4.37369442 0.45847949
3.74728775 0.39860484
1.96348739 0.10000130
4.37369442 0.29611200
3.74728775 0.20771188
1.96348739 0.19857062
4.37369442 0.12798311
3.74728775 0.13923983
3.82468343 0.37054589
4.30266333 0.45163941
4.04696941 0.50014931
3.82468343 0.23438261
4.30266333 0.33300385
4.04696941 0.30541101
3.82468343 0.15063030
4.30266333 0.14340401
4.04696941 0.16649024
3.40713954 0.33449444
4.07442999 0.41099644
3.40713954 0.13150233
4.07442999 0.20380639
3.40713954 0.14940563
4.07442999 0.13365643
3.06981659 0.39187551
4.39060640 0.41216633
4.41717148 0.48004904
3.06981659 0.17417043
4.39060640 0.28880891
4.41717148 0.28309649
3.06981659 0.16426028
4.39060640 0.13354927
4.41717148 0.13212261
3.44157386 0.38252410
3.44157386 0.19443862
3.44157386 0.14942025
4.08412886 0.39306864
3.18756843 0.40480706
4.25871897 0.44767198
4.11685228 0.41488203
4.08412886 0.19909537
3.18756843 0.15439819
4.25871897 0.22574419
4.11685228 0.21935244
4.08412886 0.12750904
3.18756843 0.15725157
4.25871897 0.12599675
4.11685228 0.12716451
4.19246817 0.45748881
3.72459435 0.39617372
3.71307325 0.46294042
4.19246817 0.30608222
3.72459435 0.24873066
3.71307325 0.26386079
4.19246817 0.14003056
3.72459435 0.14273022
3.71307325 0.16284293
3.78200388 0.41641590
3.78200388 0.23961772
3.78200388 0.14674456
3.44460511 0.38282502
3.44460511 0.19501711
3.44460511 0.14953807
3.24310589 0.41091990
4.30388927 0.45175740
3.49191046 0.33577034
3.24310589 0.17294478
4.30388927 0.25415075
3.49191046 0.16289645
3.24310589 0.15394314
4.30388927 0.12560599
3.49191046 0.14130579
4.37716770 0.41859493
4.01998472 0.49713597
4.48176527 0.46915576
3.57163572 0.36511293
4.37716770 0.26641217
4.01998472 0.25431627
4.48176527 0.28492072
3.57163572 0.18869352
4.37716770 0.13237335
4.01998472 0.15406395
4.48176527 0.13088892
3.57163572 0.14164932
3.71187925 0.40942004
4.26529837 0.42849347
3.71187925 0.21840458
4.26529837 0.30640537
3.71187925 0.14559568
4.26529837 0.14632738
1.87823904 0.26487106
3.24128699 0.35017064
3.95466256 0.41846371
4.42767572 0.41533652
1.87823904 0.09245450
3.24128699 0.16775854
3.95466256 0.23849647
4.42767572 0.29011264
1.87823904 0.20704128
3.24128699 0.15371405
3.95466256 0.13770133
4.42767572 0.13875687
1.90647864 0.26774529
3.63865280 0.38796428
4.42914295 0.46408328
3.70235562 0.35356477
1.90647864 0.11347917
3.63865280 0.24038446
4.42914295 0.35247114
3.70235562 0.24321705
1.90647864 0.21923198
3.63865280 0.14748076
4.42914295 0.14816996
3.70235562 0.14982231
4.19233608 0.45747557
3.71977854 0.39571336
3.70906281 0.46249461
4.19233608 0.30687144
3.71977854 0.24867146
3.70906281 0.26379219
4.19233608 0.14041629
3.71977854 0.14301889
3.70906281 0.16325627
3.71122599 0.40935493
4.27312469 0.42921165
3.71122599 0.21813913
4.27312469 0.30737886
3.71122599 0.14543253
4.27312469 0.14620392
1.96450496 0.27368349
4.37485409 0.45859119
3.74892426 0.39876130
1.96450496 0.09995953
4.37485409 0.29586408
3.74892426 0.20760101
1.96450496 0.19838999
4.37485409 0.12784670
3.74892426 0.13911162
1.92465758 0.26960108
4.06096745 0.42840186
4.24319601 0.44617853
4.11617374 0.38873640
1.92465758 0.08518710
4.06096745 0.21824460
4.24319601 0.23694532
4.11617374 0.22022535
1.92465758 0.19703577
4.06096745 0.12559240
4.24319601 0.12793981
4.11617374 0.12711285
3.06554127 0.39140680
4.38695765 0.41185430
4.42145443 0.48047945
3.06554127 0.17373383
4.38695765 0.28811997
4.42145443 0.28351602
3.06554127 0.16425739
4.38695765 0.13345094
4.42145443 0.13207547
4.09012461 0.50497049
4.12621832 0.38959265
4.16872931 0.45510828
4.09012461 0.23513705
4.12621832 0.21502995
4.16872931 0.20947383
4.09012461 0.14323053
4.12621832 0.12657563
4.16872931 0.12516409
3.58733034 0.35001871
3.75802732 0.38208255
3.58733034 0.22129972
3.75802732 0.24746074
3.58733034 0.15787691
3.75802732 0.14995290
4.08782578 0.39339009
3.18194366 0.40418839
4.25897455 0.44769657
4.12500429 0.41562894
4.08782578 0.19920415
3.18194366 0.15378453
4.25897455 0.22549812
4.12500429 0.21996669
4.08782578 0.12735891
3.18194366 0.15715565
4.25897455 0.12583730
4.12500429 0.12701209
4.37632418 0.41852131
4.02236366 0.49740157
4.48544073 0.46951011
3.57268739 0.36520854
4.37632418 0.26593316
4.02236366 0.25437286
4.48544073 0.28509629
3.57268739 0.18854141
4.37632418 0.13222013
4.02236366 0.15387730
4.48544073 0.13075916
3.57268739 0.14152192
4.44933844 0.41718969
4.35475397 0.41663960
4.53719950 0.45347789
4.44933844 0.22894581
4.35475397 0.22221445
4.53719950 0.24021368
4.44933844 0.12514214
4.35475397 0.12848918
4.53719950 0.12603883
4.24556684 0.40712097
3.41173363 0.35059980
4.51290226 0.42262959
4.24556684 0.17883687
3.41173363 0.11896414
4.51290226 0.20463224
4.24556684 0.12224754
3.41173363 0.13739485
4.51290226 0.11854827
4.08164358 0.50402278
3.76200461 0.35862079
4.08164358 0.32650456
3.76200461 0.25089082
4.08164358 0.16552782
3.76200461 0.14486147
4.51378632 0.55242097
4.40300131 0.47862497
4.51378632 0.27505952
4.40300131 0.24067895
4.51378632 0.13690870
4.40300131 0.12904404
3.18599272 0.40463373
3.83963752 0.40744162
3.18599272 0.21760418
3.83963752 0.25909084
3.18599272 0.17338319
3.83963752 0.15329152
4.14012718 0.39793995
3.50864935 0.44025448
4.14412689 0.43639028
4.50302172 0.47120538
4.14012718 0.24525470
3.50864935 0.20728332
4.14412689 0.27023733
4.50302172 0.30883554
4.14012718 0.13812415
3.50864935 0.15864675
4.14412689 0.13538308
4.50302172 0.13414475
4.50053501 0.42936483
4.49169540 0.54994190
4.50053501 0.35535896
4.49169540 0.36140844
4.50053501 0.15203851
4.49169540 0.16185312
3.48218513 0.40500942
4.16496801 0.49892783
3.48218513 0.27028814
4.16496801 0.37855533
3.48218513 0.16504009
4.16496801 0.16298987
3.18613434 0.39390609
1.82379889 0.26966220
3.18613434 0.27749658
1.82379889 0.13130148
3.18613434 0.17292540
1.82379889 0.24579917
3.99568772 0.48064530
4.26151896 0.48453370
4.45886755 0.43552151
1.87209463 0.27478006
3.99568772 0.25246218
4.26151896 0.28162771
4.45886755 0.29146096
1.87209463 0.08738299
3.99568772 0.13889778
4.26151896 0.13762957
4.45886755 0.12533523
1.87209463 0.21901792
4.06004429 0.38237831
1.87042308 0.24688970
4.21446705 0.41362175
4.03458261 0.48484245
4.26640892 0.54733551
4.06004429 0.23523700
1.87042308 0.08421660
4.21446705 0.24606991
4.03458261 0.23599334
4.26640892 0.24781723
4.06004429 0.13251448
1.87042308 0.22132266
4.21446705 0.13258420
4.03458261 0.14711253
4.26640892 0.14656772
4.50675535 0.49163619
4.08022690 0.46595261
3.62948751 0.36146578
4.50675535 0.29520527
4.08022690 0.28317145
3.62948751 0.20295860
4.50675535 0.12461007
4.08022690 0.14970991
3.62948751 0.13810046
3.51885390 0.40872738
3.94809437 0.37289023
3.15983486 0.39111361
4.45708799 0.56969076
3.58943939 0.37012127
4.47704649 0.48863193
3.51885390 0.30136973
3.94809437 0.32897383
3.15983486 0.23118468
4.45708799 0.36303508
3.58943939 0.23068719
4.47704649 0.35526469
3.51885390 0.18064183
3.94809437 0.15714808
3.15983486 0.18198943
4.45708799 0.16739146
3.58943939 0.15802434
4.47704649 0.14574562
3.68066478 0.40842402
4.49099636 0.50810868
3.81842351 0.49499834
3.68066478 0.23049425
4.49099636 0.34919396
3.81842351 0.26726866
3.68066478 0.14572017
4.49099636 0.16893965
3.81842351 0.16532041
4.50044060 0.45447889
3.43419027 0.38376704
3.83198380 0.49657810
4.50044060 0.25035790
3.43419027 0.14275105
3.83198380 0.19499163
4.50044060 0.12374833
3.43419027 0.14259492
3.83198380 0.14140971
4.14667130 0.42161298
4.23019171 0.46369836
4.10086441 0.38584137
3.18319702 0.37481228
4.24357796 0.41622737
4.19119310 0.50176364
4.14667130 0.19422327
4.23019171 0.19335832
4.10086441 0.21977842
3.18319702 0.14987342
4.24357796 0.21661073
4.19119310 0.21832310
4.14667130 0.11810296
4.23019171 0.11807674
4.10086441 0.12228594
3.18319702 0.15182209
4.24357796 0.12125290
4.19119310 0.13362391
3.99265718 0.45699283
4.31065798 0.40366611
1.84994864 0.25639394
1.83011067 0.27032906
3.99265718 0.30729336
4.31065798 0.35176119
1.84994864 0.10761351
1.83011067 0.10510266
3.99265718 0.16484495
4.31065798 0.13538975
1.84994864 0.23181129
1.83011067 0.23403937
4.00311899 0.51654094
4.09923935 0.41721550
3.16677237 0.30716813
1.86220455 0.24613363
1.86846519 0.25819665
4.00311899 0.22579898
4.09923935 0.22979599
3.16677237 0.15741111
1.86220455 0.09443423
1.86846519 0.08878618
4.00311899 0.14389439
4.09923935 0.12723055
3.16677237 0.15098751
1.86220455 0.22000350
1.86846519 0.21444510
4.08594275 0.52621800
4.37485218 0.42798722
4.49327898 0.50834346
3.46840882 0.42399371
4.08594275 0.31566885
4.37485218 0.33290058
4.49327898 0.38591039
3.46840882 0.24729592
4.08594275 0.16610868
4.37485218 0.14273123
4.49327898 0.16114613
3.46840882 0.16624805
4.20985270 0.46164653
3.64213610 0.42124727
2.78631639 0.37599802
4.20985270 0.23069371
3.64213610 0.19627672
2.78631639 0.13319996
4.20985270 0.12730174
3.64213610 0.14973623
2.78631639 0.16544107
4.05987167 0.38236368
1.86894643 0.24675380
4.21625042 0.41378132
4.03367662 0.48474467
4.26580477 0.54726475
4.05987167 0.23525910
1.86894643 0.08416464
4.21625042 0.24640124
4.03367662 0.23594351
4.26580477 0.24782006
4.05987167 0.13253774
1.86894643 0.22149003
4.21625042 0.13261811
4.03367662 0.14714386
4.26580477 0.14659791
3.16455221 0.39161432
4.21434641 0.46209982
1.82053232 0.26931733
3.16455221 0.18443055
4.21434641 0.25354233
1.82053232 0.08983985
3.16455221 0.15588778
4.21434641 0.12706681
1.82053232 0.22543436
4.21110678 0.50391746
3.61933589 0.40227962
3.25705075 0.42991522
4.21110678 0.32037532
3.61933589 0.20976092
3.25705075 0.20111167
4.21110678 0.16293691
3.61933589 0.14725100
3.25705075 0.16415675
3.99462962 0.45719454
4.31160641 0.40374675
1.85113144 0.25650895
1.82808816 0.27011532
3.99462962 0.30748153
4.31160641 0.35185897
1.85113144 0.10766602
1.82808816 0.10494470
3.99462962 0.16481483
4.31160641 0.13536942
1.85113144 0.23169760
1.82808816 0.23415850
4.08958817 0.52664417
4.23747587 0.46443331
4.15220213 0.40805140
4.19144440 0.50179076
4.08958817 0.22880025
4.23747587 0.22321029
4.15220213 0.22209655
4.19144440 0.24223845
4.08958817 0.14299004
4.23747587 0.12661472
4.15220213 0.12879013
4.19144440 0.14124991
4.04639292 0.48611736
4.37300873 0.47811699
4.24604654 0.48294631
1.85948634 0.27344063
4.04639292 0.33068648
4.37300873 0.33468017
4.24604654 0.33981678
1.85948634 0.11120012
4.04639292 0.16741805
4.37300873 0.13982761
4.24604654 0.16611144
1.85948634 0.23790823
4.05868006 0.38226262
1.86867809 0.24672909
4.21420622 0.41359839
4.03356934 0.48473310
4.26586008 0.54727119
4.05868006 0.23530336
1.86867809 0.08419432
4.21420622 0.24630117
4.03356934 0.23608513
4.26586008 0.24798171
4.05868006 0.13261265
1.86867809 0.22155362
4.21420622 0.13269678
4.03356934 0.14724654
4.26586008 0.14670956
4.00736237 0.51703644
4.09764814 0.41706803
3.16881299 0.30733833
1.86494434 0.24638557
1.87442112 0.25877759
4.00736237 0.22587301
4.09764814 0.22915925
3.16881299 0.15735231
1.86494434 0.09449125
1.87442112 0.08897521
4.00736237 0.14371176
4.09764814 0.12709342
3.16881299 0.15083899
1.86494434 0.21965782
1.87442112 0.21381252
4.43384743 0.44828382
3.58409452 0.34214923
1.91206574 0.25073501
4.50624943 0.43977329
3.29355359 0.40533194
4.43384743 0.29635882
3.58409452 0.21478075
1.91206574 0.10350945
4.50624943 0.32325217
3.29355359 0.19891931
4.43384743 0.12735307
3.58409452 0.14220351
1.91206574 0.21565197
4.50624943 0.13219202
3.29355359 0.15703805
4.36392069 0.52046186
4.36431360 0.42704257
3.55789900 0.46471116
4.54243803 0.45838770
4.36392069 0.23151284
4.36431360 0.21936621
3.55789900 0.15356334
4.54243803 0.21867388
4.36392069 0.12646881
4.36431360 0.11745705
3.55789900 0.13797653
4.54243803 0.11272343
4.50932407 0.49189600
4.07985973 0.46591499
3.62249565 0.36084512
4.50932407 0.29630736
4.07985973 0.28351590
3.62249565 0.20259775
4.50932407 0.12486567
4.07985973 0.15005876
3.62249565 0.13836448
4.15139246 0.42205080
4.23339367 0.46402141
4.10196400 0.38593468
3.18110895 0.37460223
4.23707581 0.41564533
4.19485426 0.50215954
4.15139246 0.19491667
4.23339367 0.19382377
4.10196400 0.22010653
3.18110895 0.14976700
4.23707581 0.21592839
4.19485426 0.21887894
4.15139246 0.11813080
4.23339367 0.11811224
4.10196400 0.12233466
3.18110895 0.15190828
4.23707581 0.12131441
4.19485426 0.13370524
4.50560570 0.49151993
4.07888794 0.46581551
3.62520766 0.36108580
4.50560570 0.29572394
4.07888794 0.28345707
3.62520766 0.20290709
4.50560570 0.12482407
4.07888794 0.15001100
3.62520766 0.13832331
4.37956381 0.52215701
4.44453144 0.56821746
3.92929029 0.40147957
4.37956381 0.44352981
4.44453144 0.43221304
3.92929029 0.32129166
4.37956381 0.17869787
4.44453144 0.17922430
3.92929029 0.15163712
4.39267254 0.44445518
4.43122435 0.48399961
4.43342304 0.50218862
4.39267254 0.20736490
4.43122435 0.21401779
4.43342304 0.22048913
4.39267254 0.12059175
4.43122435 0.12083635
4.43342304 0.13191552
4.03844309 0.38054645
1.77632022 0.23829208
2.88775086 0.36235347
4.03844309 0.44159102
1.77632022 0.15110265
2.88775086 0.27594262
4.03844309 0.18184079
1.77632022 0.28015372
2.88775086 0.21291445
2.79303765 0.37676206
4.21738100 0.39573571
3.37163353 0.39381853
1.81220734 0.25273523
2.79303765 0.16503218
4.21738100 0.31321084
3.37163353 0.23057537
1.81220734 0.10092330
2.79303765 0.17231870
4.21738100 0.13569085
3.37163353 0.16382624
1.81220734 0.23287010
4.08221912 0.52578270
4.37118149 0.42765817
4.50584459 0.50963598
3.47441769 0.42463627
4.08221912 0.31497362
4.37118149 0.33219659
4.50584459 0.38770390
3.47441769 0.24793994
4.08221912 0.16605030
4.37118149 0.14269172
4.50584459 0.16126749
3.47441769 0.16621281
4.01724863 0.51819110
3.52139831 0.33687374
1.82759786 0.24296050
1.84741068 0.25614724
4.01724863 0.31835851
3.52139831 0.26234362
1.82759786 0.12060594
1.84741068 0.12002307
4.01724863 0.16477963
3.52139831 0.15205739
1.82759786 0.24330766
1.84741068 0.23951048
3.25533414 0.39902797
4.17162800 0.41189182
3.25533414 0.17160617
4.17162800 0.26053694
3.25533414 0.16893254
4.17162800 0.13881958
3.77792144 0.40541017
4.22873497 0.41703475
4.05163860 0.48939800
4.32369804 0.51338196
3.77792144 0.26633671
4.22873497 0.36502180
4.05163860 0.30871990
4.32369804 0.35758337
3.77792144 0.14646424
4.22873497 0.14009172
4.05163860 0.15751220
4.32369804 0.16023277
4.50226212 0.47584286
1.85421693 0.25512484
4.50226212 0.27291727
1.85421693 0.08383108
4.50226212 0.12603948
1.85421693 0.23168373
2.84902072 0.36006847
3.56431794 0.43188646
2.84902072 0.30513629
3.56431794 0.40995464
2.84902072 0.22401303
3.56431794 0.21149707
4.02353096 0.48634183
4.02353096 0.32158029
4.02353096 0.18842638
1.79419458 0.24933082
4.50630856 0.44207442
1.79419458 0.11882764
4.50630856 0.42848730
1.79419458 0.27422309
4.50630856 0.16011034
4.07375336 0.49180332
1.81910908 0.25172922
4.19444895 0.44584438
4.07375336 0.23947839
1.81910908 0.08339379
4.19444895 0.25108275
4.07375336 0.14681834
1.81910908 0.23671919
4.19444895 0.13234021
3.14829659 0.39190242
4.50177479 0.44166490
3.14829659 0.13588695
4.50177479 0.24372323
3.14829659 0.15656859
4.50177479 0.12826814
4.48795938 0.53696972
3.66216946 0.36617151
4.48795938 0.32092038
3.66216946 0.23670842
4.48795938 0.16721271
3.66216946 0.15198962
4.05277538 0.48952162
4.05277538 0.34058079
4.05277538 0.18446748
3.93963623 0.47205639
3.93963623 0.46566224
3.93963623 0.27635738
4.53331566 0.53601086
4.53331566 0.42574453
4.53331566 0.19942391
1.77700508 0.25037977
1.77700508 0.14379044
1.77700508 0.28226897
2.89942813 0.36150154
3.57488966 0.43773368
3.86178732 0.38404813
2.89942813 0.25347379
3.57488966 0.30694380
3.86178732 0.33351150
2.89942813 0.20713191
3.57488966 0.18629199
3.86178732 0.17653362
4.09403610 0.48864675
4.54786491 0.54351813
3.35736370 0.33899117
4.09403610 0.28004986
4.54786491 0.29123926
3.35736370 0.17738800
4.09403610 0.16507356
4.54786491 0.15432760
3.35736370 0.16230012
4.11659431 0.49107340
1.76258326 0.24898677
4.11659431 0.45998588
1.76258326 0.13512339
4.11659431 0.22769968
1.76258326 0.28609446
4.11666870 0.49108139
1.79534256 0.25215602
4.11666870 0.38909402
1.79534256 0.11515435
4.11666870 0.18910967
1.79534256 0.25832388
3.64571142 0.44538283
2.79826307 0.35091487
3.64571142 0.21373910
2.79826307 0.16698788
3.64571142 0.16629447
2.79826307 0.19031827
4.26457214 0.45267057
1.78701484 0.25134864
4.26457214 0.25590709
1.78701484 0.08025283
4.26457214 0.13178888
1.78701484 0.23328321
3.93417931 0.47147068
3.93417931 0.46512401
3.93417931 0.27664283
1.80395377 0.25299203
4.29717779 0.51052243
4.44790363 0.47053909
1.80395377 0.08261035
4.29717779 0.26488706
4.44790363 0.27408397
1.80395377 0.23244925
4.29717779 0.14407216
4.44790363 0.13063689
1.80958521 0.25081128
4.32492161 0.51916713
4.31433439 0.42474940
1.80958521 0.08553845
4.32492161 0.25714907
4.31433439 0.26411396
1.80958521 0.24310821
4.32492161 0.15103012
4.31433439 0.13711886
4.48010397 0.47368062
3.13733983 0.39073166
4.48010397 0.36353266
3.13733983 0.19838978
4.48010397 0.14889897
3.13733983 0.17458375
3.86553788 0.41389778
1.80580020 0.25317144
4.29224396 0.50999051
3.86553788 0.26091263
1.80580020 0.10151861
4.29224396 0.34671846
3.86553788 0.14493112
1.80580020 0.24118079
4.29224396 0.15832143
4.29378605 0.51577079
1.82665873 0.25245789
4.29378605 0.29487363
1.82665873 0.10148752
4.29378605 0.17039055
1.82665873 0.25517258
4.54720402 0.54344583
4.54720402 0.22634046
4.54720402 0.14411996
4.08786869 0.48798344
3.49800658 0.35151339
4.08786869 0.34025803
3.49800658 0.25654742
4.08786869 0.18820238
3.49800658 0.16703504
4.15532494 0.44203797
4.09903860 0.40535924
4.04186630 0.48833534
4.15532494 0.22863960
4.09903860 0.24671598
4.04186630 0.21610211
4.15532494 0.13396023
4.09903860 0.13317452
4.04186630 0.14224342
2.93814135 0.36556315
2.93814135 0.23361145
2.93814135 0.19058241
4.25917387 0.45214489
4.03045321 0.39919207
4.26239443 0.50677317
4.25917387 0.22896956
4.03045321 0.20824486
4.26239443 0.23168553
4.25917387 0.12198278
4.03045321 0.12213854
4.26239443 0.13489647
3.58273292 0.38654152
2.99900889 0.37598351
3.44736457 0.41942355
3.58273292 0.17507541
2.99900889 0.14843605
3.44736457 0.19354017
3.58273292 0.14110304
2.99900889 0.15669017
3.44736457 0.14927678
3.92520642 0.41968381
4.08926868 0.49349129
1.81927383 0.25174513
3.92520642 0.32357618
4.08926868 0.35311350
1.81927383 0.12195235
3.92520642 0.15304480
4.08926868 0.18033725
1.81927383 0.26513815
4.55850840 0.53501827
4.55850840 0.38253084
4.55850840 0.16590099
2.79294038 0.34770289
1.90372694 0.29712585
3.74920654 0.39654794
2.79294038 0.19448042
1.90372694 0.11847955
3.74920654 0.26794335
2.79294038 0.18082826
1.90372694 0.23630251
3.74920654 0.14923193
3.98300719 0.47334060
1.92635155 0.29978591
3.98300719 0.28161582
1.92635155 0.10885167
3.98300719 0.15239798
1.92635155 0.21385789
3.52597499 0.35606715
3.70021105 0.44319880
4.19087791 0.42590252
3.52597499 0.14212422
3.70021105 0.17409641
4.19087791 0.22622490
3.52597499 0.13809435
3.70021105 0.14012606
4.19087791 0.12410591
1.82991028 0.25071532
3.75759554 0.52647972
3.94669151 0.39376488
1.82991028 0.12052864
3.75759554 0.35025764
3.94669151 0.29686946
1.82991028 0.25593987
3.75759554 0.17430609
3.94669151 0.14434360
3.68497229 0.37028322
4.45000458 0.52336091
3.57131505 0.36875555
4.44830418 0.46333036
3.68497229 0.25783372
4.45000458 0.36698174
3.57131505 0.25433725
4.44830418 0.40288758
3.68497229 0.15075140
4.45000458 0.16058470
3.57131505 0.15899956
4.44830418 0.14535920
4.39631319 0.51759690
4.29407215 0.43546414
4.17303467 0.43697152
4.36851168 0.43178293
4.39631319 0.26762906
4.29407215 0.25814292
4.17303467 0.24848877
4.36851168 0.25251558
4.39631319 0.14261524
4.29407215 0.13043545
4.17303467 0.13106437
4.36851168 0.12846397
3.30103564 0.40090987
4.00521231 0.55795354
3.30103564 0.26081839
4.00521231 0.37902129
3.30103564 0.18627264
4.00521231 0.18765397
1.85628867 0.25325221
2.99953413 0.43090537
4.41409588 0.43590191
1.85628867 0.08186749
2.99953413 0.15457879
4.41409588 0.23916553
1.85628867 0.20770532
2.99953413 0.15685327
4.41409588 0.11799898
3.86366844 0.46060514
3.86366844 0.32397994
3.86366844 0.18083678
4.35625601 0.43067577
1.79584336 0.24745451
3.75213122 0.52578628
4.35625601 0.25353140
1.79584336 0.08354747
3.75213122 0.24647772
4.35625601 0.13372238
1.79584336 0.22392766
3.75213122 0.15144674
4.51379824 0.44491741
3.88622260 0.54281700
4.51379824 0.31704211
3.88622260 0.27967238
4.51379824 0.13846625
3.88622260 0.15613997
3.79148412 0.53078133
4.42317247 0.44744018
3.85289669 0.38533887
3.79148412 0.37717023
4.42317247 0.45221522
3.85289669 0.32330301
3.79148412 0.18670839
4.42317247 0.16753572
3.85289669 0.16437992
4.42813921 0.44790122
3.17068863 0.38718271
3.86599207 0.54024571
4.07034445 0.42715767
4.42813921 0.35760295
3.17068863 0.22630386
3.86599207 0.33594260
4.07034445 0.34588596
4.42813921 0.15193109
3.17068863 0.18713208
3.86599207 0.16985457
4.07034445 0.15880434
1.84407139 0.25207597
2.92805624 0.42197672
4.29922295 0.44904599
1.84407139 0.15753426
2.92805624 0.30297038
4.29922295 0.51455230
1.84407139 0.27673402
2.92805624 0.20689999
4.29922295 0.17678986
3.39940596 0.35299870
4.01358032 0.39978051
4.30812836 0.44989869
3.39940596 0.15483737
4.01358032 0.22108103
4.30812836 0.26601276
3.39940596 0.14766391
4.01358032 0.12819670
4.30812836 0.12740472
3.76236463 0.52708489
3.85784340 0.39512268
4.41425419 0.43591622
3.76236463 0.35485974
3.85784340 0.31421861
4.41425419 0.41613188
3.76236463 0.18422054
3.85784340 0.16844825
4.41425419 0.15969317
3.99290705 0.47439802
3.97921991 0.55464530
3.51635456 0.37444413
3.82088065 0.39171478
3.99290705 0.32167780
3.97921991 0.33827353
3.51635456 0.24840896
3.82088065 0.26073769
3.99290705 0.16788816
3.97921991 0.17116427
3.51635456 0.15336986
3.82088065 0.14424185
3.20431709 0.45657885
4.22882938 0.42941782
4.18565464 0.41527936
3.20431709 0.18393414
4.22882938 0.25111732
4.18565464 0.23712534
3.20431709 0.15574127
4.22882938 0.12512733
4.18565464 0.12232132
1.84219110 0.25189513
1.90409291 0.29716882
4.08084488 0.42816064
1.84219110 0.09199049
1.90409291 0.09657401
4.08084488 0.26145124
1.84219110 0.21969730
1.90409291 0.21170206
4.08084488 0.12480488
1.85144782 0.25278589
1.87490392 0.29374704
1.85144782 0.11050620
1.87490392 0.11404267
1.85144782 0.22979821
1.87490392 0.22626269
3.62457991 0.50961536
4.57192230 0.46125671
3.62457991 0.30777469
4.57192230 0.38742623
3.62457991 0.17893620
4.57192230 0.15442669
3.03548050 0.37299553
1.87781429 0.29408768
3.03548050 0.16146536
1.87781429 0.09255070
3.03548050 0.15522969
1.87781429 0.20424213
3.99260688 0.47436595
1.93414080 0.30070326
3.99260688 0.28258607
1.93414080 0.10934389
3.99260688 0.15223958
1.93414080 0.21314567
3.80428195 0.45427594
3.98227334 0.55503386
3.80428195 0.22232492
3.98227334 0.25155273
3.80428195 0.15703727
3.98227334 0.15592323
3.72077894 0.44538650
2.82418489 0.40903553
3.72077894 0.29628944
2.82418489 0.20060754
3.72077894 0.17271613
2.82418489 0.18296005
4.37113810 0.60462314
4.35166264 0.45406827
4.37113810 0.27410263
4.35166264 0.25815740
4.37113810 0.15257899
4.35166264 0.13870205
3.36964512 0.47739318
3.36964512 0.26984015
3.36964512 0.18371917
4.50556564 0.45509097
4.35916758 0.60309386
3.70932913 0.39275658
4.50556564 0.41532114
4.35916758 0.39993241
3.70932913 0.28169826
4.50556564 0.15170835
4.35916758 0.17306672
3.70932913 0.15634148
3.99604392 0.47473311
3.49580097 0.49332091
3.37091827 0.36068508
4.17683125 0.42460182
3.99604392 0.23541045
3.49580097 0.18569601
3.37091827 0.15232567
4.17683125 0.22028625
3.99604392 0.13610101
3.49580097 0.14569734
3.37091827 0.14065717
4.17683125 0.12058020
3.95110416 0.41994372
3.49507499 0.41903749
3.95110416 0.28972974
3.49507499 0.25752148
3.95110416 0.14742589
3.49507499 0.16616760
4.34666157 0.50916231
3.94620180 0.38097429
3.55674028 0.41084182
4.34666157 0.40797564
3.94620180 0.32789126
3.55674028 0.29436806
4.34666157 0.18318856
3.94620180 0.15491880
3.55674028 0.18553001
4.49019670 0.52445215
4.49019670 0.33611095
4.49019670 0.15356719
4.35599136 0.44336787
4.44393826 0.42424968
4.50071526 0.50665945
4.11527348 0.44950411
4.35599136 0.22026484
4.44393826 0.23350044
4.50071526 0.22643949
4.11527348 0.20321615
4.35599136 0.12132622
4.44393826 0.11810190
4.50071526 0.12843159
4.11527348 0.12197945
4.01351833 0.41970494
4.28962326 0.43718138
3.13137650 0.38098741
3.47932100 0.34065887
1.76391494 0.23689161
4.01351833 0.33815923
4.28962326 0.37862614
3.13137650 0.22947192
3.47932100 0.24655513
1.76391494 0.11529893
4.01351833 0.16089480
4.28962326 0.16137190
3.13137650 0.19036795
3.47932100 0.17069554
1.76391494 0.25670254
4.10414743 0.42830071
4.27586985 0.45125118
1.87016118 0.25378856
4.05192423 0.39014435
4.20446253 0.45843259
1.85809052 0.24539499
4.10414743 0.22630352
4.27586985 0.23567016
1.87016118 0.08175939
4.05192423 0.22252256
4.20446253 0.24102871
1.85809052 0.08061785
4.10414743 0.12706681
4.27586985 0.12611973
1.87016118 0.21357302
4.05192423 0.12562139
4.20446253 0.12607241
1.85809052 0.21376903
4.11530733 0.43575826
1.85042965 0.25190917
4.53962517 0.43259594
3.52207184 0.40735063
4.11530733 0.19716324
1.85042965 0.07428479
4.53962517 0.26082751
3.52207184 0.16436221
4.11530733 0.12765305
1.85042965 0.20598356
4.53962517 0.12352282
3.52207184 0.14785248
3.56310844 0.42619088
3.56310844 0.29233441
3.56310844 0.18388569
4.51227236 0.50783962
4.51227236 0.39569235
4.51227236 0.18096668
4.38356209 0.45485637
3.88918591 0.46060216
4.16840458 0.45482191
3.19877481 0.37492731
4.38356209 0.25502732
3.88918591 0.22751911
4.16840458 0.23922928
3.19877481 0.16454512
4.38356209 0.12923922
3.88918591 0.14303438
4.16840458 0.12885697
3.19877481 0.15693577
3.66878939 0.39283571
1.76395428 0.24374400
4.46318245 0.48437619
3.80133367 0.43553925
3.66878939 0.22179650
1.76395428 0.09870571
4.46318245 0.34906873
3.80133367 0.27315998
3.66878939 0.14344209
1.76395428 0.22836381
4.46318245 0.12878484
3.80133367 0.15146406
3.68598509 0.38872597
4.35639524 0.44340551
3.43794227 0.39888930
3.68598509 0.27992812
4.35639524 0.39420703
3.43794227 0.26400802
3.68598509 0.15491137
4.35639524 0.14862727
3.43794227 0.17139553
3.26439810 0.34910014
3.94808960 0.40541521
3.99489331 0.47179666
3.88203454 0.37541518
1.79963040 0.24010010
3.26439810 0.14423625
3.94808960 0.21096516
3.99489331 0.21589305
3.88203454 0.20008551
1.79963040 0.07640113
3.26439810 0.15099570
3.94808960 0.13102470
3.99489331 0.14385425
3.88203454 0.13088074
1.79963040 0.22753251
4.46807575 0.46290314
4.57444525 0.51419067
4.46807575 0.26743346
4.57444525 0.26855075
4.46807575 0.13165347
4.57444525 0.14426219
3.73722553 0.39356264
2.93797398 0.36091259
4.32380152 0.41378200
4.46907616 0.48496792
1.86189294 0.24574111
3.73722553 0.23895691
2.93797398 0.18735653
4.32380152 0.32921261
4.46907616 0.34857038
1.86189294 0.10686884
3.73722553 0.14246057
2.93797398 0.16872095
4.32380152 0.13436773
4.46907616 0.13678430
1.86189294 0.23307665
3.96811724 0.40727448
4.31801462 0.46981156
3.96811724 0.20934574
4.31801462 0.24222223
3.96811724 0.12979630
4.31801462 0.12628306
3.88983250 0.46067059
3.57906938 0.39603016
3.99042797 0.45470294
3.88983250 0.30129933
3.57906938 0.24246372
3.99042797 0.31800899
3.88983250 0.17194331
3.57906938 0.15616317
3.99042797 0.16697907
4.33192348 0.44112393
3.94835329 0.46686593
4.33192348 0.36808166
3.94835329 0.30040935
4.33192348 0.15745033
3.94835329 0.18668203
3.92479515 0.46437129
3.92479515 0.28586835
3.92479515 0.17449565
3.36838126 0.35884273
3.74045348 0.38616955
3.96173763 0.46828362
3.65089512 0.35543641
1.77223575 0.23763724
3.36838126 0.27304074
3.74045348 0.32673669
3.96173763 0.36509725
3.65089512 0.30587456
1.77223575 0.12709278
3.36838126 0.17557053
3.74045348 0.16515934
3.96173763 0.19618809
3.65089512 0.16460252
1.77223575 0.26862642
4.17530918 0.43505642
3.36650538 0.35167038
4.38803005 0.41937673
3.50465322 0.40559748
4.17530918 0.24257743
3.36650538 0.15152355
4.38803005 0.25574502
3.50465322 0.17732890
4.17530918 0.12443029
3.36650538 0.14228737
4.38803005 0.12043583
3.50465322 0.14599217
4.33123589 0.45659956
4.16251707 0.48958182
4.36887169 0.47491190
4.33123589 0.23482291
4.16251707 0.23034127
4.36887169 0.24205221
4.33123589 0.12619962
4.16251707 0.13789867
4.36887169 0.12490930
3.71974516 0.38425326
4.51645565 0.50826681
4.40872717 0.47891057
3.71974516 0.25326529
4.51645565 0.34952843
4.40872717 0.34972882
3.71974516 0.14749359
4.51645565 0.15581514
4.40872717 0.14124620
4.10114861 0.42801610
4.27350140 0.45102242
1.86890280 0.25366852
4.04984379 0.38996375
4.20122290 0.45810816
1.85600150 0.24520488
4.10114861 0.22648244
4.27350140 0.23593533
1.86890280 0.08183968
4.04984379 0.22280169
4.20122290 0.24121450
1.85600150 0.08065928
4.10114861 0.12724735
4.27350140 0.12630820
1.86890280 0.21383242
4.04984379 0.12579100
4.20122290 0.12626062
1.85600150 0.21409245
4.18405342 0.49186966
3.66533518 0.40460607
4.18405342 0.34293327
3.66533518 0.25366658
4.18405342 0.15775672
3.66533518 0.14774674
3.89101768 0.46079600
3.57444143 0.39557040
3.99546003 0.45521367
3.89101768 0.30188629
3.57444143 0.24234615
3.99546003 0.31905487
3.89101768 0.17228334
3.57444143 0.15638016
3.99546003 0.16728006
3.90233445 0.41525304
1.83953595 0.25087407
3.82203007 0.42021218
2.89253426 0.34448799
3.90233445 0.26303926
1.83953595 0.11134694
3.82203007 0.27114692
2.89253426 0.19640982
3.90233445 0.13919498
1.83953595 0.22242917
3.82203007 0.13976660
2.89253426 0.16897404
4.00951195 0.41932520
4.20705462 0.42949054
4.39908838 0.51474434
4.44934940 0.46801910
3.98447824 0.45409915
4.00951195 0.22840154
4.20705462 0.25410655
4.39908838 0.25746289
4.44934940 0.25823924
3.98447824 0.23236065
4.00951195 0.13319302
4.20705462 0.13189141
4.39908838 0.14273542
4.44934940 0.13050126
3.98447824 0.14330192
4.31046247 0.44790158
3.53912878 0.36756715
4.47897387 0.52325588
3.98010826 0.45365569
4.31046247 0.35644445
3.53912878 0.23950559
4.47897387 0.34623733
3.98010826 0.30793813
4.31046247 0.13926126
3.53912878 0.15115520
4.47897387 0.15901822
3.98010826 0.16049981
3.86974406 0.41212019
1.85806561 0.25263581
3.87348151 0.44284439
3.86974406 0.26536700
1.85806561 0.11135656
3.87348151 0.28877386
3.86974406 0.14574766
1.85806561 0.23154724
3.87348151 0.16458063
4.22998333 0.43162557
3.57420325 0.42735839
4.22998333 0.36160693
3.57420325 0.26792711
4.22998333 0.15624060
3.57420325 0.17857774
3.73366928 0.39140233
4.47413015 0.51474077
4.39413404 0.58763331
3.73366928 0.27720937
4.47413015 0.38653672
4.39413404 0.39977309
3.73366928 0.15347666
4.47413015 0.17188482
4.39413404 0.17197406
3.43378663 0.35454556
4.36800766 0.45593819
1.90102458 0.28897664
3.43378663 0.24530970
4.36800766 0.36945558
1.90102458 0.11201420
3.43378663 0.15438373
4.36800766 0.14518940
1.90102458 0.21933466
4.13723707 0.43608192
4.05408192 0.42158139
4.52525425 0.60377103
4.13723707 0.21096678
4.05408192 0.20196293
4.52525425 0.23645760
4.13723707 0.12376133
4.05408192 0.12481308
4.52525425 0.14644660
3.55841470 0.32853857
1.81027830 0.24458027
3.55841470 0.24315494
1.81027830 0.10380138
3.55841470 0.15648647
1.81027830 0.23651458
4.54055452 0.40868068
4.15490913 0.43110308
3.83113146 0.44762158
4.54055452 0.28806999
4.15490913 0.23156297
3.83113146 0.20010336
4.54055452 0.12955692
4.15490913 0.13029702
3.83113146 0.14712374
3.40301800 0.31597456
1.82197928 0.24567114
3.40301800 0.21470332
1.82197928 0.10417441
3.40301800 0.16365248
1.82197928 0.23580639
3.95356345 0.36065114
3.73254037 0.43738231
4.32222795 0.43609354
3.90172267 0.52721637
3.95356345 0.30648285
3.73254037 0.28232211
4.32222795 0.42088279
3.90172267 0.33206084
3.95356345 0.16443215
3.73254037 0.17897741
4.32222795 0.16751866
3.90172267 0.17638654
4.26082993 0.42845333
3.96768355 0.36180243
1.77841592 0.24162056
4.26082993 0.23279418
3.96768355 0.20725246
1.77841592 0.07192718
4.26082993 0.12279884
3.96768355 0.13121188
1.77841592 0.22097449
4.11533689 0.41701993
3.85199976 0.44979095
3.81751537 0.51691955
4.11533689 0.36757836
3.85199976 0.28006306
3.81751537 0.30755836
4.11533689 0.15937348
3.85199976 0.18600111
3.81751537 0.18318349
3.70629168 0.39484003
4.51660633 0.51919174
3.92101145 0.39737561
3.70629168 0.27795032
4.51660633 0.37756488
3.92101145 0.30178684
3.70629168 0.15899639
4.51660633 0.18127505
3.92101145 0.15384807
3.81742167 0.51690811
4.32470512 0.44716123
4.00687170 0.42145410
3.42571211 0.35234240
4.50372696 0.47131181
3.11775732 0.37398133
3.81742167 0.18559368
4.32470512 0.21951933
4.00687170 0.21204682
3.42571211 0.14050265
4.50372696 0.24294029
3.11775732 0.13223717
3.81742167 0.13854453
4.32470512 0.11938762
4.00687170 0.12614772
3.42571211 0.13633731
4.50372696 0.12062454
3.11775732 0.15285757
3.16244864 0.32988274
4.15472841 0.43555650
1.93734360 0.29306665
3.16244864 0.16897124
4.15472841 0.26392004
1.93734360 0.09485356
3.16244864 0.14708322
4.15472841 0.12702636
1.93734360 0.20009218
4.44570446 0.44540849
4.25996971 0.44786605
3.89528751 0.39678231
4.52826643 0.52041388
3.89783597 0.52674085
4.44570446 0.24478638
4.25996971 0.23317780
3.89528751 0.21453671
4.52826643 0.22900389
3.89783597 0.20389666
4.44570446 0.13059507
4.25996971 0.13217579
3.89528751 0.13833193
4.52826643 0.14701885
3.89783597 0.14920159
3.86128378 0.52227008
4.19742584 0.43963322
3.68305659 0.37569532
4.22805119 0.38306975
1.86304665 0.24951585
3.86128378 0.28678083
4.19742584 0.35165486
3.68305659 0.24769716
4.22805119 0.33429646
1.86304665 0.10581838
3.86128378 0.16909111
4.19742584 0.14348103
3.68305659 0.14084412
4.22805119 0.14729422
1.86304665 0.23514073
3.55123425 0.38006258
3.55123425 0.29085866
3.55123425 0.16909617
3.86365366 0.40987289
3.78850365 0.39655766
3.86365366 0.27328649
3.78850365 0.26092365
3.86365366 0.14183636
3.78850365 0.14303999
3.55967546 0.38086608
3.55967546 0.29183161
3.55967546 0.16891497
4.43881416 0.46506312
3.47783518 0.35856259
3.25456643 0.44843796
4.43881416 0.31966755
3.47783518 0.22512847
3.25456643 0.20377088
4.43881416 0.13449956
3.47783518 0.14925636
3.25456643 0.16501874
3.89211392 0.52604085
3.66474390 0.33715808
1.81040394 0.24459197
3.89211392 0.38419047
3.66474390 0.31102514
1.81040394 0.13286270
3.89211392 0.20084028
3.66474390 0.17485531
1.81040394 0.26448810
3.82448792 0.51777172
4.34965277 0.45648602
4.45562458 0.40171215
3.48724461 0.41198382
3.82448792 0.23639564
4.34965277 0.28447840
4.45562458 0.29382733
3.48724461 0.19328022
3.82448792 0.16104537
4.34965277 0.13511388
4.45562458 0.13768937
3.48724461 0.16628645
4.43845224 0.46502832
3.47811365 0.35858801
3.25509763 0.44850221
4.43845224 0.31961983
3.47811365 0.22518194
3.25509763 0.20384197
4.43845224 0.13449813
3.47811365 0.14925958
3.25509763 0.16501845
3.26771975 0.45002961
4.02744436 0.42341480
4.05788088 0.40987790
4.04949570 0.36847723
1.87281382 0.25043380
3.26771975 0.18089646
4.02744436 0.25531784
4.05788088 0.23624176
4.04949570 0.23568207
1.87281382 0.08499306
3.26771975 0.15882657
4.02744436 0.13201535
4.05788088 0.12585263
4.04949570 0.13177545
1.87281382 0.21786666
4.46537638 0.46761966
4.55526829 0.45547041
3.55499887 0.37463501
4.56619596 0.47491431
4.46797752 0.59671938
4.46537638 0.21705125
4.55526829 0.23806538
3.55499887 0.13618922
4.56619596 0.24604481
4.46797752 0.22769588
4.46537638 0.11882686
4.55526829 0.11728769
3.55499887 0.13426645
4.56619596 0.12151863
4.46797752 0.13250516
3.22477555 0.38495183
4.33923721 0.43564045
4.34794855 0.43846753
3.47058415 0.37054005
1.91466522 0.29051068
3.22477555 0.20434505
4.33923721 0.34183297
4.34794855 0.36197045
3.47058415 0.23424238
1.91466522 0.11142409
3.22477555 0.16504508
4.33923721 0.13637197
4.34794855 0.14657263
3.47058415 0.15229073
1.91466522 0.22744673
3.16214299 0.32985502
4.15480804 0.43556404
1.93985724 0.29335037
3.16214299 0.16904062
4.15480804 0.26407355
1.93985724 0.09503744
3.16214299 0.14708351
4.15480804 0.12702525
1.93985724 0.19991662
3.80486393 0.44489193
3.70159793 0.37738183
4.01425743 0.41782355
3.66946721 0.38937268
3.12416649 0.43268526
3.80486393 0.24730605
3.70159793 0.23158103
4.01425743 0.25463197
3.66946721 0.24149799
3.12416649 0.19140913
3.80486393 0.15680769
3.70159793 0.13480328
4.01425743 0.13292365
3.66946721 0.14318620
3.12416649 0.16274510
3.82252669 0.44672728
4.19158030 0.42211041
4.48254395 0.46211228
4.21338224 0.42605373
3.32249451 0.35656238
1.89238703 0.28800657
3.82252669 0.20088319
4.19158030 0.24342442
4.48254395 0.26052541
4.21338224 0.26161310
3.32249451 0.15897967
1.89238703 0.08367687
3.82252669 0.14190297
4.19158030 0.12138345
4.48254395 0.12133007
4.21338224 0.12791441
3.32249451 0.14245582
1.89238703 0.20251274
3.16297102 0.32993007
4.15313005 0.43540382
1.93629408 0.29294822
3.16297102 0.16897841
4.15313005 0.26362720
1.93629408 0.09477931
3.16297102 0.14705069
4.15313005 0.12699631
1.93629408 0.20014526
4.14773893 0.43708965
4.06543875 0.42265329
4.51496410 0.60250390
4.14773893 0.21139620
4.06543875 0.20247078
4.51496410 0.23477645
4.14773893 0.12347740
4.06543875 0.12451673
4.51496410 0.14594544
3.89477468 0.39673522
2.92057443 0.40819898
3.89477468 0.33344045
2.92057443 0.19866930
3.89477468 0.16920352
2.92057443 0.19613624
3.90868807 0.45568743
4.12932730 0.41830838
3.96887350 0.41783389
1.85209048 0.28349495
3.90868807 0.22767209
4.12932730 0.26745024
3.96887350 0.24214196
1.85209048 0.08545175
3.90868807 0.14826825
4.12932730 0.13788524
3.96887350 0.13666715
1.85209048 0.21055885
3.85234904 0.44982728
4.46755505 0.46782935
3.46901226 0.47444284
3.85234904 0.28543887
4.46755505 0.36675873
3.46901226 0.23927294
3.85234904 0.17547637
4.46755505 0.14969762
3.46901226 0.17580211
3.66153097 0.44699672
4.42999077 0.54292244
3.66153097 0.20055658
4.42999077 0.27922043
3.66153097 0.15713274
4.42999077 0.15118913
4.48723030 0.49501595
4.29895115 0.52826929
3.57658625 0.31781664
4.34856319 0.52151042
4.48723030 0.20027459
4.29895115 0.20356242
3.57658625 0.11766099
4.34856319 0.19780518
4.48723030 0.12518127
4.29895115 0.13323201
3.57658625 0.13920346
4.34856319 0.13299793
4.39718246 0.53925186
4.00912476 0.35153043
4.41990471 0.52928501
4.39718246 0.52796108
4.00912476 0.39555514
4.41990471 0.50226700
4.39718246 0.23976345
4.00912476 0.21036769
4.41990471 0.24789155
3.10433412 0.39596021
3.83907557 0.33824661
3.82770681 0.51816517
3.10433412 0.24867718
3.83907557 0.29891846
3.82770681 0.36899114
3.10433412 0.20356102
3.83907557 0.17659980
3.82770681 0.18966490
3.71948195 0.45325229
1.80789518 0.25874814
3.98684645 0.53763670
3.71948195 0.30961424
1.80789518 0.11674482
3.98684645 0.37112892
3.71948195 0.18954174
1.80789518 0.25522813
3.98684645 0.17732130
4.32853556 0.53157580
4.07717609 0.54870617
4.32853556 0.29750618
4.07717609 0.29610243
4.32853556 0.15894397
4.07717609 0.16129519
3.05880356 0.38239571
1.85482013 0.26344633
1.84448063 0.28264561
3.05880356 0.21469541
1.85482013 0.11095387
1.84448063 0.11630896
3.05880356 0.17064457
1.85482013 0.23769939
1.84448063 0.23828351
3.77800560 0.42301929
3.88698387 0.34198549
3.87340808 0.52375275
3.19473600 0.39687964
3.77800560 0.35147524
3.88698387 0.35017979
3.87340808 0.46346414
3.19473600 0.30684245
3.77800560 0.19907737
3.88698387 0.18619691
3.87340808 0.20318323
3.19473600 0.21967965
4.57246971 0.50370198
3.04469538 0.38944259
1.84399390 0.28259134
1.86031306 0.25893375
4.57246971 0.37996730
3.04469538 0.20786460
1.84399390 0.11528635
1.86031306 0.11117660
4.57246971 0.13440062
3.04469538 0.16475692
1.84399390 0.22409153
1.86031306 0.23145038
4.04631758 0.50007915
3.19868302 0.44168103
4.04631758 0.31201589
3.19868302 0.21694748
4.04631758 0.17762612
3.19868302 0.18232512
3.73760128 0.41893578
3.73760128 0.28291366
3.73760128 0.16312261
1.83793616 0.25675452
3.09870076 0.39534405
3.88809180 0.52554882
1.83793616 0.09505861
3.09870076 0.18793823
3.88809180 0.29622510
1.83793616 0.21556127
3.09870076 0.16807590
3.88809180 0.15269600
3.72647691 0.41781187
3.22163010 0.44445455
4.10260773 0.49475470
3.72647691 0.21726029
3.22163010 0.22607887
4.10260773 0.31348145
3.72647691 0.15881258
3.22163010 0.17583258
4.10260773 0.17521311
4.26802540 0.47270724
4.35703850 0.53476232
4.03361654 0.54336673
4.26802540 0.22393285
4.35703850 0.25280270
4.03361654 0.25094774
4.26802540 0.13977987
4.35703850 0.15263928
4.03361654 0.15459470
4.32351589 0.53101468
4.07887411 0.54891437
4.32351589 0.29732972
4.07887411 0.29665115
4.32351589 0.15916093
4.07887411 0.16153908
4.04072046 0.49945557
3.19354081 0.44105971
4.04072046 0.31216338
3.19354081 0.21696235
4.04072046 0.17838015
3.19354081 0.18293422
3.05756545 0.38226405
1.85124171 0.26308689
1.84181392 0.28234819
3.05756545 0.21503748
1.85124171 0.11093742
1.84181392 0.11634586
3.05756545 0.17113668
1.85124171 0.23838411
1.84181392 0.23896761
3.90765667 0.47360680
3.07885146 0.39317390
1.84937632 0.28319195
3.90765667 0.25686809
3.07885146 0.17394744
1.84937632 0.09185042
3.90765667 0.16041972
3.07885146 0.16903861
1.84937632 0.22282499
3.73122287 0.41829133
3.21489215 0.44363999
4.10034752 0.49450922
3.73122287 0.21757329
3.21489215 0.22502279
4.10034752 0.31302473
3.73122287 0.15862681
3.21489215 0.17573039
4.10034752 0.17497639
4.56423807 0.50286299
3.05124688 0.39015803
1.84266579 0.28244320
1.86363864 0.25925827
4.56423807 0.37921083
3.05124688 0.20891917
1.84266579 0.11538190
1.86363864 0.11159557
4.56423807 0.13463292
3.05124688 0.16484793
1.84266579 0.22460906
1.86363864 0.23144011
4.36605263 0.48267817
3.94441485 0.48873341
1.86109078 0.28450060
3.14420795 0.39148900
4.36605263 0.26688626
3.94441485 0.25153345
1.86109078 0.09447846
3.14420795 0.17821378
4.36605263 0.13068545
3.94441485 0.14860819
1.86109078 0.22185184
3.14420795 0.16231586
1.86450279 0.25934264
1.85978675 0.26394558
1.84439981 0.28263661
1.86450279 0.09833861
1.85978675 0.09581862
1.84439981 0.10178608
1.86450279 0.21451032
1.85978675 0.21382408
1.84439981 0.20820542
1.78220057 0.25136095
3.64422584 0.45540944
3.83773303 0.51939070
1.78220057 0.10359800
3.64422584 0.28503397
3.83773303 0.32722861
1.78220057 0.23897158
3.64422584 0.16963945
3.83773303 0.16376136
3.97115827 0.49170950
1.88693094 0.28739434
3.96612692 0.47994351
3.97115827 0.29987177
1.88693094 0.10832105
3.96612692 0.30775520
3.97115827 0.17153172
1.88693094 0.22332077
3.96612692 0.17710578
3.12579584 0.43288174
3.12579584 0.16108367
3.12579584 0.16243590
3.88495564 0.47114804
3.88495564 0.36633483
3.88495564 0.18672682
3.81641698 0.51678532
3.81641698 0.26000068
3.81641698 0.16288105
3.86088395 0.52222115
3.86088395 0.37070748
3.86088395 0.19067033
4.47580767 0.49385238
4.43145323 0.53054410
3.53170633 0.44296229
4.47580767 0.35015157
4.43145323 0.37318829
3.53170633 0.25702766
4.47580767 0.15495183
4.43145323 0.17686498
3.53170633 0.17555393
3.23389482 0.40106258
1.82844567 0.26080146
3.99017763 0.53804475
3.23389482 0.17632896
1.82844567 0.08408312
3.99017763 0.27108940
3.23389482 0.16628642
1.82844567 0.22417299
3.99017763 0.14598517
4.01947165 0.44746888
4.51850748 0.54003972
4.51881266 0.55286551
4.01947165 0.22074950
4.51850748 0.29030666
4.51881266 0.29210338
4.01947165 0.14102030
4.51850748 0.16362201
4.51881266 0.15936573
1.81817198 0.25483617
1.85003042 0.26296523
2.99453449 0.41707766
1.81817198 0.12179106
1.85003042 0.12390810
2.99453449 0.24556805
1.81817198 0.23728029
1.85003042 0.23740906
2.99453449 0.17389320
