4.23891735 0.24293034
4.23891735 0.66033858
4.23891735 0.27012017
4.31724739 0.24544501
4.31724739 0.66030508
4.31724739 0.22246207
4.48024893 0.25172323
4.48024893 0.71911770
4.48024893 0.21527539
4.19405270 0.24123354
4.19405270 0.63873261
4.19405270 0.28753662
4.36390448 0.24766576
4.36390448 0.73696238
4.36390448 0.27660125
3.49698234 0.21422088
3.49698234 0.55476660
3.49698234 0.30026561
4.39800358 0.24895968
4.11786604 0.23779362
4.39800358 0.58212698
4.11786604 0.63195318
4.39800358 0.26296195
4.11786604 0.23347117
4.19660425 0.24081133
4.19660425 0.72858095
4.19660425 0.22766775
3.64248371 0.21970420
3.64248371 0.54352963
3.64248371 0.29548135
4.28060961 0.24403660
4.14928722 0.23954220
4.28060961 0.64848608
4.14928722 0.60636425
4.28060961 0.25870311
4.14928722 0.29826102
3.58283019 0.21745263
3.58283019 0.51963490
3.58283019 0.30152872
3.53662992 0.21659498
3.53662992 0.52455264
3.53662992 0.31513327
4.24168062 0.24303491
4.24168062 0.67786723
4.24168062 0.28746060
4.01226377 0.23375513
4.01226377 0.61108977
4.01226377 0.23540120
4.19193935 0.24063240
4.19193935 0.72673965
4.19193935 0.22843380
4.30423403 0.24540347
4.30423403 0.56070942
4.30423403 0.26962003
3.58078241 0.21737541
3.58078241 0.51906151
3.58078241 0.30153826
3.28173232 0.20616661
3.28173232 0.45884025
3.28173232 0.30289719
3.65145159 0.22086294
3.65145159 0.52588522
3.65145159 0.31498733
3.37968087 0.21079107
3.37968087 0.42433485
3.37968087 0.30693716
4.41668224 0.24927258
3.80564427 0.22662021
4.41668224 0.70376158
3.80564427 0.50360340
4.41668224 0.24004561
3.80564427 0.30774572
4.49682713 0.25271443
4.49682713 0.78231055
4.49682713 0.26005957
4.48752689 0.24936055
4.36681986 0.31353784
3.45238447 0.26610079
3.42268133 0.26450229
4.48752689 0.58980960
4.36681986 0.60394251
3.45238447 0.43159571
3.42268133 0.43680561
4.48752689 0.20124917
4.36681986 0.11336539
3.45238447 0.21356820
3.42268133 0.23135747
3.81845856 0.28323320
4.10652828 0.29594591
3.83835959 0.22696726
3.81845856 0.66138935
4.10652828 0.58072579
3.83835959 0.53023207
3.81845856 0.28436092
4.10652828 0.26112553
3.83835959 0.30958620
2.68396974 0.23402317
3.91349387 0.22953896
1.81631744 0.19315897
4.06610775 0.29525149
2.68396974 0.49532726
3.91349387 0.64599365
1.81631744 0.43762442
4.06610775 0.73302585
2.68396974 0.30274507
3.91349387 0.29278782
1.81631744 0.24456386
4.06610775 0.25378558
3.52576613 0.21487017
3.05120826 0.25083879
3.98942971 0.29139748
4.10838556 0.29603469
1.86924672 0.19609733
3.52576613 0.55130881
3.05120826 0.53587139
3.98942971 0.73206615
4.10838556 0.75710040
1.86924672 0.45055425
3.52576613 0.30628303
3.05120826 0.29342845
3.98942971 0.26012036
4.10838556 0.24081551
1.86924672 0.27195075
3.52716804 0.21492286
3.05529237 0.25102821
3.98992610 0.29142120
4.11420250 0.29631278
1.86520731 0.19593959
3.52716804 0.55162483
3.05529237 0.53638732
3.98992610 0.73185563
4.11420250 0.75871801
1.86520731 0.45040521
3.52716804 0.30629799
3.05529237 0.29337105
3.98992610 0.26017272
4.11420250 0.24005137
1.86520731 0.27124003
3.65879846 0.27564609
3.23911977 0.25612307
3.26824665 0.25637081
3.65879846 0.50084025
3.23911977 0.49420354
3.26824665 0.52360076
3.65879846 0.28648183
3.23911977 0.29267114
3.26824665 0.29830214
1.81741846 0.19382586
4.53986216 0.31807065
3.83809066 0.28801680
1.81741846 0.39256048
4.53986216 0.64730018
3.83809066 0.60438424
1.81741846 0.21177839
4.53986216 0.13699622
3.83809066 0.20302312
1.81251156 0.19390023
4.20541525 0.30067852
1.81251156 0.40957311
4.20541525 0.73595423
1.81251156 0.24626891
4.20541525 0.23471861
3.96082473 0.22931236
4.39359760 0.31483838
3.91738081 0.22994339
4.19855690 0.30034998
4.19063044 0.30122733
3.96082473 0.50912416
4.39359760 0.67280060
3.91738081 0.51401544
4.19855690 0.68272156
4.19063044 0.68310684
3.96082473 0.29877049
4.39359760 0.18591516
3.91738081 0.30605537
4.19855690 0.22282670
4.19063044 0.22470881
4.51289415 0.25033143
4.43170404 0.31669030
4.46094370 0.25056994
3.18779850 0.25264040
3.17068505 0.25294259
4.51289415 0.60510784
4.43170404 0.61806911
4.46094370 0.60236818
3.18779850 0.45889905
3.17068505 0.45908502
4.51289415 0.19609870
4.43170404 0.12846409
4.46094370 0.21161467
3.18779850 0.27617404
3.17068505 0.27016145
3.79363990 0.28205130
3.54384065 0.21593821
4.10461521 0.29709759
3.79363990 0.64943826
3.54384065 0.43402269
4.10461521 0.62878722
3.79363990 0.27029279
3.54384065 0.31195849
4.10461521 0.23311095
4.02015448 0.23155880
4.35172462 0.31280497
4.11864805 0.29777077
4.11876106 0.29759762
4.02015448 0.53644240
4.35172462 0.66650015
4.11864805 0.61780781
4.11876106 0.64523160
4.02015448 0.29654065
4.35172462 0.19411403
4.11864805 0.20410080
4.11876106 0.21884446
2.86995316 0.23889072
3.81105947 0.22594063
3.30409479 0.25915277
4.35296106 0.24635257
3.80604386 0.28648114
2.86995316 0.51137584
3.81105947 0.53769094
3.30409479 0.52501184
4.35296106 0.69797307
3.80604386 0.65501338
2.86995316 0.29954231
3.81105947 0.30129430
3.30409479 0.29363641
4.35296106 0.24480349
3.80604386 0.23621239
1.79744756 0.19332381
4.20574760 0.30069444
1.79744756 0.42673349
4.20574760 0.75137538
1.79744756 0.24653761
4.20574760 0.23276389
3.97832847 0.29086620
4.48249102 0.25139236
1.80786407 0.19372207
3.97283220 0.23179887
3.69204283 0.28103051
3.97832847 0.68545675
4.48249102 0.66975719
1.80786407 0.42804977
3.97283220 0.61470228
3.69204283 0.61492282
3.97832847 0.25078458
4.48249102 0.24759001
1.80786407 0.24935292
3.97283220 0.28301910
3.69204283 0.24981339
3.49627757 0.27171957
4.27425766 0.30524993
1.77905428 0.19174211
3.49627757 0.51581931
4.27425766 0.75563961
1.77905428 0.42602333
3.49627757 0.29036173
4.27425766 0.22314386
1.77905428 0.25621215
3.54089642 0.21543901
1.90308344 0.20055079
4.13603210 0.29842705
1.84949267 0.19443567
4.08335495 0.29607812
3.54089642 0.53654325
1.90308344 0.42569163
4.13603210 0.73652261
1.84949267 0.43009245
4.08335495 0.72819495
3.54089642 0.30535534
1.90308344 0.25517401
4.13603210 0.23769765
1.84949267 0.25738561
4.08335495 0.23852645
1.80948138 0.19352096
4.52360392 0.31597316
4.44407368 0.24992628
3.85625792 0.28888801
1.80948138 0.42670858
4.52360392 0.70941454
4.44407368 0.71098447
3.85625792 0.66280055
1.80948138 0.24276443
4.52360392 0.17151858
4.44407368 0.24848497
3.85625792 0.21465524
3.50033212 0.27191174
4.26837492 0.30496672
1.78496897 0.19196574
3.50033212 0.51653934
4.26837492 0.75389117
1.78496897 0.42607522
3.50033212 0.29005852
4.26837492 0.22404271
1.78496897 0.25787064
1.87162638 0.19592972
4.20491934 0.24082391
3.97778010 0.29102352
4.11811066 0.23734622
3.15985870 0.25589314
1.87162638 0.42350897
4.20491934 0.62839383
3.97778010 0.65032065
4.11811066 0.62135911
3.15985870 0.49921954
1.87162638 0.24509667
4.20491934 0.27160269
3.97778010 0.25150618
4.11811066 0.27528825
3.15985870 0.28537539
3.54084516 0.21543710
1.90014529 0.20043425
4.13153982 0.29821125
1.85330737 0.19458337
4.08344412 0.29608241
3.54084516 0.53652292
1.90014529 0.42582679
4.13153982 0.73532319
1.85330737 0.43032762
4.08344412 0.72856301
3.54084516 0.30539772
1.90014529 0.25464532
4.13153982 0.23842193
1.85330737 0.25830707
4.08344412 0.23848476
3.55313206 0.21589927
1.90658391 0.20068973
1.90969145 0.19742827
4.11501408 0.29635161
3.97266746 0.29077911
3.55313206 0.54390007
1.90658391 0.43061671
1.90969145 0.44436213
4.11501408 0.74176794
3.97266746 0.70995969
3.55313206 0.30294290
1.90658391 0.23931409
1.90969145 0.25635618
4.11501408 0.23690270
3.97266746 0.24787544
3.30277610 0.26258647
4.54661322 0.31839737
1.83735001 0.19459514
3.30277610 0.52002603
4.54661322 0.72303647
1.83735001 0.42239854
3.30277610 0.25749764
4.54661322 0.14724891
1.83735001 0.21935362
3.26200438 0.20500953
1.89577997 0.20026131
3.17468548 0.25291613
3.27438831 0.25665620
3.08724308 0.24908037
3.26200438 0.47523713
1.89577997 0.43492916
3.17468548 0.54691905
3.27438831 0.55309862
3.08724308 0.53508133
3.26200438 0.30237338
1.89577997 0.25584704
3.17468548 0.30032846
3.27438831 0.29258826
3.08724308 0.29591200
3.52736282 0.21493018
3.05111361 0.25083444
3.98985052 0.29141763
4.10777235 0.29600540
1.87156570 0.19618797
3.52736282 0.55178511
3.05111361 0.53614861
3.98985052 0.73254895
4.10777235 0.75721890
1.87156570 0.45084962
3.52736282 0.30631655
3.05111361 0.29342651
3.98985052 0.25999954
4.10777235 0.24088453
1.87156570 0.27239162
3.66952395 0.21833621
3.31159782 0.26300111
4.05884552 0.29472283
4.16486645 0.29873660
3.66952395 0.42168751
3.31159782 0.44147003
4.05884552 0.59526026
4.16486645 0.66978294
3.66952395 0.30525830
3.31159782 0.26020697
4.05884552 0.17627037
4.16486645 0.21032113
3.97315526 0.22977896
4.19138432 0.24015133
1.81140339 0.19696422
3.09589887 0.24926521
3.09582877 0.24839497
3.97315526 0.54258651
4.19138432 0.72443891
1.81140339 0.41401216
3.09589887 0.51350886
3.09582877 0.53200370
3.97315526 0.28290388
4.19138432 0.26258337
1.81140339 0.22345132
3.09589887 0.29518494
3.09582877 0.30477107
3.55172110 0.21584618
1.90569079 0.20065427
1.91149104 0.19749951
4.11344767 0.29627672
3.97019577 0.29066095
3.55172110 0.54351395
1.90569079 0.43061396
1.91149104 0.44437432
4.11344767 0.74133188
3.97019577 0.70926476
3.55172110 0.30295035
1.90569079 0.23919375
1.91149104 0.25665534
4.11344767 0.23710285
3.97019577 0.24821776
2.79507685 0.23906134
3.96845126 0.23163192
1.83134162 0.19373542
4.07841921 0.29584154
2.79507685 0.49209344
3.96845126 0.63639981
1.83134162 0.42058504
4.07841921 0.70971471
2.79507685 0.29969081
3.96845126 0.28593507
1.83134162 0.24489315
4.07841921 0.24218671
3.54233098 0.21549296
1.90152991 0.20048916
4.13294601 0.29827878
1.85294759 0.19456942
4.08462143 0.29613885
3.54233098 0.53688926
1.90152991 0.42589721
4.13294601 0.73580343
1.85294759 0.43039736
4.08462143 0.72894335
3.54233098 0.30539170
1.90152991 0.25490862
4.13294601 0.23826380
1.85294759 0.25823179
4.08462143 0.23831888
3.26721549 0.25722316
3.60654593 0.27220520
4.18923998 0.24022870
3.26721549 0.49470893
3.60654593 0.45651197
4.18923998 0.60926342
3.26721549 0.29053637
3.60654593 0.28092012
4.18923998 0.26533842
3.74619818 0.28361735
1.79474604 0.19233645
3.74619818 0.70491862
1.79474604 0.43750587
3.74619818 0.23707354
1.79474604 0.25090089
4.18550301 0.24430209
1.78737235 0.19445579
4.18550301 0.73649907
1.78737235 0.43898058
4.18550301 0.27206048
1.78737235 0.21501189
3.41313243 0.21498734
1.85211122 0.19693975
4.37727880 0.25156727
3.00227380 0.24594329
4.34151459 0.31066778
3.41313243 0.51109016
1.85211122 0.42239115
4.37727880 0.68958002
3.00227380 0.51919043
4.34151459 0.71373463
3.41313243 0.30169666
1.85211122 0.23921873
4.37727880 0.21933316
3.00227380 0.28882036
4.34151459 0.18584193
3.68216300 0.22511788
3.50810504 0.27009299
3.32133985 0.21125968
3.81721592 0.28418821
1.90261781 0.19966771
3.68216300 0.49407816
3.50810504 0.50393337
3.32133985 0.47897187
3.81721592 0.61315912
1.90261781 0.39661372
3.68216300 0.27561304
3.50810504 0.26187012
3.32133985 0.30755875
3.81721592 0.26746672
1.90261781 0.24075967
3.96800590 0.23598073
1.82958460 0.19606926
3.96800590 0.58045489
1.82958460 0.39007151
3.96800590 0.28072774
1.82958460 0.21168776
3.83911300 0.28659257
3.77389193 0.28265032
3.83911300 0.67927808
3.77389193 0.49705088
3.83911300 0.23580033
3.77389193 0.25383028
3.28816891 0.25920200
4.48655128 0.31678051
3.28816891 0.52347594
4.48655128 0.64994138
3.28816891 0.29154950
4.48655128 0.14692734
3.85670328 0.28743029
4.10124540 0.29777941
4.51743364 0.31827125
3.85670328 0.61184889
4.10124540 0.65866756
4.51743364 0.58036524
3.85670328 0.21906625
4.10124540 0.18479769
4.51743364 0.14274216
3.37641287 0.26333347
4.49502754 0.31718957
4.48354864 0.31752238
3.37641287 0.52423823
4.49502754 0.73567557
4.48354864 0.74926430
3.37641287 0.30388388
4.49502754 0.17416085
4.48354864 0.17422289
4.27881479 0.24776120
4.45927095 0.31546429
3.03753257 0.24899472
4.27881479 0.60809535
4.45927095 0.64173371
3.03753257 0.47395554
4.27881479 0.23271531
4.45927095 0.15871343
3.03753257 0.28872496
3.33832455 0.26154819
3.33832455 0.52544540
3.33832455 0.30797568
3.98482800 0.29269084
1.84115160 0.19573916
3.98482800 0.69441324
1.84115160 0.42754015
3.98482800 0.20786549
1.84115160 0.23316716
3.80393100 0.28407645
4.19622517 0.30234593
3.80393100 0.53251189
4.19622517 0.69360512
3.80393100 0.24715625
4.19622517 0.27931842
1.89894760 0.19799863
1.89894760 0.42717531
1.89894760 0.26219991
1.79893446 0.19564836
4.19990873 0.24471669
1.79893446 0.42938098
4.19990873 0.69339210
1.79893446 0.24081729
4.19990873 0.25096145
3.95887613 0.23563242
3.07817316 0.25006810
4.18977404 0.24432600
1.86440623 0.19664343
4.32782412 0.31000808
3.95887613 0.63373417
3.07817316 0.51142246
4.18977404 0.63395852
1.86440623 0.42444506
4.32782412 0.70531136
3.95887613 0.26107320
3.07817316 0.28564662
4.18977404 0.24303155
1.86440623 0.23384339
4.32782412 0.19093406
1.90024495 0.19804980
1.90024495 0.42754290
1.90024495 0.26257911
3.80213284 0.22966592
3.71558261 0.27988580
3.22943640 0.20782192
3.58263397 0.27304864
1.89381421 0.19932134
3.80213284 0.53556222
3.71558261 0.56194091
3.22943640 0.43974197
3.58263397 0.53419262
1.89381421 0.39250359
3.80213284 0.25929612
3.71558261 0.24054724
3.22943640 0.30438057
3.58263397 0.27265993
1.89381421 0.23069699
1.87516785 0.19859074
3.69800949 0.22548883
1.87516785 0.44235691
3.69800949 0.56240946
1.87516785 0.24847688
3.69800949 0.29846171
4.13598442 0.30078384
4.00444126 0.29362741
3.01717114 0.24662882
4.13598442 0.70062113
4.00444126 0.63150930
3.01717114 0.49030110
4.13598442 0.12678514
4.00444126 0.19013543
3.01717114 0.26453009
3.18056345 0.25560340
4.04601622 0.29512876
3.18056345 0.51463664
4.04601622 0.71286613
3.18056345 0.28372398
4.04601622 0.21116656
3.98359561 0.29263201
1.83974159 0.19568457
3.98359561 0.69355792
1.83974159 0.42719233
3.98359561 0.20846643
1.83974159 0.23285335
1.86467016 0.19818123
4.04639673 0.23880892
1.86467016 0.41499710
4.04639673 0.61468738
1.86467016 0.24510455
4.04639673 0.27354056
3.22375131 0.25760907
4.19831085 0.30290887
3.22375131 0.49253026
4.19831085 0.60055190
3.22375131 0.27344707
4.19831085 0.16745579
3.95831537 0.23561104
3.07994938 0.25014994
4.18718958 0.24422638
1.86150467 0.19653024
4.32569599 0.30990556
3.95831537 0.63339609
3.07994938 0.51149106
4.18718958 0.63316196
1.86150467 0.42425928
4.32569599 0.70439768
3.95831537 0.26112565
3.07994938 0.28564331
4.18718958 0.24336012
1.86150467 0.23326226
4.32569599 0.19143414
3.41585350 0.21508928
1.85778308 0.19715990
4.37771893 0.25158432
2.99468446 0.24559431
4.34522390 0.31084654
3.41585350 0.51211959
1.85778308 0.42237258
4.37771893 0.68972605
2.99468446 0.51795071
4.34522390 0.71500397
3.41585350 0.30170164
1.85778308 0.24048258
4.37771893 0.21926646
2.99468446 0.28890511
4.34522390 0.18521072
4.55126572 0.32079676
4.22778034 0.30432332
4.15776253 0.30049551
4.55126572 0.76508743
4.22778034 0.64228243
4.15776253 0.69403243
4.55126572 0.19106448
4.22778034 0.21713549
4.15776253 0.28046241
4.12358856 0.30018914
3.36714864 0.26348379
3.67777944 0.27755639
4.12358856 0.75369090
3.36714864 0.50958306
3.67777944 0.69103533
4.12358856 0.13816357
3.36714864 0.26136771
3.67777944 0.21186513
3.41378546 0.21501179
1.85448551 0.19703186
4.37602425 0.25151876
3.00074172 0.24587284
4.33939219 0.31056550
3.41378546 0.51128608
1.85448551 0.42254874
4.37602425 0.68928289
3.00074172 0.51909167
4.33939219 0.71322137
3.41378546 0.30167750
1.85448551 0.23976286
4.37602425 0.21946873
3.00074172 0.28883412
4.33939219 0.18620169
4.26489353 0.30697796
3.28466439 0.25963482
4.36959028 0.25137696
4.52060080 0.31801048
4.26489353 0.58910239
3.28466439 0.41438329
4.36959028 0.57153410
4.52060080 0.71027923
4.26489353 0.14885573
3.28466439 0.24275352
4.36959028 0.21354358
4.52060080 0.13049553
3.69309163 0.22553147
1.85714662 0.19713520
4.49497128 0.31807443
3.69309163 0.53349745
1.85714662 0.40984416
4.49497128 0.71267682
3.69309163 0.29444328
1.85714662 0.22453637
4.49497128 0.13325553
3.35179281 0.26358050
4.17025614 0.30156314
4.49561262 0.31680030
3.35179281 0.49139342
4.17025614 0.62941211
4.49561262 0.74895954
3.35179281 0.28088516
4.17025614 0.18176998
4.49561262 0.17504038
3.67867279 0.22498584
3.50502849 0.26994833
3.31883478 0.21116577
3.81480217 0.28407314
1.90255916 0.19966538
3.67867279 0.49337277
3.50502849 0.50321275
3.31883478 0.47851494
3.81480217 0.61240649
1.90255916 0.39639390
3.67867279 0.27555707
3.50502849 0.26190785
3.31883478 0.30747524
3.81480217 0.26761308
1.90255916 0.24063335
3.74167585 0.22522666
3.95681787 0.23130025
3.74167585 0.56182969
3.95681787 0.57714099
3.74167585 0.28861433
3.95681787 0.28889465
1.88379622 0.19973738
3.34849191 0.21256924
3.78228140 0.23063630
1.88379622 0.41622397
3.34849191 0.51781982
3.78228140 0.56313878
1.88379622 0.24265911
3.34849191 0.29807839
3.78228140 0.29176554
1.96348739 0.20290677
4.37369442 0.25153500
3.74728775 0.22930999
1.96348739 0.44439736
4.37369442 0.76284283
3.74728775 0.58542103
1.96348739 0.23598993
4.37369442 0.18384014
3.74728775 0.28884223
3.82468343 0.22717673
4.30266333 0.24880171
4.04696941 0.29771903
3.82468343 0.55878496
4.30266333 0.71010751
4.04696941 0.69133347
3.82468343 0.27377132
4.30266333 0.25245500
4.04696941 0.23611291
3.40713954 0.21153088
4.07442999 0.23786438
3.40713954 0.46076035
4.07442999 0.62010103
3.40713954 0.29259250
4.07442999 0.25440446
3.06981659 0.25149310
4.39060640 0.24776624
4.41717148 0.25254759
3.06981659 0.54464674
4.39060640 0.76244521
4.41717148 0.74912471
3.06981659 0.27420422
4.39060640 0.22255476
4.41717148 0.20904118
3.44157386 0.21538270
3.44157386 0.55020958
3.44157386 0.30192071
4.08412886 0.23700011
3.18756843 0.25696215
4.25871897 0.24882047
4.11685228 0.23948340
4.08412886 0.65957433
3.18756843 0.53102022
4.25871897 0.67783409
4.11685228 0.66954279
4.08412886 0.24031456
3.18756843 0.27192298
4.25871897 0.24033082
4.11685228 0.23481317
4.19246817 0.24390501
3.72459435 0.22672449
3.71307325 0.28173867
4.19246817 0.71157193
3.72459435 0.55285341
3.71307325 0.56566358
4.19246817 0.24861686
3.72459435 0.29594076
3.71307325 0.27119923
3.78200388 0.22823383
3.78200388 0.57364911
3.78200388 0.28609094
3.44460511 0.21549642
3.44460511 0.55159372
3.44460511 0.30171362
3.24310589 0.25955364
4.30388927 0.24884886
3.49191046 0.21386407
3.24310589 0.51244611
4.30388927 0.66324782
3.49191046 0.44740880
3.24310589 0.27794275
4.30388927 0.24702114
3.49191046 0.30097574
4.37716770 0.24816839
4.01998472 0.29642212
4.48176527 0.25740126
3.57163572 0.21881735
4.37716770 0.74031323
4.01998472 0.72006726
4.48176527 0.73371071
3.57163572 0.54876685
4.37716770 0.24376549
4.01998472 0.21317561
4.48176527 0.24436128
3.57163572 0.29774147
3.71187925 0.22557442
4.26529837 0.24516106
3.71187925 0.56762570
4.26529837 0.74429280
3.71187925 0.28604612
4.26529837 0.24781680
1.87823904 0.19951908
3.24128699 0.20857435
3.95466256 0.23718977
4.42767572 0.24918027
1.87823904 0.40391919
3.24128699 0.45632458
3.95466256 0.58820885
4.42767572 0.69224006
1.87823904 0.24336572
3.24128699 0.31120357
3.95466256 0.28952613
4.42767572 0.23816156
1.90647864 0.20063221
3.63865280 0.22347279
4.42914295 0.25537348
3.70235562 0.22172464
1.90647864 0.43104839
3.63865280 0.55754173
4.42914295 0.75410670
3.70235562 0.55656749
1.90647864 0.23442183
3.63865280 0.30221671
4.42914295 0.25034419
3.70235562 0.29123464
4.19233608 0.24389994
3.71977854 0.22654204
3.70906281 0.28154770
4.19233608 0.71198827
3.71977854 0.55183035
3.70906281 0.56464785
4.19233608 0.24864338
3.71977854 0.29617444
3.70906281 0.27177131
3.71122599 0.22554965
4.27312469 0.24546087
3.71122599 0.56764591
4.27312469 0.74704200
3.71122599 0.28650436
4.27312469 0.24741010
1.96450496 0.20294769
4.37485409 0.25157967
3.74892426 0.22937198
1.96450496 0.44465289
4.37485409 0.76331264
3.74892426 0.58592904
1.96450496 0.23617041
4.37485409 0.18360762
3.74892426 0.28880188
1.92465758 0.20135362
4.06096745 0.23953205
4.24319601 0.24822472
4.11617374 0.23733044
1.92465758 0.42851439
4.06096745 0.65793049
4.24319601 0.68374872
4.11617374 0.66822881
1.92465758 0.24360262
4.06096745 0.24788661
4.24319601 0.25310421
4.11617374 0.24493967
3.06554127 0.25129521
4.38695765 0.24762709
4.42145443 0.25271270
3.06554127 0.54403633
4.38695765 0.76124996
4.42145443 0.75056702
3.06554127 0.27434024
4.38695765 0.22305076
4.42145443 0.20846337
4.09012461 0.29979500
4.12621832 0.23771131
4.16872931 0.24299435
4.09012461 0.72803682
4.12621832 0.65909511
4.16872931 0.65908104
4.09012461 0.16769327
4.12621832 0.26048329
4.16872931 0.24957572
3.58733034 0.21825464
3.75802732 0.22584486
3.58733034 0.56026006
3.75802732 0.53879982
3.58733034 0.29147050
3.75802732 0.28228322
4.08782578 0.23714055
3.18194366 0.25670007
4.25897455 0.24883027
4.12500429 0.23979469
4.08782578 0.66117465
3.18194366 0.53031659
4.25897455 0.67853636
4.12500429 0.67215949
4.08782578 0.23984915
3.18194366 0.27209044
4.25897455 0.24017893
4.12500429 0.23391984
4.37632418 0.24813615
4.02236366 0.29653645
4.48544073 0.25754294
3.57268739 0.21885687
4.37632418 0.74003226
4.02236366 0.72112387
4.48544073 0.73496121
3.57268739 0.54892552
4.37632418 0.24383755
4.02236366 0.21262236
4.48544073 0.24392684
3.57268739 0.29776445
4.44933844 0.25000709
4.35475397 0.24731176
4.53719950 0.25560495
4.44933844 0.62267870
4.35475397 0.69280750
4.53719950 0.62634993
4.44933844 0.24581642
4.35475397 0.23566167
4.53719950 0.23125039
4.24556684 0.24314420
3.41173363 0.21282603
4.51290226 0.25243500
4.24556684 0.69775391
3.41173363 0.45780644
4.51290226 0.67359573
4.24556684 0.24870081
3.41173363 0.29152974
4.51290226 0.21448815
4.08164358 0.29938683
3.76200461 0.22396284
4.08164358 0.75780725
3.76200461 0.56242466
4.08164358 0.19106103
3.76200461 0.28935650
4.51378632 0.32027975
4.40300131 0.25200143
4.51378632 0.72403407
4.40300131 0.65829062
4.51378632 0.13512416
4.40300131 0.22953622
3.18599272 0.25688872
3.83963752 0.23281322
3.18599272 0.54197335
3.83963752 0.58053505
3.18599272 0.26489908
3.83963752 0.29307470
4.14012718 0.23912878
3.50864935 0.27203774
4.14412689 0.24271576
4.50302172 0.25822088
4.14012718 0.65173221
3.50864935 0.52404875
4.14412689 0.65864366
4.50302172 0.67724663
4.14012718 0.25018525
3.50864935 0.27731541
4.14412689 0.25740641
4.50302172 0.23126073
4.50053501 0.25288981
4.49169540 0.31920740
4.50053501 0.75809914
4.49169540 0.72721332
4.50053501 0.22288232
4.49169540 0.16784494
3.48218513 0.26771101
4.16496801 0.30337134
3.48218513 0.49559936
4.16496801 0.63358212
3.48218513 0.28834742
4.16496801 0.22084153
3.18613434 0.25710580
1.82379889 0.19882552
3.18613434 0.54161781
1.82379889 0.42648563
3.18613434 0.29439336
1.82379889 0.23591042
3.99568772 0.29526824
4.26151896 0.30465528
4.45886755 0.24988039
1.87209463 0.20069472
3.99568772 0.67073995
4.26151896 0.72217160
4.45886755 0.61555129
1.87209463 0.40395427
3.99568772 0.22872348
4.26151896 0.15275125
4.45886755 0.21074666
1.87209463 0.23313950
4.06004429 0.23650362
1.87042308 0.19673550
4.21446705 0.24049886
4.03458261 0.29712710
4.26640892 0.30921659
4.06004429 0.60919374
1.87042308 0.41067025
4.21446705 0.60705513
4.03458261 0.66274339
4.26640892 0.67598301
4.06004429 0.26857299
1.87042308 0.23672031
4.21446705 0.26427349
4.03458261 0.24091358
4.26640892 0.14770918
4.50675535 0.25683597
4.08022690 0.29599112
3.62948751 0.21826299
4.50675535 0.72357100
4.08022690 0.74039274
3.62948751 0.54727370
4.50675535 0.20483981
4.08022690 0.21884747
3.62948751 0.30138868
3.51885390 0.26942894
3.94809437 0.23225217
3.15983486 0.25588757
4.45708799 0.31840578
3.58943939 0.21927886
4.47704649 0.25568536
3.51885390 0.64671487
3.94809437 0.64541596
3.15983486 0.51341039
4.45708799 0.75263786
3.58943939 0.46709597
4.47704649 0.69897127
3.51885390 0.27201465
3.94809437 0.26851237
3.15983486 0.29968536
4.45708799 0.13558801
3.58943939 0.30276695
4.47704649 0.21692632
3.68066478 0.22511943
4.49099636 0.31566945
3.81842351 0.28778282
3.68066478 0.50887156
4.49099636 0.70216727
3.81842351 0.66404599
3.68066478 0.28435341
4.49099636 0.18328679
3.81842351 0.19697826
4.50044060 0.25414619
3.43419027 0.21580200
3.83198380 0.28842786
4.50044060 0.66261506
3.43419027 0.44198573
3.83198380 0.65005058
4.50044060 0.18878113
3.43419027 0.29660210
3.83198380 0.18070923
4.14667130 0.24051446
4.23019171 0.24614978
4.10086441 0.23805678
3.18319702 0.25380448
4.24357796 0.24161386
4.19119310 0.30462956
4.14667130 0.61230350
4.23019171 0.61524361
4.10086441 0.64291567
3.18319702 0.52175611
4.24357796 0.65025902
4.19119310 0.70458478
4.14667130 0.24777913
4.23019171 0.23323351
4.10086441 0.22544871
3.18319702 0.28720656
4.24357796 0.24285264
4.19119310 0.20027822
3.99265718 0.29181930
4.31065798 0.24606179
1.84994864 0.19891655
1.83011067 0.19906813
3.99265718 0.67125034
4.31065798 0.68352646
1.84994864 0.41983578
1.83011067 0.43409398
3.99265718 0.26326579
4.31065798 0.25981995
1.84994864 0.25007671
1.83011067 0.25329933
4.00311899 0.29659009
4.09923935 0.23869453
3.16677237 0.20300572
1.86220455 0.19641651
1.86846519 0.19963558
4.00311899 0.65823382
4.09923935 0.60116661
3.16677237 0.44784725
1.86220455 0.42539731
1.86846519 0.41393924
4.00311899 0.21092319
4.09923935 0.25179037
3.16677237 0.30619869
1.86220455 0.25414547
1.86846519 0.26165667
4.08594275 0.30055359
4.37485218 0.24665034
4.49327898 0.31577927
3.46840882 0.27027938
4.08594275 0.75797826
4.37485218 0.73589849
4.49327898 0.69631386
3.46840882 0.51875883
4.08594275 0.18494461
4.37485218 0.24959528
4.49327898 0.18094945
3.46840882 0.27693829
4.20985270 0.24536623
3.64213610 0.27522179
2.78631639 0.23973079
4.20985270 0.63161749
3.64213610 0.51428819
2.78631639 0.47377241
4.20985270 0.24203622
3.64213610 0.27548072
2.78631639 0.28986844
4.05987167 0.23649706
1.86894643 0.19667812
4.21625042 0.24056713
4.03367662 0.29708377
4.26580477 0.30918753
4.05987167 0.60894346
1.86894643 0.41061899
4.21625042 0.60770482
4.03367662 0.66232675
4.26580477 0.67576748
4.05987167 0.26859704
1.86894643 0.23646803
4.21625042 0.26409265
4.03367662 0.24104430
4.26580477 0.14772971
3.16455221 0.25610593
4.21434641 0.24553932
1.82053232 0.19870014
3.16455221 0.50411540
4.21434641 0.64671022
1.82053232 0.43507734
3.16455221 0.28203797
4.21434641 0.24067485
1.82053232 0.25163618
4.21110678 0.30558547
3.61933589 0.22279324
3.25705075 0.26134574
4.21110678 0.74351054
3.61933589 0.51742035
3.25705075 0.55195397
4.21110678 0.14494513
3.61933589 0.28504404
3.25705075 0.25767311
3.99462962 0.29191318
4.31160641 0.24609804
1.85113144 0.19896235
1.82808816 0.19899035
3.99462962 0.67200112
4.31160641 0.68388581
1.85113144 0.41986737
1.82808816 0.43411422
3.99462962 0.26295659
4.31160641 0.25967041
1.85113144 0.25033224
1.82808816 0.25290287
4.08958817 0.30072820
4.23747587 0.24643046
4.15220213 0.23811631
4.19144440 0.30464163
4.08958817 0.70497864
4.23747587 0.63212973
4.15220213 0.65214294
4.19144440 0.68414479
4.08958817 0.17622472
4.23747587 0.25688013
4.15220213 0.27245221
4.19144440 0.18210335
4.04639292 0.29769188
4.37300873 0.25166091
4.24604654 0.30391446
1.85948634 0.20020394
4.04639292 0.70536256
4.37300873 0.69693166
4.24604654 0.71339250
1.85948634 0.43193325
4.04639292 0.22475123
4.37300873 0.20427294
4.24604654 0.18067408
1.85948634 0.25402498
4.05868006 0.23645175
1.86867809 0.19666772
4.21420622 0.24048889
4.03356934 0.29707864
4.26586008 0.30919015
4.05868006 0.60861945
1.86867809 0.41049317
4.21420622 0.60696608
4.03356934 0.66217679
4.26586008 0.67561293
4.05868006 0.26864073
1.86867809 0.23634034
4.21420622 0.26419106
4.03356934 0.24106599
4.26586008 0.14771973
4.00736237 0.29679295
4.09764814 0.23863351
3.16881299 0.20308085
1.86494434 0.19652276
1.87442112 0.19986777
4.00736237 0.66000217
4.09764814 0.60067731
3.16881299 0.44848791
1.86494434 0.42578986
1.87442112 0.41422498
4.00736237 0.20997156
4.09764814 0.25201258
3.16881299 0.30628440
1.86494434 0.25466239
1.87442112 0.26284096
4.43384743 0.25157297
3.58409452 0.21852201
1.91206574 0.19836396
4.50624943 0.25170422
3.29355359 0.26209864
4.43384743 0.71088099
3.58409452 0.54789275
1.91206574 0.44716087
4.50624943 0.72992009
3.29355359 0.54948831
4.43384743 0.23938616
3.58409452 0.30278000
1.91206574 0.25172654
4.50624943 0.23396145
3.29355359 0.30384514
4.36392069 0.31293455
4.36431360 0.24624555
3.55789900 0.27544382
4.54243803 0.25577056
4.36392069 0.68641442
4.36431360 0.58523434
3.55789900 0.46087003
4.54243803 0.64990193
4.36392069 0.12289160
4.36431360 0.14276865
3.55789900 0.19262671
4.54243803 0.14690314
4.50932407 0.25693551
4.07985973 0.29597360
3.62249565 0.21799950
4.50932407 0.72430903
4.07985973 0.73939496
3.62249565 0.54516178
4.50932407 0.20452678
4.07985973 0.21926492
3.62249565 0.30146334
4.15139246 0.24069571
4.23339367 0.24627315
4.10196400 0.23809864
3.18110895 0.25370803
4.23707581 0.24136476
4.19485426 0.30480528
4.15139246 0.61398774
4.23339367 0.61632222
4.10196400 0.64366418
3.18110895 0.52127069
4.23707581 0.64819282
4.19485426 0.70590049
4.15139246 0.24701174
4.23339367 0.23281318
4.10196400 0.22508438
3.18110895 0.28723189
4.23707581 0.24371015
4.19485426 0.19953661
4.50560570 0.25679144
4.07888794 0.29592726
3.62520766 0.21810170
4.50560570 0.72308141
4.07888794 0.73940468
3.62520766 0.54602951
4.50560570 0.20511608
4.07888794 0.21933323
3.62520766 0.30143359
4.37956381 0.31368813
4.44453144 0.31779960
3.92929029 0.23219092
4.37956381 0.75647521
4.44453144 0.75250030
3.92929029 0.55411571
4.37956381 0.18960656
4.44453144 0.17479599
3.92929029 0.28186348
4.39267254 0.24998350
4.43122435 0.25391188
4.43342304 0.31290159
4.39267254 0.60142201
4.43122435 0.62337941
4.43342304 0.65026832
4.39267254 0.15001287
4.43122435 0.14723864
4.43342304 0.13948192
4.03844309 0.23568235
1.77632022 0.19313419
2.88775086 0.24339442
4.03844309 0.70144492
1.77632022 0.43953094
2.88775086 0.50073558
4.03844309 0.27828690
1.77632022 0.23895504
2.88775086 0.30440500
2.79303765 0.24003457
4.21738100 0.24249814
3.37163353 0.26254725
1.81220734 0.19746433
2.79303765 0.50983018
4.21738100 0.67799759
3.37163353 0.50842685
1.81220734 0.41930261
2.79303765 0.29124370
4.21738100 0.26376015
3.37163353 0.29965356
1.81220734 0.23209441
4.08221912 0.30037522
4.37118149 0.24650936
4.50584459 0.31638378
3.47441769 0.27056161
4.08221912 0.75649834
4.37118149 0.73488587
4.50584459 0.70080084
3.47441769 0.52030993
4.08221912 0.18625569
4.37118149 0.25052640
4.50584459 0.17940529
3.47441769 0.27683768
4.01724863 0.29726568
3.52139831 0.21617371
1.82759786 0.19508244
1.84741068 0.19881833
4.01724863 0.73819834
3.52139831 0.53806841
1.82759786 0.42895338
1.84741068 0.42712316
4.01724863 0.22342658
3.52139831 0.30478391
1.82759786 0.25378641
1.84741068 0.24781537
3.25533414 0.25929725
4.17162800 0.23950909
3.25533414 0.50652069
4.17162800 0.63879174
3.25533414 0.30908093
4.17162800 0.25016585
3.77792144 0.22815770
4.22873497 0.24169624
4.05163860 0.29576290
4.32369804 0.30958953
3.77792144 0.53081757
4.22873497 0.71060544
4.05163860 0.74886364
4.32369804 0.69649345
3.77792144 0.27903333
4.22873497 0.23776697
4.05163860 0.21681707
4.32369804 0.21185052
4.50226212 0.25579473
1.85421693 0.19853388
4.50226212 0.65752798
1.85421693 0.41986826
4.50226212 0.17456537
1.85421693 0.22839941
2.84902072 0.23995447
3.56431794 0.27365923
2.84902072 0.55818963
3.56431794 0.58226371
2.84902072 0.31824046
3.56431794 0.31281260
4.02353096 0.29443088
4.02353096 0.72090667
4.02353096 0.24769180
1.79419458 0.19624804
4.50630856 0.25236326
1.79419458 0.42611960
4.50630856 0.70586294
1.79419458 0.27615499
4.50630856 0.23602790
4.07375336 0.29681155
1.81910908 0.19719119
4.19444895 0.24399441
4.07375336 0.67988348
1.81910908 0.39714894
4.19444895 0.54170150
4.07375336 0.26152822
1.81910908 0.27444318
4.19444895 0.27859917
3.14829659 0.25355303
4.50177479 0.25218856
3.14829659 0.47302064
4.50177479 0.61081773
3.14829659 0.29742754
4.50177479 0.18434201
4.48795938 0.31654802
3.66216946 0.22013561
4.48795938 0.70564538
3.66216946 0.49821138
4.48795938 0.20265739
3.66216946 0.28870139
4.05277538 0.29581678
4.05277538 0.72165269
4.05277538 0.24758919
3.93963623 0.29132453
3.93963623 0.77658749
3.93963623 0.26381066
4.53331566 0.31962156
4.53331566 0.75906467
4.53331566 0.20030081
1.77700508 0.19483419
1.77700508 0.45224476
1.77700508 0.25940561
2.89942813 0.24302983
3.57488966 0.27331254
3.86178732 0.22769411
2.89942813 0.54978669
3.57488966 0.56849366
3.86178732 0.55926180
2.89942813 0.31538647
3.57488966 0.29813656
3.86178732 0.29926801
4.09403610 0.29864749
4.54786491 0.31941572
3.35736370 0.20869444
4.09403610 0.70922351
4.54786491 0.69794422
3.35736370 0.43830717
4.09403610 0.26843515
4.54786491 0.21132044
3.35736370 0.31152728
4.11659431 0.29971972
1.76258326 0.19429554
4.11659431 0.76296622
1.76258326 0.43395865
4.11659431 0.26479006
1.76258326 0.26714805
4.11666870 0.29972330
1.79534256 0.19552326
4.11666870 0.73905450
1.79534256 0.42091930
4.11666870 0.24289854
1.79534256 0.26298487
3.64571142 0.27662638
2.79826307 0.23847444
3.64571142 0.54410857
2.79826307 0.51427203
3.64571142 0.28855351
2.79826307 0.30931023
4.26457214 0.24667625
1.78701484 0.19520976
4.26457214 0.61985064
1.78701484 0.42215419
4.26457214 0.23988537
1.78701484 0.25438738
3.93417931 0.29106626
3.93417931 0.77460575
3.93417931 0.26448998
1.80395377 0.19584841
4.29717779 0.30832326
4.44790363 0.25370577
1.80395377 0.43486270
4.29717779 0.67291856
4.44790363 0.62604588
1.80395377 0.26231894
4.29717779 0.26233822
4.44790363 0.26952529
1.80958521 0.19682968
4.32492161 0.30875927
4.31433439 0.24497958
1.80958521 0.42560148
4.32492161 0.68911195
4.31433439 0.63238531
1.80958521 0.26192486
4.32492161 0.23977150
4.31433439 0.26025209
4.48010397 0.25494298
3.13733983 0.25305080
4.48010397 0.71732932
3.13733983 0.52030498
4.48010397 0.18400021
3.13733983 0.30173180
3.86553788 0.23147435
1.80580020 0.19591825
4.29224396 0.30808774
3.86553788 0.52770752
1.80580020 0.44802627
4.29224396 0.69997042
3.86553788 0.30648664
1.80580020 0.26824901
4.29224396 0.26397619
4.29378605 0.30727467
1.82665873 0.19747861
4.29378605 0.71911496
1.82665873 0.43943176
4.29378605 0.24227674
1.82665873 0.25163177
4.54720402 0.31938410
4.54720402 0.69394779
4.54720402 0.16770166
4.08786869 0.29835442
3.49800658 0.21395697
4.08786869 0.73885196
3.49800658 0.51987362
4.08786869 0.26742390
3.49800658 0.30003092
4.15532494 0.24249993
4.09903860 0.23673300
4.04186630 0.29529968
4.15532494 0.62520403
4.09903860 0.65115410
4.04186630 0.71455413
4.15532494 0.24975598
4.09903860 0.25645009
4.04186630 0.21845597
2.93814135 0.24478197
2.93814135 0.53594726
2.93814135 0.29252163
4.25917387 0.24646966
4.03045321 0.23411439
4.26239443 0.30666342
4.25917387 0.57177293
4.03045321 0.59239793
4.26239443 0.63422728
4.25917387 0.13604496
4.03045321 0.15936027
4.26239443 0.12362953
3.58273292 0.22080177
2.99900889 0.24673729
3.44736457 0.26820108
3.58273292 0.44895601
2.99900889 0.52183235
3.44736457 0.51074666
3.58273292 0.30509126
2.99900889 0.30539286
3.44736457 0.30083296
3.92520642 0.23373783
4.08926868 0.29754764
1.81927383 0.19719745
3.92520642 0.51602048
4.08926868 0.73870152
1.81927383 0.41305900
3.92520642 0.29173890
4.08926868 0.24906945
1.81927383 0.26286367
4.55850840 0.31823212
4.55850840 0.73353428
4.55850840 0.13980494
2.79294038 0.23498647
1.90372694 0.20258254
3.74920654 0.22692339
2.79294038 0.52851290
1.90372694 0.41717455
3.74920654 0.53216815
2.79294038 0.29375485
1.90372694 0.22397326
3.74920654 0.27122375
3.98300719 0.29056907
1.92635155 0.20348597
3.98300719 0.74889690
1.92635155 0.43246806
3.98300719 0.23934628
1.92635155 0.24480022
3.52597499 0.21666081
3.70021105 0.27711704
4.19087791 0.24336600
3.52597499 0.40747765
3.70021105 0.45080996
4.19087791 0.61942828
3.52597499 0.30820161
3.70021105 0.25270560
4.19087791 0.24531466
1.82991028 0.19399334
3.75759554 0.28647885
3.94669151 0.23243143
1.82991028 0.40204036
3.75759554 0.67363244
3.94669151 0.51958340
1.82991028 0.22315949
3.75759554 0.20768833
3.94669151 0.28724715
3.68497229 0.22259595
4.45000458 0.31299204
3.57131505 0.21990563
4.44830418 0.25358745
3.68497229 0.48904157
4.45000458 0.63249594
3.57131505 0.50849384
4.44830418 0.70514494
3.68497229 0.31019941
4.45000458 0.21822350
3.57131505 0.30863279
4.44830418 0.24115662
4.39631319 0.31040290
4.29407215 0.24730952
4.17303467 0.24303646
4.36851168 0.24842280
4.39631319 0.59021443
4.29407215 0.62697345
4.17303467 0.58952159
4.36851168 0.55729294
4.39631319 0.21016210
4.29407215 0.24867441
4.17303467 0.26727960
4.36851168 0.27535665
3.30103564 0.25834805
4.00521231 0.29841217
3.30103564 0.48896131
4.00521231 0.69227201
3.30103564 0.28326875
4.00521231 0.19583286
1.85628867 0.19501430
2.99953413 0.25062227
4.41409588 0.25015950
1.85628867 0.40197745
2.99953413 0.49541190
4.41409588 0.59980202
1.85628867 0.20824832
2.99953413 0.28215379
4.41409588 0.26131386
3.86366844 0.28487894
3.86366844 0.53143626
3.86366844 0.28321162
4.35625601 0.24795616
1.79584336 0.19268805
3.75213122 0.28621647
4.35625601 0.60977656
1.79584336 0.39417136
3.75213122 0.62620640
4.35625601 0.27057669
1.79584336 0.23327440
3.75213122 0.22881021
4.51379824 0.25396314
3.88622260 0.29266724
4.51379824 0.64238173
3.88622260 0.58361655
4.51379824 0.26469639
3.88622260 0.21947861
3.79148412 0.28810692
4.42317247 0.25225472
3.85289669 0.22889797
3.79148412 0.65137339
4.42317247 0.73866463
3.85289669 0.56816369
3.79148412 0.22996026
4.42317247 0.25643012
3.85289669 0.31137201
4.42813921 0.25244522
3.17068863 0.25228897
3.86599207 0.29169238
4.07034445 0.23911631
4.42813921 0.69808024
3.17068863 0.50796348
3.86599207 0.65649384
4.07034445 0.64530879
4.42813921 0.25123554
3.17068863 0.30274817
3.86599207 0.22415937
4.07034445 0.27925974
1.84407139 0.19454037
2.92805624 0.24731331
4.29922295 0.24786592
1.84407139 0.44893560
2.92805624 0.53591704
4.29922295 0.74455005
1.84407139 0.25216347
2.92805624 0.29997775
4.29922295 0.26445746
3.39940596 0.21347906
4.01358032 0.23495670
4.30812836 0.24820721
3.39940596 0.43103048
4.01358032 0.57845694
4.30812836 0.65113920
3.39940596 0.31200323
4.01358032 0.29125679
4.30812836 0.24968980
3.76236463 0.28670785
3.85784340 0.23070407
4.41425419 0.25016555
3.76236463 0.66701478
3.85784340 0.57763344
4.41425419 0.77451700
3.76236463 0.22805865
3.85784340 0.29771620
4.41425419 0.24971108
3.99290705 0.29104188
3.97921991 0.29715565
3.51635456 0.21815705
3.82088065 0.22930561
3.99290705 0.67484403
3.97921991 0.61492425
3.51635456 0.49625054
3.82088065 0.53031951
3.99290705 0.25907940
3.97921991 0.23242617
3.51635456 0.30417359
3.82088065 0.29968962
3.20431709 0.26018289
4.22882938 0.24481528
4.18565464 0.24147205
3.20431709 0.49310431
4.22882938 0.63029891
4.18565464 0.63191646
3.20431709 0.28444451
4.22882938 0.26216081
4.18565464 0.28223270
1.84219110 0.19446759
1.90409291 0.20259710
4.08084488 0.23951674
1.84219110 0.43354771
1.90409291 0.42107129
4.08084488 0.63144785
1.84219110 0.24138497
1.90409291 0.24176644
4.08084488 0.26888421
1.85144782 0.19482629
1.87490392 0.20144022
1.85144782 0.45415294
1.87490392 0.44841382
1.85144782 0.22827959
1.87490392 0.23752330
3.62457991 0.28010562
4.57192230 0.25796738
3.62457991 0.65895182
4.57192230 0.76581764
3.62457991 0.21357222
4.57192230 0.21181887
3.03548050 0.24604811
1.87781429 0.20155512
3.03548050 0.53724796
1.87781429 0.43179128
3.03548050 0.27368113
1.87781429 0.23111938
3.99260688 0.29102758
1.93414080 0.20379834
3.99260688 0.75175947
1.93414080 0.43251005
3.99260688 0.23790409
1.93414080 0.24629103
3.80428195 0.28205448
3.98227334 0.29730320
3.80428195 0.61073011
3.98227334 0.66671950
3.80428195 0.25809851
3.98227334 0.20504971
3.72077894 0.27809155
2.82418489 0.24253416
3.72077894 0.71002120
2.82418489 0.51750225
3.72077894 0.23536392
2.82418489 0.28443643
4.37113810 0.31618381
4.35166264 0.24987657
4.37113810 0.57872969
4.35166264 0.55605322
4.37113810 0.17253689
4.35166264 0.25895759
3.36964512 0.26797721
3.36964512 0.48214957
3.36964512 0.25315562
4.50556564 0.25541714
4.35916758 0.31560019
3.70932913 0.22541721
4.50556564 0.71439689
4.35916758 0.60634190
3.70932913 0.48635077
4.50556564 0.24699366
4.35916758 0.18370627
3.70932913 0.30325797
3.99604392 0.29119173
3.49580097 0.27396381
3.37091827 0.21272016
4.17683125 0.24282987
3.99604392 0.65637422
3.49580097 0.45479879
3.37091827 0.40915322
4.17683125 0.59361196
3.99604392 0.23521359
3.49580097 0.23976535
3.37091827 0.30105671
4.17683125 0.26280335
3.95110416 0.23574466
3.49507499 0.26644802
3.95110416 0.47376275
3.49507499 0.46595669
3.95110416 0.28671035
3.49507499 0.29353568
4.34666157 0.30699894
3.94620180 0.23183882
3.55674028 0.27262112
4.34666157 0.75994515
3.94620180 0.55874246
3.55674028 0.53906053
4.34666157 0.18095018
3.94620180 0.29090223
3.55674028 0.28598675
4.49019670 0.31391522
4.49019670 0.76765138
4.49019670 0.16781205
4.35599136 0.25048819
4.44393826 0.25084472
4.50071526 0.31747338
4.11527348 0.24102525
4.35599136 0.60757303
4.44393826 0.62157542
4.50071526 0.66698867
4.11527348 0.59954709
4.35599136 0.18916953
4.44393826 0.18826251
4.50071526 0.13460708
4.11527348 0.16508378
4.01351833 0.23792648
4.28962326 0.24793929
3.13137650 0.24949050
3.47932100 0.21423848
1.76391494 0.19423310
4.01351833 0.65501958
4.28962326 0.66165328
3.13137650 0.52973616
3.47932100 0.46306428
1.76391494 0.42159382
4.01351833 0.29077479
4.28962326 0.24258457
3.13137650 0.30905572
3.47932100 0.30932027
1.76391494 0.24320950
4.10414743 0.24137622
4.27586985 0.24814941
1.87016118 0.19457781
4.05192423 0.23585784
4.20446253 0.24445474
1.85809052 0.19781400
4.10414743 0.60021102
4.27586985 0.62299043
1.87016118 0.41786683
4.05192423 0.58356166
4.20446253 0.59004575
1.85809052 0.41338220
4.10414743 0.29907054
4.27586985 0.26663452
1.87016118 0.25700387
4.05192423 0.29606909
4.20446253 0.26810262
1.85809052 0.25929198
4.11530733 0.24200480
1.85042965 0.19380939
4.53962517 0.25452045
3.52207184 0.27099743
4.11530733 0.58137679
1.85042965 0.41205069
4.53962517 0.66254193
3.52207184 0.52932048
4.11530733 0.26655102
1.85042965 0.23001617
4.53962517 0.23296420
3.52207184 0.28771016
3.56310844 0.26964939
3.56310844 0.58747405
3.56310844 0.29255915
4.51227236 0.31802848
4.51227236 0.74490929
4.51227236 0.16301931
4.38356209 0.25205645
3.88918591 0.28509620
4.16840458 0.24306743
3.19877481 0.25596869
4.38356209 0.62164736
3.88918591 0.66158700
4.16840458 0.60767573
3.19877481 0.47695753
4.38356209 0.22808242
3.88918591 0.24533284
4.16840458 0.23780261
3.19877481 0.28090224
3.66878939 0.22504719
1.76395428 0.19050007
4.46318245 0.25443926
3.80133367 0.28413287
3.66878939 0.44760859
1.76395428 0.41951528
4.46318245 0.65665513
3.80133367 0.67360526
3.66878939 0.29657930
1.76395428 0.20936175
4.46318245 0.22794509
3.80133367 0.27087104
3.68598509 0.22552913
4.35639524 0.25050372
3.43794227 0.26706627
3.68598509 0.51768333
4.35639524 0.69597763
3.43794227 0.51001430
3.68598509 0.31251162
4.35639524 0.26201031
3.43794227 0.29922646
3.26439810 0.20977473
3.94808960 0.23488134
3.99489331 0.29013583
3.88203454 0.22940493
1.79963040 0.19557731
3.26439810 0.42567697
3.94808960 0.56073409
3.99489331 0.65926659
3.88203454 0.54773194
1.79963040 0.39744720
3.26439810 0.31291205
3.94808960 0.28021887
3.99489331 0.27979359
3.88203454 0.29658353
1.79963040 0.25735861
4.46807575 0.25529870
4.57444525 0.32101670
4.46807575 0.62133199
4.57444525 0.67754364
4.46807575 0.25074401
4.57444525 0.17203116
3.73722553 0.22746067
2.93797398 0.24060333
4.32380152 0.24623890
4.46907616 0.25466731
1.86189294 0.19796097
3.73722553 0.52922815
2.93797398 0.51876831
4.32380152 0.69714659
4.46907616 0.69291848
1.86189294 0.42340013
3.73722553 0.30650339
2.93797398 0.31289771
4.32380152 0.27349797
4.46907616 0.23422678
1.86189294 0.26103112
3.96811724 0.23564409
4.31801462 0.24883060
3.96811724 0.58377761
4.31801462 0.67570877
3.96811724 0.27220193
4.31801462 0.22201069
3.88983250 0.28512701
3.57906938 0.22057636
3.99042797 0.29309198
3.88983250 0.66773033
3.57906938 0.51843357
3.99042797 0.68574816
3.88983250 0.27303132
3.57906938 0.29128441
3.99042797 0.26624295
4.33192348 0.24956346
3.94835329 0.28791526
4.33192348 0.73231459
3.94835329 0.67368478
4.33192348 0.23746222
3.94835329 0.25143942
3.92479515 0.28679231
3.92479515 0.66938490
3.92479515 0.28040057
3.36838126 0.21363522
3.74045348 0.22699885
3.96173763 0.28855360
3.65089512 0.22067530
1.77223575 0.19454467
3.36838126 0.49840626
3.74045348 0.54413432
3.96173763 0.69991583
3.65089512 0.52212030
1.77223575 0.41944063
3.36838126 0.31668732
3.74045348 0.30193105
3.96173763 0.28822523
3.65089512 0.30892810
1.77223575 0.25493968
4.17530918 0.24409015
3.36650538 0.21293898
4.38803005 0.24869998
3.50465322 0.27018246
4.17530918 0.65720230
3.36650538 0.43410957
4.38803005 0.63157272
3.50465322 0.50438976
4.17530918 0.26530644
3.36650538 0.31037858
4.38803005 0.24933864
3.50465322 0.28193960
4.33123589 0.25027311
4.16251707 0.29815480
4.36887169 0.25079373
4.33123589 0.56539142
4.16251707 0.58371651
4.36887169 0.58187062
4.33123589 0.22408946
4.16251707 0.20589046
4.36887169 0.21207750
3.71974516 0.22621536
4.51645565 0.31822944
4.40872717 0.25233355
3.71974516 0.52938914
4.51645565 0.73315078
4.40872717 0.72078913
3.71974516 0.29493567
4.51645565 0.16659084
4.40872717 0.22238499
4.10114861 0.24126196
4.27350140 0.24805862
1.86890280 0.19452868
4.04984379 0.23577864
4.20122290 0.24433005
1.85600150 0.19773333
4.10114861 0.59942770
4.27350140 0.62240380
1.86890280 0.41756973
4.04984379 0.58302432
4.20122290 0.58915949
1.85600150 0.41310552
4.10114861 0.29909310
4.27350140 0.26651761
1.86890280 0.25648552
4.04984379 0.29606497
4.20122290 0.26804242
1.85600150 0.25859690
4.18405342 0.29918733
3.66533518 0.22384380
4.18405342 0.65736705
3.66533518 0.51192325
4.18405342 0.22110856
3.66533518 0.28443426
3.89101768 0.28518343
3.57444143 0.22040136
3.99546003 0.29333100
3.89101768 0.66767645
3.57444143 0.51743615
3.99546003 0.68702465
3.89101768 0.27278623
3.57444143 0.29122970
3.99546003 0.26575646
3.90233445 0.23389041
1.83953595 0.19338715
3.82203007 0.22980253
2.89253426 0.24196422
3.90233445 0.53808415
1.83953595 0.43700731
3.82203007 0.52098531
2.89253426 0.52022672
3.90233445 0.28434315
1.83953595 0.22426546
3.82203007 0.27407566
2.89253426 0.30828330
4.00951195 0.23777415
4.20705462 0.24477305
4.39908838 0.30952299
4.44934940 0.25481132
3.98447824 0.29280937
4.00951195 0.57040650
4.20705462 0.62016058
4.39908838 0.58797854
4.44934940 0.55419391
3.98447824 0.59797299
4.00951195 0.29462692
4.20705462 0.26571557
4.39908838 0.20477952
4.44934940 0.23242147
3.98447824 0.24122447
4.31046247 0.24925627
3.53912878 0.21940506
4.47897387 0.31337377
3.98010826 0.29260185
4.31046247 0.71311909
3.53912878 0.51726395
4.47897387 0.67309445
3.98010826 0.66848069
4.31046247 0.26375440
3.53912878 0.30504557
4.47897387 0.17977916
3.98010826 0.23514561
3.86974406 0.23265271
1.85806561 0.19410622
3.87348151 0.28754553
3.86974406 0.52042729
1.85806561 0.41722575
3.87348151 0.65999645
3.86974406 0.27682194
1.85806561 0.22784309
3.87348151 0.26539722
4.22998333 0.24565174
3.57420325 0.27017221
4.22998333 0.70225722
3.57420325 0.54969400
4.22998333 0.26233920
3.57420325 0.27043241
3.73366928 0.22863366
4.47413015 0.31503719
4.39413404 0.31723469
3.73366928 0.52387387
4.47413015 0.74443531
4.39413404 0.70265692
3.73366928 0.28467339
4.47413015 0.15897106
4.39413404 0.15748309
3.43378663 0.21599984
4.36800766 0.25404435
1.90102458 0.20299192
3.43378663 0.54723316
4.36800766 0.75065947
1.90102458 0.42846951
3.43378663 0.29594782
4.36800766 0.25796926
1.90102458 0.23278083
4.13723707 0.24600266
4.05408192 0.24083000
4.52525425 0.32360515
4.13723707 0.58641773
4.05408192 0.59392309
4.52525425 0.66366011
4.13723707 0.27235338
4.05408192 0.27144784
4.52525425 0.12785174
3.55841470 0.21587248
1.81027830 0.19469525
3.55841470 0.48659956
1.81027830 0.40320274
3.55841470 0.31031957
1.81027830 0.24604273
4.54055452 0.25288108
4.15490913 0.24468911
3.83113146 0.28435075
4.54055452 0.66190964
4.15490913 0.62953538
3.83113146 0.53424817
4.54055452 0.24019225
4.15490913 0.27812210
3.83113146 0.25872344
3.40301800 0.21011531
1.82197928 0.19514160
3.40301800 0.44644657
1.82197928 0.40659234
3.40301800 0.31145635
1.82197928 0.24821883
3.95356345 0.23065116
3.73254037 0.27969030
4.32222795 0.24977328
3.90172267 0.29346839
3.95356345 0.54354745
3.73254037 0.53579873
4.32222795 0.72207218
3.90172267 0.68678123
3.95356345 0.29808590
3.73254037 0.26212928
4.32222795 0.23438704
3.90172267 0.21312970
4.26082993 0.24838974
3.96768355 0.23118244
1.77841592 0.19348915
4.26082993 0.58880931
3.96768355 0.58385700
1.77841592 0.38267103
4.26082993 0.23213451
3.96768355 0.26514557
1.77841592 0.23163271
4.11533689 0.24183615
3.85199976 0.28533897
3.81751537 0.28943357
4.11533689 0.69335538
3.85199976 0.57833123
3.81751537 0.68419343
4.11533689 0.24321787
3.85199976 0.26281053
3.81751537 0.24341571
3.70629168 0.22956581
4.51660633 0.31707904
3.92101145 0.23540986
3.70629168 0.53845447
4.51660633 0.76485783
3.92101145 0.54604965
3.70629168 0.28941131
4.51660633 0.13904506
3.92101145 0.28011328
3.81742167 0.28942910
4.32470512 0.25120774
4.00687170 0.24022414
3.42571211 0.21671759
4.50372696 0.26011452
3.11775732 0.25101408
3.81742167 0.57946974
4.32470512 0.57750660
4.00687170 0.56666416
3.42571211 0.39993778
4.50372696 0.62022132
3.11775732 0.45616567
3.81742167 0.19701613
4.32470512 0.19400632
4.00687170 0.24507600
3.42571211 0.29373682
4.50372696 0.18235759
3.11775732 0.26392686
3.16244864 0.20589519
4.15472841 0.24586882
1.93734360 0.20443685
3.16244864 0.45811042
4.15472841 0.64665240
1.93734360 0.42214274
3.16244864 0.30114350
4.15472841 0.26834306
1.93734360 0.24427485
4.44570446 0.25549224
4.25996971 0.25071666
3.89528751 0.23343669
4.52826643 0.31763980
3.89783597 0.29328191
4.44570446 0.63093799
4.25996971 0.63333827
3.89528751 0.58519119
4.52826643 0.68603820
3.89783597 0.62408739
4.44570446 0.21571176
4.25996971 0.20746569
3.89528751 0.23705836
4.52826643 0.13820730
3.89783597 0.21045096
3.86128378 0.29152954
4.19742584 0.24750252
3.68305659 0.22639079
4.22805119 0.24101168
1.86304665 0.19672187
3.86128378 0.65033603
4.19742584 0.67514855
3.68305659 0.51259476
4.22805119 0.69542974
1.86304665 0.41928533
3.86128378 0.24853915
4.19742584 0.27110445
3.68305659 0.30386934
4.22805119 0.25847107
1.86304665 0.25515905
3.55123425 0.22370434
3.55123425 0.52920347
3.55123425 0.30916160
3.86365366 0.23554491
3.78850365 0.23071294
3.86365366 0.54885817
3.78850365 0.54978698
3.86365366 0.30089399
3.78850365 0.30292881
3.55967546 0.22402261
3.55967546 0.53144604
3.55967546 0.30881467
4.43881416 0.25760755
3.47783518 0.21765174
3.25456643 0.26275900
4.43881416 0.69923878
3.47783518 0.52153683
3.25456643 0.52647710
4.43881416 0.23708780
3.47783518 0.30460748
3.25456643 0.29978999
3.89211392 0.29300746
3.66474390 0.21983100
1.81040394 0.19470005
3.89211392 0.70384240
3.66474390 0.55217814
1.81040394 0.43758437
3.89211392 0.21849304
3.66474390 0.30890432
1.81040394 0.25047475
3.82448792 0.28976730
4.34965277 0.25416908
4.45562458 0.24964839
3.48724461 0.26816124
3.82448792 0.59559959
4.34965277 0.65238780
4.45562458 0.65818411
3.48724461 0.52806658
3.82448792 0.21450233
4.34965277 0.25266767
4.45562458 0.22862291
3.48724461 0.26174054
4.43845224 0.25759357
3.47811365 0.21766217
3.25509763 0.26278386
4.43845224 0.69908881
3.47811365 0.52158445
3.25509763 0.52655303
4.43845224 0.23715770
3.47811365 0.30460557
3.25509763 0.29978195
3.26771975 0.26337513
4.02744436 0.24100830
4.05788088 0.24062495
4.04949570 0.23426437
1.87281382 0.19710076
3.26771975 0.50358558
4.02744436 0.62397724
4.05788088 0.59957772
4.04949570 0.62471575
1.87281382 0.41825667
3.26771975 0.29352620
4.02744436 0.29505804
4.05788088 0.29280499
4.04949570 0.29331079
1.87281382 0.24862921
4.46537638 0.25863305
4.55526829 0.25971314
3.55499887 0.22188462
4.56619596 0.26167226
4.46797752 0.32082048
4.46537638 0.63126242
4.55526829 0.65462995
3.55499887 0.41628161
4.56619596 0.62155759
4.46797752 0.63851929
4.46537638 0.21837360
4.55526829 0.20166266
3.55499887 0.28605086
4.56619596 0.19508775
4.46797752 0.11107448
3.22477555 0.25594926
4.33923721 0.25139877
4.34794855 0.25076243
3.47058415 0.21994965
1.91466522 0.20353286
3.22477555 0.54275805
4.33923721 0.70106906
4.34794855 0.71538895
3.47058415 0.52690405
1.91466522 0.42650405
3.22477555 0.28021297
4.33923721 0.25899848
4.34794855 0.21585119
3.47058415 0.30981797
1.91466522 0.24141069
3.16214299 0.20588386
4.15480804 0.24587186
1.93985724 0.20453741
3.16214299 0.45799577
4.15480804 0.64670366
1.93985724 0.42208180
3.16214299 0.30109444
4.15480804 0.26827714
1.93985724 0.24468176
3.80486393 0.28310770
3.70159793 0.22709119
4.01425743 0.23930834
3.66946721 0.22742723
3.12416649 0.25667280
3.80486393 0.67094904
3.70159793 0.52555215
4.01425743 0.52266341
3.66946721 0.50532311
3.12416649 0.47817597
3.80486393 0.24849908
3.70159793 0.29888958
4.01425743 0.27436641
3.66946721 0.29540822
3.12416649 0.27442411
3.82252669 0.28394344
4.19158030 0.24573626
4.48254395 0.25728744
4.21338224 0.24559307
3.32249451 0.21441989
1.89238703 0.20265050
3.82252669 0.64215451
4.19158030 0.63980722
4.48254395 0.60745764
4.21338224 0.65470546
3.32249451 0.43317166
1.89238703 0.40154162
3.82252669 0.24171525
4.19158030 0.27326840
4.48254395 0.21889178
4.21338224 0.23584320
3.32249451 0.30596039
1.89238703 0.22858156
3.16297102 0.20591450
4.15313005 0.24580769
1.93629408 0.20439489
3.16297102 0.45823458
4.15313005 0.64612603
1.93629408 0.42217812
3.16297102 0.30115610
4.15313005 0.26850757
1.93629408 0.24409758
4.14773893 0.24640553
4.06543875 0.24126421
4.51496410 0.32310465
4.14773893 0.58972228
4.06543875 0.59762537
4.51496410 0.66092068
4.14773893 0.27118537
4.06543875 0.27053079
4.51496410 0.12846918
3.89477468 0.23341715
2.92057443 0.24726160
3.89477468 0.67243201
2.92057443 0.49565434
3.89477468 0.24187009
2.92057443 0.27177930
3.90868807 0.28802645
4.12932730 0.24237172
3.96887350 0.23877685
1.85209048 0.20106941
3.90868807 0.69629258
4.12932730 0.67491955
3.96887350 0.65232855
1.85209048 0.41045213
3.90868807 0.16333616
4.12932730 0.22216214
3.96887350 0.27184460
1.85209048 0.22072913
3.85234904 0.28535554
4.46755505 0.25871718
3.46901226 0.27285123
3.85234904 0.67370391
4.46755505 0.71845192
3.46901226 0.53195208
3.85234904 0.19040455
4.46755505 0.23216122
3.46901226 0.24765293
3.66153097 0.27741638
4.42999077 0.31541601
3.66153097 0.43314266
4.42999077 0.60092741
3.66153097 0.27374938
4.42999077 0.16835777
4.48723030 0.26040709
4.29895115 0.30911765
3.57658625 0.21458781
4.34856319 0.31004986
4.48723030 0.55910796
4.29895115 0.58629447
3.57658625 0.35674393
4.34856319 0.57233113
4.48723030 0.17529021
4.29895115 0.14634156
3.57658625 0.29330972
4.34856319 0.15264502
4.39718246 0.31383756
4.00912476 0.23078066
4.41990471 0.31346843
4.39718246 0.80656171
4.00912476 0.60379910
4.41990471 0.77217311
4.39718246 0.19083978
4.00912476 0.30133951
4.41990471 0.22304283
3.10433412 0.25274876
3.83907557 0.22438990
3.82770681 0.28992137
3.10433412 0.49352768
3.83907557 0.51897860
3.82770681 0.66102403
3.10433412 0.28814301
3.83907557 0.29391184
3.82770681 0.16807991
3.71948195 0.28014502
1.80789518 0.19682123
3.98684645 0.29755670
3.71948195 0.62925643
1.80789518 0.42579517
3.98684645 0.70037073
3.71948195 0.29553160
1.80789518 0.24923229
3.98684645 0.25024980
4.32853556 0.31053817
4.07717609 0.30190501
4.32853556 0.75152540
4.07717609 0.71294212
4.32853556 0.19480294
4.07717609 0.22395110
3.05880356 0.24940848
1.85482013 0.19862479
1.84448063 0.20077308
3.05880356 0.52863735
1.85482013 0.43832466
1.84448063 0.43395591
3.05880356 0.30475613
1.85482013 0.24134003
1.84448063 0.23983072
3.77800560 0.23333228
3.88698387 0.22618741
3.87340808 0.29211059
3.19473600 0.25565603
3.77800560 0.54123539
3.88698387 0.52760679
3.87340808 0.68499631
3.19473600 0.51545662
3.77800560 0.31317040
3.88698387 0.30662325
3.87340808 0.24719061
3.19473600 0.31360084
4.57246971 0.26368859
3.04469538 0.25000682
1.84399390 0.20075417
1.86031306 0.19774866
4.57246971 0.69714528
3.04469538 0.50824869
1.84399390 0.43171582
1.86031306 0.43881142
4.57246971 0.25719634
3.04469538 0.30360207
1.84399390 0.24701314
1.86031306 0.25276199
4.04631758 0.29702422
3.19868302 0.26014563
4.04631758 0.70899540
3.19868302 0.52260441
4.04631758 0.21057618
3.19868302 0.27897701
3.73760128 0.23180485
3.73760128 0.51659983
3.73760128 0.30739692
1.83793616 0.19688578
3.09870076 0.25248936
3.88809180 0.29281458
1.83793616 0.38828036
3.09870076 0.44985625
3.88809180 0.63911337
1.83793616 0.21560131
3.09870076 0.28360134
3.88809180 0.24889986
3.72647691 0.23138465
3.22163010 0.26121786
4.10260773 0.29830253
3.72647691 0.53069305
3.22163010 0.51099813
4.10260773 0.71557730
3.72647691 0.30922022
3.22163010 0.29323131
4.10260773 0.25152561
4.26802540 0.25199226
4.35703850 0.31190756
4.03361654 0.29980689
4.26802540 0.66262913
4.35703850 0.71327990
4.03361654 0.65702993
4.26802540 0.25316325
4.35703850 0.17335087
4.03361654 0.20765753
4.32351589 0.31029707
4.07887411 0.30198684
4.32351589 0.74931979
4.07887411 0.71282721
4.32351589 0.19554073
4.07887411 0.22403806
4.04072046 0.29675710
3.19354081 0.25990555
4.04072046 0.70671731
3.19354081 0.52109486
4.04072046 0.21116216
3.19354081 0.27936041
3.05756545 0.24935178
1.85124171 0.19848628
1.84181392 0.20066941
3.05756545 0.52762198
1.85124171 0.43769416
1.84181392 0.43334198
3.05756545 0.30488619
1.85124171 0.24053593
1.84181392 0.23911214
3.90765667 0.28903925
3.07885146 0.25157601
1.84937632 0.20096366
3.90765667 0.69385749
3.07885146 0.51881927
1.84937632 0.43190566
3.90765667 0.26002797
3.07885146 0.28935224
1.84937632 0.23318835
3.73122287 0.23156391
3.21489215 0.26090288
4.10034752 0.29819486
3.73122287 0.53208071
3.21489215 0.51006246
4.10034752 0.71549267
3.73122287 0.30911437
3.21489215 0.29339370
4.10034752 0.25181171
4.56423807 0.26337147
3.05124688 0.25030756
1.84266579 0.20070253
1.86363864 0.19787741
4.56423807 0.69441110
3.05124688 0.50891644
1.84266579 0.43144572
1.86363864 0.43843856
4.56423807 0.25816181
3.05124688 0.30357829
1.84266579 0.24673879
1.86363864 0.25339535
4.36605263 0.25575086
3.94441485 0.29216686
1.86109078 0.20142083
3.14420795 0.25332826
4.36605263 0.66925621
3.94441485 0.68190223
1.86109078 0.42492422
3.14420795 0.52853876
4.36605263 0.25622413
3.94441485 0.25420424
1.86109078 0.23869985
3.14420795 0.29925418
1.86450279 0.19791089
1.85978675 0.19881730
1.84439981 0.20076995
1.86450279 0.43853843
1.85978675 0.43523183
1.84439981 0.43103120
1.86450279 0.24436815
1.85978675 0.24158759
1.84439981 0.23804937
1.78220057 0.19476438
3.64422584 0.27793911
3.83773303 0.29040143
1.78220057 0.41566202
3.64422584 0.60676664
3.83773303 0.65969658
1.78220057 0.23633905
3.64422584 0.29515505
3.83773303 0.26914600
3.97115827 0.29344037
1.88693094 0.20243530
3.96612692 0.29181263
3.97115827 0.73244911
1.88693094 0.44254661
3.96612692 0.73273230
3.97115827 0.22446120
1.88693094 0.24633731
3.96612692 0.23524626
3.12579584 0.25674859
3.12579584 0.54133004
3.12579584 0.28129560
3.88495564 0.28796369
3.88495564 0.59540433
3.88495564 0.26181558
3.81641698 0.28938103
3.81641698 0.65003669
3.81641698 0.20003806
3.86088395 0.29151037
3.86088395 0.75293177
3.86088395 0.20366324
4.47580767 0.25996771
4.43145323 0.31402227
3.53170633 0.27264199
4.47580767 0.71871847
4.43145323 0.66013151
3.53170633 0.49923983
4.47580767 0.24657606
4.43145323 0.22557621
3.53170633 0.29539493
3.23389482 0.25746426
1.82844567 0.19760762
3.99017763 0.29771689
3.23389482 0.44774738
1.82844567 0.38481030
3.99017763 0.63064396
3.23389482 0.29577875
1.82844567 0.22549315
3.99017763 0.23148198
4.01947165 0.24249822
4.51850748 0.31820086
4.51881266 0.31969407
4.01947165 0.53931385
4.51850748 0.57886767
4.51881266 0.58102000
4.01947165 0.25763652
4.51850748 0.14326356
4.51881266 0.13582613
1.81817198 0.19612886
1.85003042 0.19843943
2.99453449 0.25066650
1.81817198 0.42446578
1.85003042 0.42168292
2.99453449 0.50946468
1.81817198 0.23246098
1.85003042 0.23372801
2.99453449 0.29529339
