3.50983953 0.37717393
2.22587371 0.29520658
3.50983953 0.48747778
2.22587371 0.35838243
3.50983953 0.14732620
2.22587371 0.14238341
3.63054323 0.33027110
4.23681784 0.44053504
2.16640639 0.29974967
3.63054323 0.36007550
4.23681784 0.58568376
2.16640639 0.33602497
3.63054323 0.16176206
4.23681784 0.09782910
2.16640639 0.10450014
4.34798670 0.36450008
4.00930929 0.35407305
3.80249095 0.39862132
3.01321220 0.34899482
2.17088819 0.30002937
4.34798670 0.66945606
4.00930929 0.44193280
3.80249095 0.65069550
3.01321220 0.42202559
2.17088819 0.35517523
4.34798670 0.06302322
4.00930929 0.10894919
3.80249095 0.09181410
3.01321220 0.15566325
2.17088819 0.12102082
3.02019978 0.34213349
4.24591875 0.35813996
4.39805317 0.36337838
4.56073427 0.38515040
3.02019978 0.41710922
4.24591875 0.58012158
4.39805317 0.52065927
4.56073427 0.54667467
3.02019978 0.16371825
4.24591875 0.06212413
4.39805317 0.07386025
4.56073427 0.06245164
4.36863279 0.44085220
3.87228012 0.34147999
3.81305075 0.40819311
4.36863279 0.70183277
3.87228012 0.49353424
3.81305075 0.69032592
4.36863279 0.07910758
3.87228012 0.09006376
3.81305075 0.09991018
2.09051776 0.28088775
4.38780689 0.45217082
3.83908606 0.33301237
3.97894716 0.33763444
4.68549013 0.39316213
2.09051776 0.36107990
4.38780689 0.68102449
3.83908606 0.47659448
3.97894716 0.43370733
4.68549013 0.57333452
2.09051776 0.13488215
4.38780689 0.09275871
3.83908606 0.13328804
3.97894716 0.12876697
4.68549013 0.06316356
4.64712286 0.38324690
2.13276553 0.28342378
4.34508944 0.44887361
4.37407923 0.37321332
3.56990552 0.31291208
3.79575634 0.41627875
4.64712286 0.59511268
2.13276553 0.33753654
4.34508944 0.62130564
4.37407923 0.48969099
3.56990552 0.35415354
3.79575634 0.62898666
4.64712286 0.06297463
2.13276553 0.09786868
4.34508944 0.09076443
4.37407923 0.06131894
3.56990552 0.14563824
3.79575634 0.10528788
3.32520032 0.36381865
3.79875875 0.33688319
3.77746654 0.32539904
2.86041355 0.34662089
3.32520032 0.45375267
3.79875875 0.43869093
3.77746654 0.44861469
2.86041355 0.46259606
3.32520032 0.15302230
3.79875875 0.11252626
3.77746654 0.12381071
2.86041355 0.16461687
4.36239529 0.44038263
3.96151233 0.42904803
4.43501329 0.36566484
3.40695453 0.31267759
3.83336163 0.40973112
4.36239529 0.61207622
3.96151233 0.70246643
4.43501329 0.55058920
3.40695453 0.37867999
3.83336163 0.59511524
4.36239529 0.12003771
3.96151233 0.11104345
4.43501329 0.07122593
3.40695453 0.14895439
3.83336163 0.13786142
4.09361601 0.35540536
4.64869690 0.46201575
2.27163887 0.29812866
4.09361601 0.59959608
4.64869690 0.76565027
2.27163887 0.36708340
4.09361601 0.08501142
4.64869690 0.08269574
2.27163887 0.13459754
3.97225094 0.42987844
4.37333775 0.45105353
3.97225094 0.74252313
4.37333775 0.66667032
3.97225094 0.10612638
4.37333775 0.08156022
4.46513224 0.44812700
3.48038411 0.38321480
4.46513224 0.61258930
3.48038411 0.40814376
4.46513224 0.09862912
3.48038411 0.14597404
2.10344338 0.29586348
4.34007454 0.37104556
2.10344338 0.39289856
4.34007454 0.67699736
2.10344338 0.14221177
4.34007454 0.06472065
3.91363382 0.42535004
3.52421284 0.31986529
3.32956600 0.37204206
3.91363382 0.73328131
3.52421284 0.47039929
3.32956600 0.46397087
3.91363382 0.12277798
3.52421284 0.16632876
3.32956600 0.16236237
4.08474302 0.41957083
4.48111105 0.37282431
4.08474302 0.71946675
4.48111105 0.68631673
4.08474302 0.07924670
4.48111105 0.06253270
4.46867371 0.38342905
4.21671534 0.44887760
4.46867371 0.62564564
4.21671534 0.69784141
4.46867371 0.06554604
4.21671534 0.08336607
3.75153184 0.32765874
2.07314801 0.27985501
2.12919331 0.28915104
3.81406116 0.41768417
3.75153184 0.46406007
2.07314801 0.37099111
2.12919331 0.35878542
3.81406116 0.62819409
3.75153184 0.15948416
2.07314801 0.14724605
2.12919331 0.13529272
3.81406116 0.11654996
3.54959655 0.31539854
3.08078504 0.34639856
4.11950254 0.43153191
3.11788821 0.36527956
3.54959655 0.45952728
3.08078504 0.46711722
4.11950254 0.66271514
3.11788821 0.46881703
3.54959655 0.15038361
3.08078504 0.14661460
4.11950254 0.10282117
3.11788821 0.17268272
3.90523100 0.40621999
4.42416048 0.36499318
3.83081746 0.34280348
2.12111712 0.29694602
3.90523100 0.62251002
4.42416048 0.66597223
3.83081746 0.46443382
2.12111712 0.37740991
3.90523100 0.10458305
4.42416048 0.06430889
3.83081746 0.12665936
2.12111712 0.13967200
3.88140583 0.40445498
4.11808538 0.35695228
4.10946369 0.34561256
4.48457956 0.38445330
2.10925627 0.29621878
3.88140583 0.59726340
4.11808538 0.52195436
4.10946369 0.54881710
4.48457956 0.57243782
2.10925627 0.36676061
3.88140583 0.11539253
4.11808538 0.07883231
4.10946369 0.06588145
4.48457956 0.07418822
2.10925627 0.12298506
4.02965498 0.34473470
4.54823780 0.38855711
3.82203126 0.40006399
4.14349413 0.43337026
2.15341210 0.29894102
4.02965498 0.57693416
4.54823780 0.59948248
3.82203126 0.63806665
4.14349413 0.68229079
2.15341210 0.36578217
4.02965498 0.06371034
4.54823780 0.06886277
3.82203126 0.08857984
4.14349413 0.08142797
2.15341210 0.12268758
2.09805059 0.29553446
4.34073830 0.37108788
2.09805059 0.39205614
4.34073830 0.67698383
2.09805059 0.14014250
4.34073830 0.06469496
4.51337290 0.37052009
4.66994572 0.38468316
2.11357307 0.28226754
2.20290852 0.29375330
4.51337290 0.58335084
4.66994572 0.60701782
2.11357307 0.33140868
2.20290852 0.32463691
4.51337290 0.05943036
4.66994572 0.05856570
2.11357307 0.11613739
2.20290852 0.10973874
3.54998040 0.31542173
3.08075404 0.34639636
4.12402058 0.43187800
3.12370872 0.36570689
3.54998040 0.45963264
3.08075404 0.46720031
4.12402058 0.66439509
3.12370872 0.47000778
3.54998040 0.15021069
3.08075404 0.14653736
4.12402058 0.10252757
3.12370872 0.17233266
4.16524506 0.35312763
4.04353094 0.41649795
4.01958036 0.43354288
4.16524506 0.60444361
4.04353094 0.68091542
4.01958036 0.67535394
4.16524506 0.06364479
4.04353094 0.08085509
4.01958036 0.12712480
2.13756442 0.28371397
3.45167828 0.38108024
3.85598350 0.33015481
3.87547731 0.42240837
2.13756442 0.37059799
3.45167828 0.44829977
3.85598350 0.50601977
3.87547731 0.70284033
2.13756442 0.14904062
3.45167828 0.15438209
3.85598350 0.12661391
3.87547731 0.09018854
3.33784080 0.36472797
4.31790209 0.44677722
4.32181406 0.35866961
4.23104191 0.36818555
3.01185536 0.35753569
3.33784080 0.41544721
4.31790209 0.54255003
4.32181406 0.59368324
4.23104191 0.55667925
3.01185536 0.44488022
3.33784080 0.13108242
4.31790209 0.07767123
4.32181406 0.06167835
4.23104191 0.06399507
3.01185536 0.14142711
4.41480112 0.44433030
4.29374409 0.44491580
4.61046553 0.39257562
4.21632433 0.44884706
4.41480112 0.60920197
4.29374409 0.57856721
4.61046553 0.68031305
4.21632433 0.73097759
4.41480112 0.08825356
4.29374409 0.08312825
4.61046553 0.06535996
4.21632433 0.08280409
3.93833137 0.34958124
4.22788048 0.43984792
3.21209526 0.37222233
3.93833137 0.48234776
4.22788048 0.64725232
3.21209526 0.46573925
3.93833137 0.11421508
4.22788048 0.08275227
3.21209526 0.15980031
4.28765965 0.36770865
4.63469315 0.39414200
3.06062198 0.35241064
4.37284136 0.46109679
4.28765965 0.58488077
4.63469315 0.58044362
3.06062198 0.42645565
4.37284136 0.62310290
4.28765965 0.06351851
4.63469315 0.06287570
3.06062198 0.17255664
4.37284136 0.09842137
4.20222473 0.35542357
4.36063957 0.37648487
3.20523357 0.35522795
2.19031167 0.29295996
2.98646188 0.35569307
4.20222473 0.56911081
4.36063957 0.48400497
3.20523357 0.43961990
2.19031167 0.32970658
2.98646188 0.38698348
4.20222473 0.06222254
4.36063957 0.07581890
3.20523357 0.16711557
2.19031167 0.09910762
2.98646188 0.14863908
4.44910192 0.37800363
4.50925255 0.45145938
2.19445086 0.29322034
4.32730579 0.45752665
4.44910192 0.67704445
4.50925255 0.75430775
2.19445086 0.37428200
4.32730579 0.65487236
4.44910192 0.06469778
4.50925255 0.07946185
2.19445086 0.14762102
4.32730579 0.08897852
4.29701948 0.44512165
3.33201337 0.36681977
4.18164015 0.44946900
4.29701948 0.60000545
3.33201337 0.39790735
4.18164015 0.58482760
4.29701948 0.08703358
3.33201337 0.09727710
4.18164015 0.09334867
2.96776080 0.35680449
4.54014015 0.46385452
2.21869040 0.29027003
4.64122963 0.39257479
3.30695009 0.37354276
2.96776080 0.40590370
4.54014015 0.69143605
2.21869040 0.35211471
4.64122963 0.56783473
3.30695009 0.46886757
2.96776080 0.17624928
4.54014015 0.09754205
2.21869040 0.12047217
4.64122963 0.06340677
3.30695009 0.17071311
3.56691742 0.38982353
3.50658584 0.39709780
4.63568687 0.46462259
3.45950365 0.31768885
3.56691742 0.63028830
3.50658584 0.51707321
4.63568687 0.72930759
3.45950365 0.42481327
3.56691742 0.13384224
3.50658584 0.14865929
4.63568687 0.07652117
3.45950365 0.18300577
3.12230253 0.36005270
4.51427841 0.38438156
3.12230253 0.50547433
4.51427841 0.70184857
3.12230253 0.18303607
4.51427841 0.06323034
3.11638927 0.35962406
4.51782274 0.38460994
3.11638927 0.50412339
4.51782274 0.70298147
3.11638927 0.18330799
4.51782274 0.06323076
3.80800128 0.41099271
3.80145288 0.40740028
2.16617727 0.30164754
3.80800128 0.66979748
3.80145288 0.67487150
2.16617727 0.36575341
3.80800128 0.08667468
3.80145288 0.07960395
2.16617727 0.14091687
2.23083353 0.30576298
2.23083353 0.35047427
2.23083353 0.12450195
2.71179509 0.33090457
3.82676721 0.40930927
3.47477865 0.39467451
2.71179509 0.43402967
3.82676721 0.60980570
3.47477865 0.47763205
2.71179509 0.16775209
3.82676721 0.12540461
3.47477865 0.16598718
2.10961485 0.28869122
2.07012773 0.28114298
2.09890294 0.29079521
2.10961485 0.34683040
2.07012773 0.35241249
2.09890294 0.34974682
2.10961485 0.13205394
2.07012773 0.11338446
2.09890294 0.14256316
2.14002156 0.29054871
3.56058955 0.38357100
2.13908434 0.29324222
3.79236650 0.41906798
2.14002156 0.33568379
3.56058955 0.44379452
2.13908434 0.33420002
3.79236650 0.60739654
2.14002156 0.11369758
3.56058955 0.14701761
2.13908434 0.11428859
3.79236650 0.10977843
3.89696407 0.42718837
3.72859311 0.40191808
2.19412613 0.28873405
2.10806012 0.29134998
3.89696407 0.61045712
3.72859311 0.45684382
2.19412613 0.34942293
2.10806012 0.35081208
3.89696407 0.09564979
3.72859311 0.17070924
2.19412613 0.10199533
2.10806012 0.12173980
3.54777002 0.38839805
2.25771737 0.29273039
4.55978966 0.46876779
3.54777002 0.48462829
2.25771737 0.34773993
4.55978966 0.75999779
3.54777002 0.18192606
2.25771737 0.12989537
4.55978966 0.09429675
3.91494322 0.42858800
4.57355404 0.46643880
3.40694547 0.37228593
2.18182921 0.29588029
3.91494322 0.67587858
4.57355404 0.72162265
3.40694547 0.50387114
2.18182921 0.38176683
3.91494322 0.10302546
4.57355404 0.08423439
3.40694547 0.11401644
2.18182921 0.13010515
2.13643503 0.29307988
4.44083214 0.44972467
3.45110393 0.38122544
3.87416935 0.42541543
2.13643503 0.38339344
4.44083214 0.69168907
3.45110393 0.50129467
3.87416935 0.61981601
2.13643503 0.12745753
4.44083214 0.07977071
3.45110393 0.15742345
3.87416935 0.11861783
4.63165808 0.47093794
4.51263666 0.45520607
2.24188447 0.29964373
4.63165808 0.72736597
4.51263666 0.70383137
2.24188447 0.37879923
4.63165808 0.07904730
4.51263666 0.07835322
2.24188447 0.15458903
3.53617239 0.39054027
4.53058052 0.45657754
2.16368484 0.29200652
2.73129964 0.33976948
4.27692699 0.36914083
3.53617239 0.50212806
4.53058052 0.69851398
2.16368484 0.38440418
2.73129964 0.43393245
4.27692699 0.63076949
3.53617239 0.13714270
4.53058052 0.07913934
2.16368484 0.12264136
2.73129964 0.15118349
4.27692699 0.06516983
3.02262878 0.35000288
4.04232645 0.43853450
3.61591148 0.32737866
3.02262878 0.48101535
4.04232645 0.66065401
3.61591148 0.46664527
3.02262878 0.19085741
4.04232645 0.13025248
3.61591148 0.15146036
2.19786263 0.30365446
4.09841394 0.42373824
3.87919617 0.41639456
2.19786263 0.37755331
4.09841394 0.71060163
3.87919617 0.67201465
2.19786263 0.12026540
4.09841394 0.08082017
3.87919617 0.09802282
3.52995729 0.39007619
4.52637434 0.45625600
2.16199565 0.29190215
2.73404455 0.33996430
4.28242540 0.36949265
3.52995729 0.50086212
4.52637434 0.69757384
2.16199565 0.38436142
2.73404455 0.43448231
4.28242540 0.63283664
3.52995729 0.13756730
4.52637434 0.07913632
2.16199565 0.12225308
2.73404455 0.15101846
4.28242540 0.06515456
3.21588182 0.37514257
4.09168005 0.42323002
3.14096999 0.36140731
3.21588182 0.48416984
4.09168005 0.67422652
3.14096999 0.47149280
3.21588182 0.13542818
4.09168005 0.08282401
3.14096999 0.17885263
3.02178645 0.34994256
4.04726744 0.43892133
3.61955047 0.32760516
3.02178645 0.48100886
4.04726744 0.66257101
3.61955047 0.46766087
3.02178645 0.19084622
4.04726744 0.12956725
3.61955047 0.15100370
4.06767416 0.42757824
4.04684639 0.42917958
4.13958025 0.44616190
4.06767416 0.70432943
4.04684639 0.71105003
4.13958025 0.74041218
4.06767416 0.12311777
4.04684639 0.13143422
4.13958025 0.09920698
4.36801481 0.45057854
4.50353956 0.45451108
3.00627542 0.35962275
4.36801481 0.70332211
4.50353956 0.71870631
3.00627542 0.45869160
4.36801481 0.08543678
4.50353956 0.07774961
3.00627542 0.16419089
4.07159805 0.42787728
4.01737165 0.42692557
4.30093670 0.37067756
4.07159805 0.71974152
4.01737165 0.69057083
4.30093670 0.64233255
4.07159805 0.07935261
4.01737165 0.10921016
4.30093670 0.06100074
3.12425399 0.36019421
4.51510763 0.38443503
3.12425399 0.50617778
4.51510763 0.70222789
3.12425399 0.18290593
4.51510763 0.06322756
2.14647913 0.29094550
2.22366953 0.29058257
3.62696624 0.39733911
2.14647913 0.33784488
2.22366953 0.33754566
3.62696624 0.47378519
2.14647913 0.11049426
2.22366953 0.10386503
3.62696624 0.15652598
2.18659496 0.29342785
3.71080828 0.39469457
4.63862181 0.47490463
2.18659496 0.37655476
3.71080828 0.50877637
4.63862181 0.76877588
2.18659496 0.14879629
3.71080828 0.11066053
4.63862181 0.08565322
4.06771898 0.42758167
4.04558229 0.42908287
4.14169931 0.44632840
4.06771898 0.70436758
4.04558229 0.71052581
4.14169931 0.74116045
4.06771898 0.12305710
4.04558229 0.13160451
4.14169931 0.09903174
3.64886642 0.39594129
3.43070722 0.39132485
4.51674509 0.45552006
3.43768573 0.31634444
3.64886642 0.63240331
3.43070722 0.47425246
4.51674509 0.65186900
3.43768573 0.39770094
3.64886642 0.13093506
3.43070722 0.16887234
4.51674509 0.07661652
3.43768573 0.17897503
3.02165151 0.34993291
4.04625416 0.43884203
3.62011957 0.32764056
3.02165151 0.48107505
4.04625416 0.66229707
3.62011957 0.46773696
3.02165151 0.19084084
4.04625416 0.12966897
3.62011957 0.15097927
2.20011687 0.30379796
3.00899863 0.34359089
4.49611616 0.38321164
3.86085057 0.41500095
2.20011687 0.33977953
3.00899863 0.39859700
4.49611616 0.53213757
3.86085057 0.60318547
2.20011687 0.11063546
3.00899863 0.12889601
4.49611616 0.06029700
3.86085057 0.10043740
3.65930223 0.39672229
2.29131961 0.30968156
4.40512562 0.44700274
3.72617269 0.33426026
3.65930223 0.69951802
2.29131961 0.38839021
4.40512562 0.68195897
3.72617269 0.47573379
3.65930223 0.09188441
2.29131961 0.17384797
4.40512562 0.07613342
3.72617269 0.12637252
2.26322913 0.29995942
4.43978834 0.45644388
2.26322913 0.38711718
4.43978834 0.71146744
2.26322913 0.15236321
4.43978834 0.07891188
4.01754379 0.42716348
3.99825263 0.43221363
4.01754379 0.65284878
3.99825263 0.68845636
4.01754379 0.11978865
3.99825263 0.13333780
2.56029892 0.32531616
4.65555048 0.46944407
3.39634871 0.37727520
2.56029892 0.42467260
4.65555048 0.66069978
3.39634871 0.46354616
2.56029892 0.18387248
4.65555048 0.08121996
3.39634871 0.16670369
2.28154016 0.30114314
4.13867617 0.42986688
2.28154016 0.34717521
4.13867617 0.53791291
2.28154016 0.13472168
4.13867617 0.10464379
3.25206208 0.37520060
4.18516541 0.43340179
2.17961383 0.29462531
3.25206208 0.47582448
4.18516541 0.61948717
2.17961383 0.35743773
3.25206208 0.19281740
4.18516541 0.08159550
2.17961383 0.13125375
4.62491035 0.47079501
2.17504478 0.29012591
4.10169840 0.43365535
4.62491035 0.73328042
2.17504478 0.35832778
4.10169840 0.59562868
4.62491035 0.08025811
2.17504478 0.11025339
4.10169840 0.08786702
4.10784626 0.44076172
3.34546924 0.37060311
3.32032943 0.37431458
4.10784626 0.63110209
3.34546924 0.42667583
3.32032943 0.41373217
4.10784626 0.15313579
3.34546924 0.17616908
3.32032943 0.18917859
2.19520211 0.30108672
4.41877842 0.36939466
3.86795783 0.41262445
3.74063301 0.39985004
2.22124934 0.29726639
2.19520211 0.37875354
4.41877842 0.65096927
3.86795783 0.64316875
3.74063301 0.64921290
2.22124934 0.37701321
2.19520211 0.17476243
4.41877842 0.06437141
3.86795783 0.13561746
3.74063301 0.13226058
2.22124934 0.15269180
2.21263695 0.30219534
2.19178176 0.29539397
2.21263695 0.35008118
2.19178176 0.34582186
2.21263695 0.13287155
2.19178176 0.11020056
3.76372814 0.40771356
2.20201302 0.29180446
2.29916883 0.30037373
3.58455348 0.31756219
3.77382231 0.41482869
3.76372814 0.63213974
2.20201302 0.38773504
2.29916883 0.38171861
3.58455348 0.42334172
3.77382231 0.64472049
3.76372814 0.12253836
2.20201302 0.15550792
2.29916883 0.16761893
3.58455348 0.16969828
3.77382231 0.15946572
4.07515001 0.43820772
3.02442431 0.34739676
4.07515001 0.69083518
3.02442431 0.47051358
4.07515001 0.12428361
3.02442431 0.15933309
2.30004072 0.30234447
3.72157121 0.39842519
2.88382173 0.34010592
4.11037731 0.35004702
3.36855149 0.38393453
2.30004072 0.36596110
3.72157121 0.58958352
2.88382173 0.41155091
4.11037731 0.55775625
3.36855149 0.49208856
2.30004072 0.15165894
3.72157121 0.17770714
2.88382173 0.19741441
4.11037731 0.11758814
3.36855149 0.24644405
2.71611786 0.33618554
3.80394459 0.33102643
3.63244176 0.39486232
2.16089582 0.28925037
3.87516928 0.41622785
2.71611786 0.44372639
3.80394459 0.48371765
3.63244176 0.51030916
2.16089582 0.39679620
3.87516928 0.62325835
2.71611786 0.23436183
3.80394459 0.13023563
3.63244176 0.15691715
2.16089582 0.16432086
3.87516928 0.14711888
4.67750597 0.47113720
3.66401744 0.40638891
2.18056178 0.29285368
4.67750597 0.77196640
3.66401744 0.64847177
2.18056178 0.39035484
4.67750597 0.08117563
3.66401744 0.14463724
2.18056178 0.13245808
3.18034720 0.36986217
3.92130470 0.41341564
3.18034720 0.48463753
3.92130470 0.67242485
3.18034720 0.19448532
3.92130470 0.11358234
2.71102619 0.33582631
3.80924749 0.33135357
3.63745284 0.39523813
2.16847706 0.28971905
3.87190366 0.41597775
2.71102619 0.44345388
3.80924749 0.48502946
3.63745284 0.51176184
2.16847706 0.39753401
3.87190366 0.62259269
2.71102619 0.23451649
3.80924749 0.12987305
3.63745284 0.15681028
2.16847706 0.16626965
3.87190366 0.14738044
2.20590878 0.30176684
4.61689377 0.47378016
3.63511848 0.39506304
2.20590878 0.38208255
4.61689377 0.73591310
3.63511848 0.53953069
2.20590878 0.14701915
4.61689377 0.08825397
3.63511848 0.15374880
2.17533612 0.29983050
3.72433257 0.40176892
3.34367061 0.37605071
2.17533612 0.40023363
3.72433257 0.70055419
3.34367061 0.51213664
2.17533612 0.16138713
3.72433257 0.10059446
3.34367061 0.17763650
4.01361275 0.42370167
3.90787959 0.41240403
4.01361275 0.63547283
3.90787959 0.65136218
4.01361275 0.08874943
3.90787959 0.08440897
4.09407330 0.43968549
3.99677420 0.42241779
3.97660065 0.41758788
4.00960302 0.42655194
4.09407330 0.68227053
3.99677420 0.69218463
3.97660065 0.65846175
4.00960302 0.63126451
4.09407330 0.16222090
3.99677420 0.08687595
3.97660065 0.10532682
4.00960302 0.16487718
4.07565832 0.43824744
3.02390957 0.34736004
4.07565832 0.69044971
3.02390957 0.46996054
4.07565832 0.12465501
3.02390957 0.15959556
3.11542201 0.36505651
3.02610493 0.35025802
4.04453468 0.42924342
3.11542201 0.47092056
3.02610493 0.46762726
4.04453468 0.64283770
3.11542201 0.21687782
3.02610493 0.16687737
4.04453468 0.15204386
4.34948683 0.45287821
4.63600683 0.46793768
2.15875697 0.29149771
4.61061239 0.38151500
4.34948683 0.60845119
4.63600683 0.71419984
2.15875697 0.34438148
4.61061239 0.62829471
4.34948683 0.07850239
4.63600683 0.07757107
2.15875697 0.08719883
4.61061239 0.06100556
3.17684054 0.36960194
3.91914582 0.41325292
3.17684054 0.48368645
3.91914582 0.67131448
3.17684054 0.19463934
3.91914582 0.11397063
4.02294493 0.42757952
3.99628592 0.43206057
4.02294493 0.65444297
3.99628592 0.68798441
4.02294493 0.11914101
3.99628592 0.13354331
2.93040347 0.34577736
3.25184703 0.36377665
2.25321960 0.29743275
3.80875826 0.33132339
3.80748534 0.41742525
2.93040347 0.42383340
3.25184703 0.48060402
2.25321960 0.36962938
3.80875826 0.47883090
3.80748534 0.61136961
2.93040347 0.18555416
3.25184703 0.20027794
2.25321960 0.14318965
3.80875826 0.15309225
3.80748534 0.22195399
4.38411713 0.45557645
3.35708261 0.37437463
4.38411713 0.66911918
3.35708261 0.48269269
4.38411713 0.08368111
3.35708261 0.15097676
4.02051783 0.42739257
3.99549150 0.43199873
4.02051783 0.65416598
3.99549150 0.68778777
4.02051783 0.11918614
3.99549150 0.13358976
2.28426600 0.29699895
4.05951595 0.43039882
3.48152733 0.38359234
4.54909658 0.37762189
2.28426600 0.31941244
4.05951595 0.56241471
3.48152733 0.43197218
4.54909658 0.62034076
2.28426600 0.11019363
4.05951595 0.09946325
3.48152733 0.15777414
4.54909658 0.06032014
2.92683792 0.34552106
3.70037413 0.39684224
4.59629393 0.46857214
2.92683792 0.42750147
3.70037413 0.46822563
4.59629393 0.71384937
2.92683792 0.17420046
3.70037413 0.13039716
4.59629393 0.08002798
2.18919349 0.29100496
2.20211005 0.29420218
3.97211051 0.34143671
2.18919349 0.35337687
2.20211005 0.35778639
3.97211051 0.50018394
2.18919349 0.11076736
2.20211005 0.13006346
3.97211051 0.10846416
2.55959010 0.32526734
4.65516615 0.46941447
3.39708948 0.37732998
2.55959010 0.42437831
4.65516615 0.66029555
3.39708948 0.46342269
2.55959010 0.18380718
4.65516615 0.08127900
3.39708948 0.16659932
4.68546057 0.38811469
3.79137754 0.41959953
2.23320627 0.30548015
4.68546057 0.71199566
3.79137754 0.73023444
2.23320627 0.39335182
4.68546057 0.06349313
3.79137754 0.13396131
2.23320627 0.14547093
4.17351627 0.45642921
2.21139026 0.30238724
2.70001841 0.33736458
4.55793762 0.48002258
4.17351627 0.75333923
2.21139026 0.40157738
2.70001841 0.46044660
4.55793762 0.76548046
4.17351627 0.12352613
2.21139026 0.15163842
2.70001841 0.17687161
4.55793762 0.08737602
4.00104952 0.44268718
3.21076298 0.37210158
4.12656116 0.44563130
3.62958622 0.33678690
4.16264915 0.44865537
4.00104952 0.72644931
3.21076298 0.54177767
4.12656116 0.77749634
3.62958622 0.52165741
4.16264915 0.74495155
4.00104952 0.10859159
3.21076298 0.16085215
4.12656116 0.08831221
3.62958622 0.10520657
4.16264915 0.11078215
2.16250563 0.30708638
3.88458753 0.42660609
4.47962856 0.37507701
3.00827169 0.35722229
2.16250563 0.39270031
3.88458753 0.69719815
4.47962856 0.73081499
3.00827169 0.49256399
2.16250563 0.13257466
3.88458753 0.15208922
4.47962856 0.06303764
3.00827169 0.15581669
4.22913742 0.37538633
2.18294048 0.30838427
4.10259390 0.35139036
4.20683956 0.44822678
4.22913742 0.63508719
2.18294048 0.38332093
4.10259390 0.60904068
4.20683956 0.76260155
4.22913742 0.07709212
2.18294048 0.11344984
4.10259390 0.06254230
4.20683956 0.08253971
4.40476274 0.38686836
4.07368660 0.44145879
3.15976667 0.37737396
4.19267178 0.45102367
4.40476274 0.68852657
4.07368660 0.74876755
3.15976667 0.51554573
4.19267178 0.75832981
4.40476274 0.06347746
4.07368660 0.11147911
3.15976667 0.18049170
4.19267178 0.10425939
2.25519729 0.31304047
2.81642747 0.34632647
4.02507257 0.43762970
2.25519729 0.41851199
2.81642747 0.48794302
4.02507257 0.77676851
2.25519729 0.14516072
2.81642747 0.18714935
4.02507257 0.13303371
3.06328773 0.37013236
4.11966324 0.44142222
3.25805688 0.31349525
4.13637066 0.44658461
3.06328773 0.49171650
4.11966324 0.72538251
3.25805688 0.42555907
4.13637066 0.70989656
3.06328773 0.19567882
4.11966324 0.11930633
3.25805688 0.15681504
4.13637066 0.13719077
2.69433951 0.34313998
3.98502016 0.43469802
2.22643375 0.30504143
4.11087513 0.44073740
2.69433951 0.44371140
3.98502016 0.71140665
2.22643375 0.39941302
4.11087513 0.74021953
2.69433951 0.20267890
3.98502016 0.13705581
2.22643375 0.15829018
4.11087513 0.15125819
3.48493242 0.39263538
4.07868433 0.44886160
4.42320728 0.37151539
2.25818801 0.30801016
3.48493242 0.54728246
4.07868433 0.74333841
4.42320728 0.72127628
2.25818801 0.40606213
3.48493242 0.18667060
4.07868433 0.12383161
4.42320728 0.06165424
2.25818801 0.16098164
2.24341536 0.31227437
2.82820535 0.34717312
4.01653194 0.43695775
2.24341536 0.41742626
2.82820535 0.49012008
4.01653194 0.77410388
2.24341536 0.14276382
2.82820535 0.18675321
4.01653194 0.13371825
4.36857986 0.36807239
2.21278715 0.30415985
4.36857986 0.59424776
2.21278715 0.36394337
4.36857986 0.07839031
2.21278715 0.11333352
4.01006126 0.44340289
4.06122541 0.43687293
3.57017994 0.33302444
3.18540001 0.37338302
4.24313545 0.45485830
4.01006126 0.71592993
4.06122541 0.71496320
3.57017994 0.50219673
3.18540001 0.50963116
4.24313545 0.73153067
4.01006126 0.12820208
4.06122541 0.14126109
3.57017994 0.14291997
3.18540001 0.21546996
4.24313545 0.12009192
4.53764820 0.47422349
4.05817747 0.44722876
2.19609547 0.30403095
2.78771973 0.34364346
4.53764820 0.78864908
4.05817747 0.76089054
2.19609547 0.40713942
2.78771973 0.47627243
4.53764820 0.10296413
4.05817747 0.13450588
2.19609547 0.14077483
2.78771973 0.20994067
4.15704250 0.45511267
2.62218761 0.32974771
2.28317142 0.30874196
4.15704250 0.70387340
2.62218761 0.42411363
2.28317142 0.38653508
4.15704250 0.13640498
2.62218761 0.17375328
2.28317142 0.16079740
4.01875973 0.43357337
2.18663383 0.30248007
4.01875973 0.75873947
2.18663383 0.39963433
4.01875973 0.11643716
2.18663383 0.15572439
2.68357944 0.34237239
3.99309945 0.43533072
2.23195696 0.30539915
4.09919834 0.43982789
2.68357944 0.44181475
3.99309945 0.71322829
2.23195696 0.39949068
4.09919834 0.73560548
2.68357944 0.20306736
3.99309945 0.13662289
2.23195696 0.15991315
4.09919834 0.15268174
4.55273199 0.47541484
4.04359627 0.44606856
2.20657969 0.30469778
2.77770305 0.34292260
4.55273199 0.79381341
4.04359627 0.75619394
2.20657969 0.40827766
2.77770305 0.47498894
4.55273199 0.10236976
4.04359627 0.13632007
2.20657969 0.14350696
2.77770305 0.21003824
4.00232744 0.44278863
3.21090341 0.37211204
4.12672138 0.44564399
3.63171744 0.33692214
4.16292858 0.44867739
4.00232744 0.72716445
3.21090341 0.54209799
4.12672138 0.77784806
3.63171744 0.52228397
4.16292858 0.74533337
4.00232744 0.10826236
3.21090341 0.16076200
4.12672138 0.08812303
3.63171744 0.10503542
4.16292858 0.11062620
4.02313757 0.44444188
4.07822227 0.43819502
3.19774985 0.37384510
4.18113184 0.37225983
4.02313757 0.68063885
4.07822227 0.72557545
3.19774985 0.50872380
4.18113184 0.61877131
4.02313757 0.12727852
4.07822227 0.10131788
3.19774985 0.19006850
4.18113184 0.06418281
4.40637398 0.38697401
4.06728506 0.44095418
3.16623712 0.37786198
4.19621420 0.45130324
4.40637398 0.68909377
4.06728506 0.74678808
3.16623712 0.51697922
4.19621420 0.75977105
4.40637398 0.06347811
4.06728506 0.11220971
3.16623712 0.18027459
4.19621420 0.10371710
4.09736061 0.44332597
4.13178825 0.44236735
4.13632345 0.45345795
4.20314407 0.35767972
3.18804216 0.37358031
4.09736061 0.69804531
4.13178825 0.71121913
4.13632345 0.71281284
4.20314407 0.62111944
3.18804216 0.50296843
4.09736061 0.11838139
4.13178825 0.13245422
4.13632345 0.12834628
4.20314407 0.07956651
3.18804216 0.21882439
4.39721298 0.38637340
2.92539477 0.35990366
3.76573873 0.33049390
4.17302608 0.44558492
4.47126913 0.47301555
4.39721298 0.69760728
2.92539477 0.49287811
3.76573873 0.50341880
4.17302608 0.79058617
4.47126913 0.70834970
4.39721298 0.06668157
2.92539477 0.15415336
3.76573873 0.09710685
4.17302608 0.08862731
4.47126913 0.09405982
3.06161332 0.37000728
4.11949825 0.44140935
3.26057315 0.31365094
4.14253664 0.44707027
3.06161332 0.49167037
4.11949825 0.72605395
3.26057315 0.42606965
4.14253664 0.71200973
3.06161332 0.19554842
4.11949825 0.11905095
3.26057315 0.15666561
4.14253664 0.13608404
4.00747776 0.44319764
4.06536770 0.43719503
3.57199073 0.33313891
3.18984032 0.37371454
4.24344063 0.45488250
4.00747776 0.71529382
4.06536770 0.71661419
3.57199073 0.50261813
3.18984032 0.51076943
4.24344063 0.73184973
4.00747776 0.12834923
4.06536770 0.14076896
3.57199073 0.14276244
3.18984032 0.21525069
4.24344063 0.11985838
4.50532770 0.47573671
4.16695642 0.45590487
2.87549114 0.34762537
3.39251137 0.30772805
3.88637042 0.42698988
4.50532770 0.65659416
4.16695642 0.71377712
2.87549114 0.44806984
3.39251137 0.39038908
3.88637042 0.60041338
4.50532770 0.10139991
4.16695642 0.10531724
2.87549114 0.19406410
3.39251137 0.15359442
3.88637042 0.17308299
4.00512266 0.44301060
4.41636801 0.37108400
4.09345675 0.36656401
3.86870122 0.42561278
3.54474545 0.40023315
4.00512266 0.70054561
4.41636801 0.62529159
4.09345675 0.61738735
3.86870122 0.67496848
3.54474545 0.50570184
4.00512266 0.12017188
4.41636801 0.06436286
4.09345675 0.07903417
3.86870122 0.13187411
3.54474545 0.15925735
3.44934511 0.39291695
4.11358595 0.44094861
3.83436775 0.33472744
3.83054256 0.42264256
3.44934511 0.52688509
4.11358595 0.75886923
3.83436775 0.51555330
3.83054256 0.68567848
3.44934511 0.15979730
4.11358595 0.12562342
3.83436775 0.11195961
3.83054256 0.15023227
2.19589186 0.30140677
4.19897604 0.35741863
2.17692208 0.30281702
2.19589186 0.36442828
4.19897604 0.62412304
2.17692208 0.36208999
2.19589186 0.14012910
4.19897604 0.07022703
2.17692208 0.12792002
2.17247486 0.29993400
4.32031822 0.38133922
2.17310452 0.30257621
2.17247486 0.39600477
4.32031822 0.71505362
2.17310452 0.39034489
2.17247486 0.14407760
4.32031822 0.06486008
2.17310452 0.13329042
2.92963767 0.36021611
2.23130894 0.30365387
3.90577793 0.42826474
4.30349016 0.36397716
4.57685518 0.48153305
2.92963767 0.46347633
2.23130894 0.38479087
3.90577793 0.67403960
4.30349016 0.66180950
4.57685518 0.72591883
2.92963767 0.17002086
2.23130894 0.13872541
3.90577793 0.14581855
4.30349016 0.06313910
4.57685518 0.10078990
4.19380665 0.45805189
2.15458250 0.29881585
3.56472278 0.31817430
3.37743521 0.38782930
4.19380665 0.75591612
2.15458250 0.38784909
3.56472278 0.47653997
3.37743521 0.48980102
4.19380665 0.10794417
2.15458250 0.13681595
3.56472278 0.12494168
3.37743521 0.20524013
4.33926725 0.45541492
3.52165914 0.38953066
4.63870668 0.38768610
3.94524026 0.33969507
2.22015047 0.29551640
4.33926725 0.66586530
3.52165914 0.47771955
4.63870668 0.61838561
3.94524026 0.46578431
2.22015047 0.34990487
4.33926725 0.08031553
3.52165914 0.14833538
4.63870668 0.06193497
3.94524026 0.12769739
2.22015047 0.10658816
2.20181513 0.29872474
4.65542698 0.47649762
2.20181513 0.37660912
4.65542698 0.79984522
2.20181513 0.12717083
4.65542698 0.08194705
4.32890034 0.37461141
3.32174420 0.37735596
3.76877618 0.40499941
4.32890034 0.62237138
3.32174420 0.45189881
3.76877618 0.63531673
4.32890034 0.06584558
3.32174420 0.17747660
3.76877618 0.08500770
3.19409227 0.30349162
4.19702864 0.35524797
3.08467412 0.35448480
3.19409227 0.39176634
4.19702864 0.56196022
3.08467412 0.46384385
3.19409227 0.16527405
4.19702864 0.10204089
3.08467412 0.15667164
3.91286254 0.41910195
4.40376282 0.37942579
3.91286254 0.70518798
4.40376282 0.67364264
3.91286254 0.10630587
4.40376282 0.06423033
2.25969768 0.30242953
2.27411675 0.30151573
4.67723131 0.47457767
2.25969768 0.38397631
2.27411675 0.38460299
4.67723131 0.78961015
2.25969768 0.14519162
2.27411675 0.13693838
4.67723131 0.08068022
4.49920177 0.46796468
2.13100362 0.29254290
4.69129324 0.38614783
2.12897825 0.28985852
4.49920177 0.70967096
2.13100362 0.35785475
4.69129324 0.65548897
2.12897825 0.36067912
4.49920177 0.08201212
2.13100362 0.11313883
4.69129324 0.06362312
2.12897825 0.09596143
4.55464315 0.47232804
2.19448614 0.29647729
3.43605995 0.38015667
4.55464315 0.72963524
2.19448614 0.37189519
3.43605995 0.49554530
4.55464315 0.08456239
2.19448614 0.10699590
3.43605995 0.14510255
3.99597836 0.42869154
2.99236059 0.35065946
4.14593458 0.36289409
3.99597836 0.65115023
2.99236059 0.46829715
4.14593458 0.59691852
3.99597836 0.16014455
2.99236059 0.20537931
4.14593458 0.07095466
3.53223109 0.31826389
3.04424143 0.35685828
3.53223109 0.45669022
3.04424143 0.46463010
3.53223109 0.12987204
3.04424143 0.19269586
2.91907811 0.34777805
3.97407460 0.42377773
4.12437487 0.35506380
4.13184977 0.36199519
4.35750675 0.36523196
4.15776539 0.43453312
2.91907811 0.46049130
3.97407460 0.63470870
4.12437487 0.59524107
4.13184977 0.60440475
4.35750675 0.60870510
4.15776539 0.67655903
2.91907811 0.19871219
3.97407460 0.13797976
4.12437487 0.07097652
4.13184977 0.06837860
4.35750675 0.06782173
4.15776539 0.10000873
3.81222558 0.33554170
4.48641205 0.45980039
3.81222558 0.47722951
4.48641205 0.66444582
3.81222558 0.09814113
4.48641205 0.08963003
3.49035001 0.38719049
4.30687380 0.37319705
4.48293686 0.37306952
2.17880392 0.29293177
3.49035001 0.47264874
4.30687380 0.60462469
4.48293686 0.60131192
2.17880392 0.36618948
3.49035001 0.16125549
4.30687380 0.06479578
4.48293686 0.06609032
2.17880392 0.09786522
3.19390845 0.30348051
4.19484997 0.35511276
3.08136439 0.35424638
3.19390845 0.39172998
4.19484997 0.56124330
3.08136439 0.46315804
3.19390845 0.16521929
4.19484997 0.10233048
3.08136439 0.15677302
4.13649940 0.35582682
4.08820486 0.43252608
3.99559808 0.42866215
3.98555732 0.42140231
4.13649940 0.60022289
4.08820486 0.67469519
3.99559808 0.65811568
3.98555732 0.65587538
4.13649940 0.06552023
4.08820486 0.08468911
3.99559808 0.11940727
3.98555732 0.08376171
4.47175598 0.37704399
3.01356840 0.35218421
4.01300955 0.42348990
4.47175598 0.69313389
3.01356840 0.47460875
4.01300955 0.67971760
4.47175598 0.06575786
3.01356840 0.13870744
4.01300955 0.08434004
3.53395033 0.31836918
3.04250908 0.35673186
3.53395033 0.45720777
3.04250908 0.46433413
3.53395033 0.12959374
3.04250908 0.19266748
3.93044162 0.42044353
4.22420216 0.36135551
3.93044162 0.65829289
4.22420216 0.59704620
3.93044162 0.13096197
4.22420216 0.06669904
4.11793852 0.43481144
4.44441128 0.38204452
4.02014160 0.43056187
3.05700469 0.35249367
4.11793852 0.68150353
4.44441128 0.66555840
4.02014160 0.67323905
3.05700469 0.47967651
4.11793852 0.09674204
4.44441128 0.06853374
4.02014160 0.12010764
3.05700469 0.13570037
3.19247508 0.30339372
4.19477129 0.35510787
3.08264208 0.35433841
3.19247508 0.39146659
4.19477129 0.56118673
3.08264208 0.46325269
3.19247508 0.16528285
4.19477129 0.10236830
3.08264208 0.15678464
2.91810703 0.34770808
3.96841121 0.42334461
4.13075447 0.35546526
4.13233805 0.36202633
4.36257458 0.36554804
4.16211081 0.43486556
2.91810703 0.46070898
3.96841121 0.63341302
4.13075447 0.59778541
4.13233805 0.60514826
4.36257458 0.61066508
4.16211081 0.67872113
2.91810703 0.19868074
3.96841121 0.13850825
4.13075447 0.07026219
4.13233805 0.06822295
4.36257458 0.06730011
4.16211081 0.09914038
3.98331165 0.42771181
3.96276450 0.42291287
3.57400584 0.32682249
4.63077879 0.38234225
4.08162689 0.42871746
3.98331165 0.71146339
3.96276450 0.70339245
3.57400584 0.49195531
4.63077879 0.70877224
4.08162689 0.72329211
3.98331165 0.13418712
3.96276450 0.13161235
3.57400584 0.13332312
4.63077879 0.06367624
4.08162689 0.08297316
2.21672130 0.29967323
3.52241206 0.38958701
4.34192181 0.44866076
2.21672130 0.32589698
3.52241206 0.45071492
4.34192181 0.62667263
2.21672130 0.07472782
3.52241206 0.11824656
4.34192181 0.07526425
3.91972351 0.41962543
4.39957952 0.37915650
3.91972351 0.70691198
4.39957952 0.67210478
3.91972351 0.10582989
4.39957952 0.06424861
4.00375271 0.42929316
3.00025296 0.35122648
4.14134264 0.36260095
4.00375271 0.65374571
3.00025296 0.46974626
4.14134264 0.59521765
4.00375271 0.15889691
3.00025296 0.20533715
4.14134264 0.07147623
3.91392422 0.41918293
4.40037918 0.37920797
3.91392422 0.70509726
4.40037918 0.67240697
3.91392422 0.10648318
4.40037918 0.06423681
2.16906595 0.29665518
2.15026045 0.29372820
3.28948951 0.36936760
2.16906595 0.35874692
2.15026045 0.35858592
3.28948951 0.45637360
2.16906595 0.10955691
2.15026045 0.12044241
3.28948951 0.16241144
3.29008174 0.37499464
2.15438366 0.29398292
4.39135361 0.36734405
2.16801953 0.29226267
3.29008174 0.40472469
2.15438366 0.32084259
4.39135361 0.57901978
2.16801953 0.32096025
3.29008174 0.13960877
2.15438366 0.08514673
4.39135361 0.06431144
2.16801953 0.07974022
4.21035671 0.36048162
4.14409065 0.36277640
3.60952973 0.31921506
2.35499334 0.30414131
4.21035671 0.60910302
4.14409065 0.67004925
3.60952973 0.44567612
2.35499334 0.39864704
4.21035671 0.06293949
4.14409065 0.07747024
3.60952973 0.20048992
2.35499334 0.18047501
3.67814684 0.40426812
3.39034009 0.30961061
4.59555531 0.38012978
4.53679180 0.46369481
3.67814684 0.63184851
3.39034009 0.39958653
4.59555531 0.60245937
4.53679180 0.67735070
3.67814684 0.12593247
3.39034009 0.15476790
4.59555531 0.06378413
4.53679180 0.08032251
3.81476808 0.33569971
4.50076771 0.46090952
3.81476808 0.47844887
4.50076771 0.66945976
3.81476808 0.09801522
4.50076771 0.08855286
3.69067216 0.40522376
3.75792527 0.33217204
4.34394741 0.37557819
3.91971707 0.33812699
3.42225266 0.37913585
3.69067216 0.66869259
3.75792527 0.47596976
4.34394741 0.66469008
3.91971707 0.47876534
3.42225266 0.48264825
3.69067216 0.10727634
3.75792527 0.10663912
4.34394741 0.06483212
3.91971707 0.13441220
3.42225266 0.16050011
4.50349426 0.35205960
2.16440129 0.29223746
4.30669880 0.45950258
3.59943247 0.29800102
4.23920059 0.35772204
3.82277393 0.41815352
4.50349426 0.58634621
2.16440129 0.33920982
4.30669880 0.59145474
3.59943247 0.36663482
4.23920059 0.61146617
3.82277393 0.64124864
4.50349426 0.07514365
2.16440129 0.10605334
4.30669880 0.10694587
3.59943247 0.18689311
4.23920059 0.06294005
3.82277393 0.10471977
4.11347437 0.44426027
3.97643423 0.42996466
3.35530472 0.38298717
4.11347437 0.68517089
3.97643423 0.69928193
3.35530472 0.47911444
4.11347437 0.08314616
3.97643423 0.12117284
3.35530472 0.17814858
3.95254612 0.41874918
3.28667521 0.37783912
4.10992622 0.34969851
4.19302177 0.33383134
3.92434525 0.42944539
3.95254612 0.69965619
3.28667521 0.48141420
4.10992622 0.61870211
4.19302177 0.50424790
3.92434525 0.67653298
3.95254612 0.11052781
3.28667521 0.17041953
4.10992622 0.06477745
4.19302177 0.09074294
3.92434525 0.10964406
3.84959650 0.31388953
3.84013891 0.41948423
4.00784397 0.43299663
2.15139294 0.29143685
3.84959650 0.51504213
3.84013891 0.68095785
4.00784397 0.71261770
2.15139294 0.40616989
3.84959650 0.19356422
3.84013891 0.09477616
4.00784397 0.10089660
2.15139294 0.16424339
4.56281424 0.35556057
3.78168178 0.41500890
2.68620133 0.33414820
2.27115941 0.29892161
3.97162962 0.43313882
4.58650923 0.35516682
4.56281424 0.63274235
3.78168178 0.58916110
2.68620133 0.42729411
2.27115941 0.38160124
3.97162962 0.66888767
4.58650923 0.62595677
4.56281424 0.07470726
3.78168178 0.11138222
2.68620133 0.18224378
2.27115941 0.14835864
3.97162962 0.11116865
4.58650923 0.06683927
3.78482819 0.31015959
2.12718749 0.28995568
3.90763450 0.31561929
3.54258251 0.31497508
3.89631653 0.42379642
3.78482819 0.45178199
2.12718749 0.36844906
3.90763450 0.46166781
3.54258251 0.45888326
3.89631653 0.66094989
3.78482819 0.20917861
2.12718749 0.15215208
3.90763450 0.15336652
3.54258251 0.15117261
3.89631653 0.12680317
3.33120537 0.28438258
2.14099574 0.29079926
4.57046747 0.35422310
4.18298817 0.35422885
3.33120537 0.34263942
2.14099574 0.34820959
4.57046747 0.53690231
4.18298817 0.55010670
3.33120537 0.23382813
2.14099574 0.12890108
4.57046747 0.08736414
4.18298817 0.07506626
2.10835314 0.29639307
2.11665273 0.29626155
3.82904458 0.40942106
2.10835314 0.33893275
2.11665273 0.33694020
3.82904458 0.61969453
2.10835314 0.11790702
2.11665273 0.13118769
3.82904458 0.08052764
2.09994483 0.29588172
2.19968414 0.30146292
2.09994483 0.35954884
2.19968414 0.35161784
2.09994483 0.14216030
2.19968414 0.14924556
3.44416451 0.38943753
2.18847823 0.30075309
2.79182267 0.33375952
3.95382047 0.43174684
3.44416451 0.48984277
2.18847823 0.38093868
2.79182267 0.43565765
3.95382047 0.67137426
3.44416451 0.15218179
2.18847823 0.14533831
2.79182267 0.16973020
3.95382047 0.10872263
2.74517608 0.33830795
4.04621935 0.42585564
2.15483761 0.30083355
2.74517608 0.47109637
4.04621935 0.74963146
2.15483761 0.40614870
2.74517608 0.21113206
4.04621935 0.10060015
2.15483761 0.19784099
2.17145777 0.29267305
3.85244918 0.42093885
2.92970896 0.35403153
3.98095894 0.31984645
2.17145777 0.36458787
3.85244918 0.67942613
2.92970896 0.42871618
3.98095894 0.46468821
2.17145777 0.12899625
3.85244918 0.11174148
2.92970896 0.17792134
3.98095894 0.12691085
2.18334746 0.30101877
3.44426155 0.38969681
3.82598305 0.40919051
3.99380565 0.43487343
2.18334746 0.38901472
3.44426155 0.49202237
3.82598305 0.65779662
3.99380565 0.69307643
2.18334746 0.15653707
3.44426155 0.17163570
3.82598305 0.08068704
3.99380565 0.09145895
3.84605837 0.41070318
4.51848793 0.35116777
3.62235618 0.31980115
2.16093874 0.29962471
4.59946156 0.47952330
3.96709085 0.43278396
3.84605837 0.69323707
4.51848793 0.70130277
3.62235618 0.51062596
2.16093874 0.39889193
4.59946156 0.73868722
3.96709085 0.72013384
3.84605837 0.10001597
4.51848793 0.05958204
3.62235618 0.13820000
2.16093874 0.15297209
4.59946156 0.08474246
3.96709085 0.09165706
3.89374757 0.41430202
4.14675188 0.32944819
4.30898857 0.36206761
2.14737225 0.29878554
3.56148100 0.39859664
3.89374757 0.59040505
4.14675188 0.54418284
4.30898857 0.62440068
2.14737225 0.36940351
3.56148100 0.47644091
3.89374757 0.13850136
4.14675188 0.11549678
4.30898857 0.06531963
2.14737225 0.14724748
3.56148100 0.19179703
4.30838823 0.36203024
2.30853653 0.30897698
4.71857357 0.48898765
2.45072865 0.32022846
4.30838823 0.64981180
2.30853653 0.39364788
4.71857357 0.75738209
2.45072865 0.41497806
4.30838823 0.06411103
2.30853653 0.16815598
4.71857357 0.08284993
2.45072865 0.19260328
4.37076807 0.36592233
2.62072372 0.32985887
2.15626621 0.30092347
4.37076807 0.64064687
2.62072372 0.41414639
2.15626621 0.37724528
4.37076807 0.06222313
2.62072372 0.15574105
2.15626621 0.13395110
3.96337414 0.42953801
2.15947056 0.30112538
4.04435682 0.34564278
4.04614782 0.43534860
3.96337414 0.65972060
2.15947056 0.38099667
4.04435682 0.60001355
4.04614782 0.69334298
3.96337414 0.12677015
2.15947056 0.15209006
4.04435682 0.06321725
4.04614782 0.08216662
2.20911813 0.30427870
3.94396305 0.42746213
2.20911813 0.36209735
3.94396305 0.64193910
2.20911813 0.13122950
3.94396305 0.11522891
2.74742889 0.33846748
4.05083323 0.42620635
2.15026712 0.30054608
2.74742889 0.47103181
4.05083323 0.75087863
2.15026712 0.40554929
2.74742889 0.21102767
4.05083323 0.10017386
2.15026712 0.19663082
4.26035166 0.33776984
3.11177993 0.36480582
4.07249403 0.43803570
3.19913578 0.36276582
4.05278206 0.43949416
4.26035166 0.55541289
3.11177993 0.44482264
4.07249403 0.61416644
3.19913578 0.46072888
4.05278206 0.62901628
4.26035166 0.11813086
3.11177993 0.18187277
4.07249403 0.12248016
3.19913578 0.17446010
4.05278206 0.12350538
4.17462873 0.33275700
3.09215283 0.35503778
4.29425716 0.33803725
3.29181409 0.29995421
3.23332548 0.37373891
3.98301053 0.43402883
4.17462873 0.53939348
3.09215283 0.44915423
4.29425716 0.56290001
3.29181409 0.39238015
3.23332548 0.47390297
3.98301053 0.63115817
4.17462873 0.15039501
3.09215283 0.20209639
4.29425716 0.09681151
3.29181409 0.19160287
3.23332548 0.16073290
3.98301053 0.12031623
4.37386942 0.45089808
2.18801069 0.30293226
4.64184761 0.35842538
4.37386942 0.63802075
2.18801069 0.35604951
4.64184761 0.59168106
4.37386942 0.09394408
2.18801069 0.11373336
4.64184761 0.05848583
4.05652094 0.42663869
3.19056988 0.37328652
4.46151161 0.34958518
3.99240375 0.43119660
4.05652094 0.67037553
3.19056988 0.46878025
4.46151161 0.60566008
3.99240375 0.65267497
4.05652094 0.11112288
3.19056988 0.15112559
4.46151161 0.09906054
3.99240375 0.12988041
4.07863522 0.43851504
3.12995219 0.36877051
3.57956147 0.31720957
4.03069735 0.43415406
3.96193218 0.41946006
4.40800333 0.34643555
4.07863522 0.67171234
3.12995219 0.47886240
3.57956147 0.47365427
4.03069735 0.67728800
3.96193218 0.67690247
4.40800333 0.61778057
4.07863522 0.12464070
3.12995219 0.18311048
3.57956147 0.13386007
4.03069735 0.10641259
3.96193218 0.14177184
4.40800333 0.10411855
2.95512414 0.34524682
3.83619523 0.41968229
2.17809725 0.30230284
4.30359602 0.33858243
2.95512414 0.39962801
3.83619523 0.62518328
2.17809725 0.34125233
4.30359602 0.50505382
2.95512414 0.17388415
3.83619523 0.11466401
2.17809725 0.11180951
4.30359602 0.08350486
3.39483619 0.37706852
4.42921352 0.46921647
3.81588411 0.31034806
4.41516638 0.36869690
2.85680056 0.34640071
4.05519438 0.43668607
3.39483619 0.47132698
4.42921352 0.65792525
3.81588411 0.46313867
4.41516638 0.68398255
2.85680056 0.46305165
4.05519438 0.65792763
3.39483619 0.17946549
4.42921352 0.11065678
3.81588411 0.15242730
4.41516638 0.06616492
2.85680056 0.19201888
4.05519438 0.13892464
4.45068264 0.45680603
3.46450520 0.39396057
4.43303967 0.34615430
3.97693896 0.43000355
4.00813627 0.43301943
4.45068264 0.63829333
3.46450520 0.46307352
4.43303967 0.55897588
3.97693896 0.66862535
4.00813627 0.61941016
4.45068264 0.12007847
3.46450520 0.15060152
4.43303967 0.08886322
3.97693896 0.13316259
4.00813627 0.14120314
4.43280315 0.46545780
2.19487739 0.30115816
3.82408786 0.42163920
4.43280315 0.78378659
2.19487739 0.39301813
3.82408786 0.71758699
4.43280315 0.08270935
2.19487739 0.12909040
3.82408786 0.09501183
3.10198736 0.36409020
2.19316888 0.30104992
3.10198736 0.43794703
2.19316888 0.33818328
3.10198736 0.20297556
2.19316888 0.11199757
4.00361633 0.42262039
4.06101084 0.44013974
4.33601665 0.45869735
4.22443962 0.33566809
4.00361633 0.67815089
4.06101084 0.66944641
4.33601665 0.63247585
4.22443962 0.48300993
4.00361633 0.09291193
4.06101084 0.08416032
4.33601665 0.10756247
4.22443962 0.09519399
2.73575449 0.32986671
4.35723162 0.46036860
4.28607368 0.36063972
3.45108056 0.29112867
2.73575449 0.42604950
4.35723162 0.65745372
4.28607368 0.62296587
3.45108056 0.37818262
2.73575449 0.18756491
4.35723162 0.09655591
4.28607368 0.06624012
3.45108056 0.22377710
4.29647303 0.44836617
2.12770486 0.28701332
2.15979719 0.29625663
4.29647303 0.68335587
2.12770486 0.34381095
2.15979719 0.34708643
4.29647303 0.10017287
2.12770486 0.11777126
2.15979719 0.12273137
4.25658751 0.44881761
3.86912966 0.40962121
4.25658751 0.77223796
3.86912966 0.70299631
4.25658751 0.07920352
3.86912966 0.08314765
4.14390993 0.44005072
4.05753136 0.42993128
4.14390993 0.72420025
4.05753136 0.73280376
4.14390993 0.10517008
4.05753136 0.11402572
2.14267731 0.29260176
4.45664883 0.45438537
3.71642017 0.40713117
2.14267731 0.33557522
4.45664883 0.64750034
3.71642017 0.60432625
2.14267731 0.09794506
4.45664883 0.07795290
3.71642017 0.08105872
3.18734384 0.35910967
2.22320509 0.29765680
3.18734384 0.48558399
2.22320509 0.36116967
3.18734384 0.17393579
2.22320509 0.13884443
3.28241920 0.37142420
2.83167815 0.34157932
3.28241920 0.44480130
2.83167815 0.45152721
3.28241920 0.19904870
2.83167815 0.18259174
3.97601247 0.42705253
4.31731367 0.44998085
3.97601247 0.64629269
4.31731367 0.57262123
3.97601247 0.08441026
4.31731367 0.13707812
4.34013700 0.45175031
4.34013700 0.62699652
4.34013700 0.10780514
4.03987646 0.42253760
3.31999445 0.37420139
4.03987646 0.66736382
3.31999445 0.44378045
4.03987646 0.09382557
3.31999445 0.19897322
2.14207029 0.29256412
2.12472224 0.28683043
4.32264471 0.45397222
2.14207029 0.36965108
2.12472224 0.36396012
4.32264471 0.64411181
2.14207029 0.13842498
2.12472224 0.13891165
4.32264471 0.09335908
2.18918014 0.29550663
2.18356252 0.29046872
4.40880919 0.46071145
2.18918014 0.34688437
2.18356252 0.35046446
4.40880919 0.64830488
2.18918014 0.13552319
2.18356252 0.15438463
4.40880919 0.09757034
3.26350164 0.37002882
2.16511631 0.28932139
3.57101417 0.39608064
3.26350164 0.44594407
2.16511631 0.33327577
3.57101417 0.42193130
3.26350164 0.14009793
2.16511631 0.11537460
3.57101417 0.15703563
2.18495941 0.29524133
3.45039725 0.37836263
2.18495941 0.36358801
3.45039725 0.47013709
2.18495941 0.13906090
3.45039725 0.14466809
3.70973945 0.40662161
4.53346682 0.46029779
2.21624732 0.29721543
3.70973945 0.65455848
4.53346682 0.73682302
2.21624732 0.39350283
3.70973945 0.09086455
4.53346682 0.08090322
2.21624732 0.15409090
4.31150675 0.44953084
2.18363237 0.29047307
2.32830572 0.30704653
4.31150675 0.68508887
2.18363237 0.37656593
2.32830572 0.37972102
4.31150675 0.10883307
2.18363237 0.14954700
2.32830572 0.17380756
3.58386064 0.39705348
2.20827818 0.29201534
3.40605116 0.38058886
3.58386064 0.53449297
2.20827818 0.40285158
3.40605116 0.52011925
3.58386064 0.15137438
2.20827818 0.18273586
3.40605116 0.19414747
4.39367390 0.44954744
2.08879995 0.29186741
3.79467058 0.40983891
4.39367390 0.63226646
2.08879995 0.36296561
3.79467058 0.56213051
4.39367390 0.09379769
2.08879995 0.11662703
3.79467058 0.12908024
4.47975540 0.45616257
2.17937326 0.29748437
3.79207778 0.40964183
4.47975540 0.73855239
2.17937326 0.39860034
3.79207778 0.69883853
4.47975540 0.08206929
2.17937326 0.15018424
3.79207778 0.09847727
2.18165827 0.29762813
3.21668482 0.36123946
2.18165827 0.37423012
3.21668482 0.45757362
2.18165827 0.14316915
3.21668482 0.19156623
3.12527966 0.36282146
3.07181001 0.35600519
3.12527966 0.46773434
3.07181001 0.46420562
3.12527966 0.16947818
3.07181001 0.18257160
4.29815769 0.45206019
3.23074293 0.36226162
4.15852118 0.43770477
4.29815769 0.70670199
3.23074293 0.49718896
4.15852118 0.68824774
4.29815769 0.09957734
3.23074293 0.17545940
4.15852118 0.12014183
4.09642601 0.42683366
4.16815948 0.43844807
4.09642601 0.74151963
4.16815948 0.73591161
4.09642601 0.07646840
4.16815948 0.08372229
3.78085017 0.40297842
2.38997984 0.31111005
3.78085017 0.53354758
2.38997984 0.38674876
3.78085017 0.13512476
2.38997984 0.18846077
4.17586184 0.44253337
4.17586184 0.68773836
4.17586184 0.08843485
4.13856125 0.43963543
4.04923820 0.42929420
4.13856125 0.72271580
4.04923820 0.73016340
4.13856125 0.10582209
4.04923820 0.11496970
4.13155794 0.43562663
3.37914252 0.37311396
4.41793156 0.46142593
4.13155794 0.68961531
3.37914252 0.44418323
4.41793156 0.61507392
4.13155794 0.08344064
3.37914252 0.17280076
4.41793156 0.09784722
4.52499628 0.45964527
4.49262571 0.46728316
4.52499628 0.61639726
4.49262571 0.61223030
4.52499628 0.10048596
4.49262571 0.10502637
4.54856634 0.46146131
3.48492193 0.38957965
4.54856634 0.70418924
3.48492193 0.49086276
4.54856634 0.07907779
3.48492193 0.15154807
4.12990379 0.43549919
4.05372906 0.42358920
4.12990379 0.66612923
4.05372906 0.61385703
4.12990379 0.08805142
4.05372906 0.09263224
2.97378206 0.34892353
4.00994587 0.42026734
2.97378206 0.46277443
4.00994587 0.66422552
2.97378206 0.17516293
4.00994587 0.08048620
4.02900314 0.43114603
4.02900314 0.69843727
4.02900314 0.08495463
2.94087529 0.34940478
3.78087759 0.40298048
2.94087529 0.42848587
3.78087759 0.57456273
2.94087529 0.17049956
3.78087759 0.14626932
3.87040067 0.41880897
3.87040067 0.68294191
3.87040067 0.10947809
2.10069156 0.29240087
2.15976477 0.29924154
2.10069156 0.35805953
2.15976477 0.35861480
2.10069156 0.11846013
2.15976477 0.13498408
3.77000594 0.41457525
3.69314218 0.40526661
2.30593872 0.30542973
3.78992558 0.41579112
3.77000594 0.62514955
3.69314218 0.61862522
2.30593872 0.36838624
3.78992558 0.50528139
3.77000594 0.15830109
3.69314218 0.13108088
2.30593872 0.14388938
3.78992558 0.14971684
3.54008365 0.39377558
2.16140747 0.29934391
3.86428308 0.42185426
3.54008365 0.43332329
2.16140747 0.33654800
3.86428308 0.64038032
3.54008365 0.16973048
2.16140747 0.09253472
3.86428308 0.08171662
2.87212944 0.34447727
4.48597527 0.46995914
3.87037802 0.42232594
3.36646152 0.38069987
2.87212944 0.45420566
4.48597527 0.65829378
3.87037802 0.61659592
3.36646152 0.46290722
2.87212944 0.18049999
4.48597527 0.08596539
3.87037802 0.14052242
3.36646152 0.15526408
2.18481874 0.30080825
3.63728189 0.40102318
2.22719407 0.30034193
2.18481874 0.37532461
3.63728189 0.63183272
2.22719407 0.37415496
2.18481874 0.16595012
3.63728189 0.13001047
2.22719407 0.15571232
3.98241949 0.43062842
3.19216847 0.36771449
3.01174641 0.35449004
4.28625870 0.45478204
3.98241949 0.60746008
3.19216847 0.45936298
3.01174641 0.44966078
4.28625870 0.64305407
3.98241949 0.15813857
3.19216847 0.23987727
3.01174641 0.19583535
4.28625870 0.14659530
4.05194139 0.43643239
4.60080194 0.47901401
2.22265148 0.30005166
4.05194139 0.66664773
4.60080194 0.71269661
2.22265148 0.37912762
4.05194139 0.12822701
4.60080194 0.08126358
2.22265148 0.14850108
3.84981179 0.41723034
4.53381729 0.47372839
2.80011368 0.34221306
2.19253397 0.29813620
3.84981179 0.64548546
4.53381729 0.74308914
2.80011368 0.46319318
2.19253397 0.40051565
3.84981179 0.15655984
4.53381729 0.08392819
2.80011368 0.24035199
2.19253397 0.16489224
2.15435648 0.29601750
2.16821241 0.29947540
3.82277226 0.41533864
2.15435648 0.37651840
2.16821241 0.37488481
3.82277226 0.67541355
2.15435648 0.14120738
2.16821241 0.14851539
3.82277226 0.10257974
2.16991329 0.29698893
2.20305943 0.30167720
2.16991329 0.35172358
2.20305943 0.34863171
2.16991329 0.12821989
2.20305943 0.13331209
3.53126645 0.39310822
3.53126645 0.61187255
3.53126645 0.11142574
4.02247334 0.43373108
2.08145118 0.29152927
4.50067854 0.47169626
4.02247334 0.70168734
2.08145118 0.37788323
4.50067854 0.66749614
4.02247334 0.09468437
2.08145118 0.13917200
4.50067854 0.10646126
2.73470783 0.33764103
2.17453504 0.29727840
3.73891664 0.40891042
4.60159588 0.47969267
2.73470783 0.40651083
2.17453504 0.36072513
3.73891664 0.54543191
4.60159588 0.64951932
2.73470783 0.18038251
2.17453504 0.13675378
3.73891664 0.15637816
4.60159588 0.09024555
2.19236779 0.29839915
3.39773321 0.38618234
3.82288527 0.41534734
2.19236779 0.35971668
3.39773321 0.44744888
3.82288527 0.55240220
2.19236779 0.13353065
3.39773321 0.18578036
3.82288527 0.13301764
3.98066473 0.43049261
2.18300009 0.29780969
3.79375267 0.41311121
3.56260443 0.39868227
3.98066473 0.69382161
2.18300009 0.38384092
3.79375267 0.65467882
3.56260443 0.49182630
3.98066473 0.12059624
2.18300009 0.17189078
3.79375267 0.12008921
3.56260443 0.17373042
2.77568913 0.34053186
4.52699232 0.46979225
2.14271021 0.29787907
2.77568913 0.43162620
4.52699232 0.68767929
2.14271021 0.37161419
2.77568913 0.14924805
4.52699232 0.11990088
2.14271021 0.12273475
4.15427065 0.44397429
3.26444769 0.37305436
2.17221737 0.29972726
4.15427065 0.75550300
3.26444769 0.47441936
2.17221737 0.38298115
4.15427065 0.08228920
3.26444769 0.21554093
2.17221737 0.15033151
4.00304031 0.43222514
4.49822283 0.46753612
2.08714747 0.29444730
3.97918010 0.42739236
4.00304031 0.73861641
4.49822283 0.72286582
2.08714747 0.39209434
3.97918010 0.72244292
4.00304031 0.11670836
4.49822283 0.12863050
2.08714747 0.14886238
3.97918010 0.11026367
3.47577333 0.38882717
2.23105597 0.30346259
2.75995827 0.33641243
3.47577333 0.51447529
2.23105597 0.39388287
2.75995827 0.44840357
3.47577333 0.19436073
2.23105597 0.17960532
2.75995827 0.20806146
2.24202228 0.30442977
2.66729188 0.33003068
3.37139487 0.38106939
2.24202228 0.38548851
2.66729188 0.43219844
3.37139487 0.48608541
2.24202228 0.15511678
2.66729188 0.18701686
3.37139487 0.18192591
3.91626596 0.42588106
2.17971516 0.30048811
4.02441931 0.43066189
4.51819801 0.46945897
3.91626596 0.63074791
2.17971516 0.36553705
4.02441931 0.68348527
4.51819801 0.68152601
3.91626596 0.13082425
2.17971516 0.12037713
4.02441931 0.11933666
4.51819801 0.09792625
3.91044760 0.42188361
4.27863693 0.45067284
4.41992378 0.46476352
3.91044760 0.66344112
4.27863693 0.59693176
4.41992378 0.61804456
3.91044760 0.09355003
4.27863693 0.09614444
4.41992378 0.11096846
4.51169825 0.46894762
2.17688370 0.30031073
2.74297404 0.33815196
4.51169825 0.71451503
2.17688370 0.38467622
2.74297404 0.44296241
4.51169825 0.08387122
2.17688370 0.12684457
2.74297404 0.17473198
3.98225093 0.43061540
3.18994498 0.36755070
3.01211858 0.35451710
4.28392696 0.45459875
3.98225093 0.60713679
3.18994498 0.45866480
3.01211858 0.44944003
4.28392696 0.64207911
3.98225093 0.15820281
3.18994498 0.23984270
3.01211858 0.19579887
4.28392696 0.14689706
4.25738573 0.44901285
3.19009590 0.37054238
3.90894556 0.42531344
4.25738573 0.64511365
3.19009590 0.46215650
3.90894556 0.69737309
4.25738573 0.11980110
3.19009590 0.18237035
3.90894556 0.10322123
4.14634705 0.44335708
3.27031827 0.37348938
2.17221832 0.29972732
4.14634705 0.75256681
3.27031827 0.47523093
2.17221832 0.38281250
4.14634705 0.08229873
3.27031827 0.21545845
2.17221832 0.15012519
3.90100312 0.42115805
3.70997715 0.40669796
4.24915695 0.45186672
3.90100312 0.67381245
3.70997715 0.66586941
4.24915695 0.72011143
3.90100312 0.13900931
3.70997715 0.09486731
4.24915695 0.12251960
4.02441311 0.43388149
2.87686682 0.34481570
4.02441311 0.65221995
2.87686682 0.42753181
4.02441311 0.12115011
2.87686682 0.20016654
3.90796947 0.42523777
2.86834836 0.34712481
4.02906466 0.43102050
3.90796947 0.66997433
2.86834836 0.46118724
4.02906466 0.71701568
3.90796947 0.13024192
2.86834836 0.16862662
4.02906466 0.11955769
4.05064631 0.43633139
2.74237394 0.33517003
4.05064631 0.71307760
2.74237394 0.45406625
4.05064631 0.12291992
2.74237394 0.17811079
2.58911705 0.32737955
3.93971300 0.42434335
4.00501919 0.43237841
2.58911705 0.43622342
3.93971300 0.69828272
4.00501919 0.72637075
2.58911705 0.22743523
3.93971300 0.11704410
4.00501919 0.11943430
2.99156833 0.35598126
3.27082777 0.37356579
3.96113038 0.34680203
4.53641748 0.47385266
2.99156833 0.45992351
3.27082777 0.49904403
3.96113038 0.48494026
4.53641748 0.76012921
2.99156833 0.18032593
3.27082777 0.15638608
3.96113038 0.10113505
4.53641748 0.08407924
3.31810832 0.37708208
4.12934780 0.43884790
3.31810832 0.49066290
4.12934780 0.74009830
3.31810832 0.16460319
4.12934780 0.14660574
4.00254917 0.43214270
4.23302507 0.37072131
2.78592634 0.34119186
3.34007311 0.37871969
4.00254917 0.67350489
4.23302507 0.61588538
2.78592634 0.43794298
3.34007311 0.46120659
4.00254917 0.12203415
4.23302507 0.08477664
2.78592634 0.20514138
3.34007311 0.15778807
2.24278617 0.30150959
3.12471843 0.36317107
4.72303057 0.39514312
2.99626470 0.35637346
2.24278617 0.35955527
3.12471843 0.47250262
4.72303057 0.61664975
2.99626470 0.42460990
2.24278617 0.13480400
3.12471843 0.20614456
4.72303057 0.06269985
2.99626470 0.17426683
3.68677354 0.40800992
2.31384087 0.30610177
4.60944510 0.47620431
4.35447836 0.37161648
4.48704433 0.46996590
3.68677354 0.61618477
2.31384087 0.36823878
4.60944510 0.77518106
4.35447836 0.56733948
4.48704433 0.68471259
3.68677354 0.17166264
2.31384087 0.13384131
4.60944510 0.09348223
4.35447836 0.08558933
4.48704433 0.09379479
3.03423214 0.35616758
3.73533583 0.40867141
4.58948612 0.38659158
4.40934992 0.38208628
2.21302247 0.30268100
3.03423214 0.44047454
3.73533583 0.64480984
4.58948612 0.61451739
4.40934992 0.63155001
2.21302247 0.36574432
3.03423214 0.17266946
3.73533583 0.13130875
4.58948612 0.06195682
4.40934992 0.06369185
2.21302247 0.15889849
4.52679157 0.46996638
3.79702425 0.33656132
4.73053694 0.40294147
2.18097520 0.30066487
4.52679157 0.72255826
3.79702425 0.47913349
4.73053694 0.69930601
2.18097520 0.37871623
4.52679157 0.08227507
3.79702425 0.13000977
4.73053694 0.06617819
2.18097520 0.13608502
4.24778223 0.45149413
2.20729756 0.29924801
2.12146544 0.29491460
3.74048829 0.41197565
4.24778223 0.63999075
2.20729756 0.34222212
2.12146544 0.34873033
3.74048829 0.58172750
4.24778223 0.12119809
2.20729756 0.13183750
2.12146544 0.14938237
3.74048829 0.14755572
4.20404673 0.44806990
2.21536708 0.29976031
2.16714406 0.29771960
4.20404673 0.71206254
2.21536708 0.38492605
2.16714406 0.38497445
4.20404673 0.10909619
2.21536708 0.13574106
2.16714406 0.14643528
2.14650083 0.29821476
3.70161486 0.40900525
4.19350004 0.44390500
2.12855220 0.29534701
2.14650083 0.37796617
3.70161486 0.67216635
4.19350004 0.70536166
2.12855220 0.37842822
2.14650083 0.12771638
3.70161486 0.08367193
4.19350004 0.08202628
2.12855220 0.12804639
2.22894073 0.30341253
4.24678040 0.44805327
2.14334631 0.29625297
2.22894073 0.34134707
4.24678040 0.63447368
2.14334631 0.34754881
2.22894073 0.14213166
4.24678040 0.09790886
2.14334631 0.13816823
4.13969517 0.35802376
4.12484884 0.44163048
4.05210829 0.43293357
4.16507769 0.44160816
4.13969517 0.59545255
4.12484884 0.71138340
4.05210829 0.66541684
4.16507769 0.70430684
4.13969517 0.08209388
4.12484884 0.10250825
4.05210829 0.10642415
4.16507769 0.12553525
3.44351673 0.38951635
3.83858204 0.41949654
3.28047800 0.37428251
2.19537067 0.29947352
3.44351673 0.48586902
3.83858204 0.62953877
3.28047800 0.46218809
2.19537067 0.36373624
3.44351673 0.14751905
3.83858204 0.08415958
3.28047800 0.18365605
2.19537067 0.11712018
3.44100285 0.38932666
3.42966270 0.38542458
2.18304920 0.29870602
3.80776858 0.41713026
3.44100285 0.49280390
3.42966270 0.49463117
2.18304920 0.37849474
3.80776858 0.64469761
3.44100285 0.20886724
3.42966270 0.18772139
2.18304920 0.16081837
3.80776858 0.12482935
2.65744567 0.33214486
3.75971103 0.34058461
2.21663570 0.30290952
3.72095442 0.40758014
2.65744567 0.45581332
3.75971103 0.51951641
2.21663570 0.40854391
3.72095442 0.63478923
2.65744567 0.15997502
3.75971103 0.13951071
2.21663570 0.14600307
3.72095442 0.10928743
4.47313404 0.46554318
4.01270723 0.43292904
4.36259079 0.37906614
2.15984893 0.29904750
3.80644250 0.41401327
4.47313404 0.73078746
4.01270723 0.72036451
4.36259079 0.67892784
2.15984893 0.39370048
3.80644250 0.63357460
4.47313404 0.09298000
4.01270723 0.12395620
4.36259079 0.07545759
2.15984893 0.13638428
3.80644250 0.11620286
2.67439699 0.33332899
3.75459862 0.34026253
2.20262122 0.30202451
3.73862410 0.40892103
2.67439699 0.45870510
3.75459862 0.51754409
2.20262122 0.40755525
3.73862410 0.64034373
2.67439699 0.15992364
3.75459862 0.14012755
2.20262122 0.14242364
3.73862410 0.10731697
4.43290567 0.37660289
4.09799767 0.43978858
3.14942741 0.36755994
4.01719332 0.43023300
3.18404746 0.36750448
4.43290567 0.66442472
4.09799767 0.69335538
3.14942741 0.48528385
4.01719332 0.67070991
3.18404746 0.48765686
4.43290567 0.06845780
4.09799767 0.09894407
3.14942741 0.14381589
4.01719332 0.13324355
3.18404746 0.15786248
4.04758167 0.43258324
3.75600886 0.41024148
3.80508494 0.34344649
2.19536257 0.30156758
4.04758167 0.71683818
3.75600886 0.67894918
3.80508494 0.50952137
2.19536257 0.39612961
4.04758167 0.10356028
3.75600886 0.13604498
3.80508494 0.11545952
2.19536257 0.14980866
3.96508455 0.42945576
3.35564637 0.31541869
2.17393637 0.30022463
3.96508455 0.68018442
3.35564637 0.39835533
2.17393637 0.37369785
3.96508455 0.15130299
3.35564637 0.16450837
2.17393637 0.11868566
4.43158865 0.37651908
4.09820795 0.43980494
3.14705443 0.36738542
4.01971483 0.43042794
3.18582201 0.36763445
4.43158865 0.66395414
4.09820795 0.69337869
3.14705443 0.48480737
4.01971483 0.67151779
3.18582201 0.48798069
4.43158865 0.06859351
4.09820795 0.09893008
3.14705443 0.14392009
4.01971483 0.13294928
3.18582201 0.15778959
4.07512188 0.43800640
4.05668449 0.43328774
3.05794406 0.35832134
4.22456789 0.37017787
3.17847252 0.36969897
4.07512188 0.63895971
4.05668449 0.64011651
3.05794406 0.45794713
4.22456789 0.57517141
3.17847252 0.46662807
4.07512188 0.19293381
4.05668449 0.13100861
3.05794406 0.22398484
4.22456789 0.06861284
3.17847252 0.16104840
4.51844835 0.46908292
2.23891735 0.30405012
3.77441287 0.41156125
4.31397676 0.36904600
4.51844835 0.70592993
2.23891735 0.35274184
3.77441287 0.58402675
4.31397676 0.53419811
4.51844835 0.10425361
2.23891735 0.11266773
3.77441287 0.12623081
4.31397676 0.07277036
4.10381651 0.44024214
4.09107971 0.43900630
4.47016811 0.38602093
4.06779528 0.43410131
4.10381651 0.67852098
4.09107971 0.71269089
4.47016811 0.67425299
4.06779528 0.71639633
4.10381651 0.16709305
4.09107971 0.08669624
4.47016811 0.06773970
4.06779528 0.15685439
4.13604403 0.35779354
4.11880159 0.44116032
4.05640602 0.43326619
4.16573429 0.44165888
4.13604403 0.59401470
4.11880159 0.70924759
4.05640602 0.66678315
4.16573429 0.70464110
4.13604403 0.08242822
4.11880159 0.10320056
4.05640602 0.10604966
4.16573429 0.12538062
2.29946971 0.30795699
3.10629010 0.36182967
4.73334789 0.39580491
2.29946971 0.36436796
3.10629010 0.47721204
4.73334789 0.63871789
2.29946971 0.14750873
3.10629010 0.19191480
4.73334789 0.06341008
3.50160861 0.39390865
4.05206490 0.43289003
4.45691729 0.37813187
3.50160861 0.46581641
4.05206490 0.67383265
4.45691729 0.57557499
3.50160861 0.19470976
4.05206490 0.16913539
4.45691729 0.06899344
4.13819313 0.35792902
4.12452793 0.44160554
4.05528927 0.43317977
4.16830254 0.44185743
4.13819313 0.59494203
4.12452793 0.71125841
4.05528927 0.66656548
4.16830254 0.70547038
4.13819313 0.08221672
4.12452793 0.10253278
4.05528927 0.10595021
4.16830254 0.12500112
4.00384092 0.43224266
4.23579979 0.37089965
2.80012918 0.34220171
3.33580732 0.37840143
4.00384092 0.67488676
4.23579979 0.61724919
2.80012918 0.44083989
3.33580732 0.46065459
4.00384092 0.12114617
4.23579979 0.08402789
2.80012918 0.20535988
3.33580732 0.15703534
2.31329274 0.30606604
3.33870435 0.37889978
2.31329274 0.39145133
3.33870435 0.54836136
2.31329274 0.13645120
3.33870435 0.16715272
4.04471016 0.43540838
4.28068352 0.37378660
4.36549616 0.45732161
4.04471016 0.71580791
4.28068352 0.65432733
4.36549616 0.66911483
4.04471016 0.08578414
4.28068352 0.06641006
4.36549616 0.08510721
2.71736741 0.33647379
3.49994278 0.32433394
3.97634530 0.43032908
4.43752432 0.46296117
2.71736741 0.45575666
3.49994278 0.47617233
3.97634530 0.72747493
4.43752432 0.70257306
2.71736741 0.14293851
3.49994278 0.12507732
3.97634530 0.12842961
4.43752432 0.08459336
3.80013561 0.41326013
4.36761427 0.44739136
3.80013561 0.64880401
4.36761427 0.60311097
3.80013561 0.10376876
4.36761427 0.08111053
2.12283802 0.29567289
2.05991387 0.28301349
2.07817674 0.28779230
4.46396160 0.37917057
2.12283802 0.30714011
2.05991387 0.30758345
2.07817674 0.30650672
4.46396160 0.52111006
2.12283802 0.10568487
2.05991387 0.10896636
2.07817674 0.11975330
4.46396160 0.05766793
3.77444696 0.41131973
2.18096519 0.29040584
2.18855429 0.29446995
3.70120120 0.33077917
3.77444696 0.56629235
2.18096519 0.39970604
2.18855429 0.40354073
3.70120120 0.52754849
3.77444696 0.14806043
2.18096519 0.16215344
2.18855429 0.16947155
3.70120120 0.12381925
2.19198942 0.29989114
3.63428617 0.39193639
2.06687570 0.28712267
4.69159222 0.39383981
2.19198942 0.36235264
3.63428617 0.49941865
2.06687570 0.36098805
4.69159222 0.65531218
2.19198942 0.13212098
3.63428617 0.17674516
2.06687570 0.11701205
4.69159222 0.06306251
4.53111887 0.46932757
4.56561375 0.46259630
2.10151839 0.28918394
3.74659300 0.33361772
4.53111887 0.71286839
4.56561375 0.72512919
2.10151839 0.38360688
3.74659300 0.47342765
4.53111887 0.10992232
4.56561375 0.09358025
2.10151839 0.12477753
3.74659300 0.09989833
4.18505812 0.43344828
3.23702002 0.36584294
3.62785387 0.32620594
4.18505812 0.71918273
3.23702002 0.49992570
3.62785387 0.48779699
4.18505812 0.11176907
3.23702002 0.14129113
3.62785387 0.11275674
4.20263481 0.44394946
3.17044258 0.36103067
4.20263481 0.68490553
3.17044258 0.48054409
4.20263481 0.09196460
3.17044258 0.13574173
2.15681434 0.29773355
2.08164477 0.28431949
3.66053152 0.39698660
2.15681434 0.36958441
2.08164477 0.36976004
3.66053152 0.48311940
2.15681434 0.15291952
2.08164477 0.15299910
3.66053152 0.17721067
4.20913219 0.44444883
3.18048263 0.35859242
4.20913219 0.67749429
3.18048263 0.47551909
4.20913219 0.08701468
3.18048263 0.15465118
3.19277143 0.36815479
4.05990219 0.42701247
3.19277143 0.50336689
4.05990219 0.69253725
3.19277143 0.14261816
4.05990219 0.09147415
2.13238192 0.29624936
4.44046402 0.45297632
4.50197983 0.46078429
2.13238192 0.37686220
4.44046402 0.69758558
4.50197983 0.70417732
2.13238192 0.12908299
4.44046402 0.11112816
4.50197983 0.11740953
3.04335999 0.34872714
3.04335999 0.41732022
3.04335999 0.17806433
3.19346857 0.36820552
4.07178307 0.42483771
3.19346857 0.48782623
4.07178307 0.68922871
3.19346857 0.13720110
4.07178307 0.10147562
4.02208042 0.43012032
4.13079739 0.43239486
4.17681074 0.36079803
4.02208042 0.68327886
4.13079739 0.68981123
4.17681074 0.60445601
4.02208042 0.08358393
4.13079739 0.08284351
4.17681074 0.06486153
4.18820333 0.43368781
3.23562479 0.36574185
3.62557793 0.32606432
4.18820333 0.71998578
3.23562479 0.49929395
3.62557793 0.48712826
4.18820333 0.11157911
3.23562479 0.14115562
3.62557793 0.11302561
3.18896413 0.36787808
4.05501842 0.42664221
3.18896413 0.50186914
4.05501842 0.69009358
3.18896413 0.14270337
4.05501842 0.09151196
4.20016956 0.44376004
3.16773558 0.36083555
4.20016956 0.68317646
3.16773558 0.47920540
4.20016956 0.09262422
3.16773558 0.13619946
4.21583176 0.44496381
4.06263638 0.42721978
4.21583176 0.71498686
4.06263638 0.68334395
4.21583176 0.08421657
4.06263638 0.08237848
3.20183372 0.36881384
4.07549477 0.42511931
3.20183372 0.48962805
4.07549477 0.69050568
3.20183372 0.13699786
4.07549477 0.10098928
4.20153570 0.44386503
3.17813873 0.35842285
4.20153570 0.67458731
3.17813873 0.47471270
4.20153570 0.08785621
3.17813873 0.15484360
4.20881557 0.44442451
4.09766388 0.42680207
4.20881557 0.71686810
4.09766388 0.69881970
4.20881557 0.08195379
4.09766388 0.08267385
4.04157639 0.42254731
4.01715994 0.42377439
4.04157639 0.67947894
4.01715994 0.66949534
4.04157639 0.07782277
4.01715994 0.09428105
4.51384687 0.46798685
4.69851542 0.47593895
2.21869040 0.29276446
4.51384687 0.68891078
4.69851542 0.71875566
2.21869040 0.35842493
4.51384687 0.10796046
4.69851542 0.09222267
2.21869040 0.13881658
4.24902630 0.43832505
4.22176886 0.43932143
4.20972490 0.36289561
4.24902630 0.73813868
4.22176886 0.74589419
4.20972490 0.64866322
4.24902630 0.07441897
4.22176886 0.08082401
4.20972490 0.05994174
4.56675291 0.47209552
2.32772064 0.29971063
3.29319549 0.36992303
4.20985174 0.36290371
4.56675291 0.80840212
2.32772064 0.39886245
3.29319549 0.53897333
4.20985174 0.67740315
4.56675291 0.08033005
2.32772064 0.17725956
3.29319549 0.18906069
4.20985174 0.06212291
3.81196237 0.41415429
4.50729561 0.45810962
3.81196237 0.66614598
4.50729561 0.67044824
3.81196237 0.10372124
4.50729561 0.08010852
3.48499537 0.38086405
4.18580961 0.43658090
4.42654085 0.37676749
3.48499537 0.53194851
4.18580961 0.79104257
4.42654085 0.74133188
3.48499537 0.12488014
4.18580961 0.09978440
4.42654085 0.06238173
3.95964575 0.42536095
4.08084345 0.42860088
4.43724155 0.37745440
3.95964575 0.70125109
4.08084345 0.71066302
4.43724155 0.65986514
3.95964575 0.08532213
4.08084345 0.08356315
4.43724155 0.06522268
2.83589673 0.33729306
4.07647181 0.35441819
2.83589673 0.42920101
4.07647181 0.52772731
2.83589673 0.17465325
4.07647181 0.07217909
2.75889540 0.33728459
2.75889540 0.41651082
2.75889540 0.14998008
3.98302984 0.41811526
3.98985147 0.42170843
3.98302984 0.68802190
3.98985147 0.70102888
3.98302984 0.07720762
3.98985147 0.07935973
