2.13014436 0.29904190
3.96558857 0.34167710
2.01578236 0.26839629
4.51571178 0.51790315
2.13014436 0.16473332
3.96558857 0.36183009
2.01578236 0.15002075
4.51571178 0.43904552
2.13014436 0.25465801
3.96558857 0.17082380
2.01578236 0.25321296
4.51571178 0.17878638
3.88131571 0.46417037
4.22372150 0.40434754
3.06345630 0.40041021
2.07361388 0.26678702
3.88131571 0.19643931
4.22372150 0.21688016
3.06345630 0.13334985
2.07361388 0.07932592
3.88131571 0.14499664
4.22372150 0.13631471
3.06345630 0.16085911
2.07361388 0.20509841
4.27041769 0.53947490
2.04512024 0.26400793
4.27041769 0.31117573
2.04512024 0.11333863
4.27041769 0.17789161
2.04512024 0.23583269
4.47162151 0.42601743
2.09415054 0.29202470
3.61313343 0.32754251
4.44252491 0.51020628
2.11108899 0.26232579
4.47162151 0.19760980
2.09415054 0.07427765
3.61313343 0.12950523
4.44252491 0.18768756
2.11108899 0.07452417
4.47162151 0.12555994
2.09415054 0.17899795
3.61313343 0.14061898
4.44252491 0.13203146
2.11108899 0.17909849
2.08717537 0.29126653
4.04671717 0.36240804
3.94036651 0.50762463
3.15854979 0.37630582
2.12719965 0.26384676
2.08717537 0.13156404
4.04671717 0.30132583
3.94036651 0.36064184
3.15854979 0.21385987
2.12719965 0.13961504
2.08717537 0.22997005
4.04671717 0.15709333
3.94036651 0.17984615
3.15854979 0.18180858
2.12719965 0.23146306
4.57882977 0.53947484
2.97672081 0.39054000
3.79157758 0.34186438
2.05338597 0.25689724
4.57882977 0.32607886
2.97672081 0.18078123
3.79157758 0.23596662
2.05338597 0.11013046
4.57882977 0.15583329
2.97672081 0.17642140
3.79157758 0.16133536
2.05338597 0.22953577
3.28778434 0.40064529
4.45598125 0.37958154
2.03490829 0.25516549
4.60233021 0.40735722
4.34797907 0.54848641
3.28778434 0.12156742
4.45598125 0.19982581
2.03490829 0.07116642
4.60233021 0.21574686
4.34797907 0.18740831
3.28778434 0.14979227
4.45598125 0.12421713
2.03490829 0.19120075
4.60233021 0.12412464
4.34797907 0.13338928
4.10715103 0.48849031
2.05571866 0.25711611
3.90557170 0.50353789
4.43054771 0.55808663
4.10715103 0.32511273
2.05571866 0.12903012
3.90557170 0.32757005
4.43054771 0.34286869
4.10715103 0.17588897
2.05571866 0.23275483
3.90557170 0.17791419
4.43054771 0.17274840
3.44383049 0.44393766
4.51952839 0.40064311
2.81865740 0.37703335
4.17226696 0.48183021
2.05164433 0.25673386
3.44383049 0.13387461
4.51952839 0.21159662
2.81865740 0.11325245
4.17226696 0.17894793
2.05164433 0.07639526
3.44383049 0.14726359
4.51952839 0.12443665
2.81865740 0.16227664
4.17226696 0.13438965
2.05164433 0.19112641
3.94663405 0.50193179
2.12206793 0.29814506
4.64960909 0.39460018
3.70870185 0.44563094
3.41045499 0.40235302
3.61438155 0.40992150
3.94663405 0.25320211
2.12206793 0.11074913
4.64960909 0.34157991
3.70870185 0.21879391
3.41045499 0.19167346
3.61438155 0.23929757
3.94663405 0.15554313
2.12206793 0.19497322
4.64960909 0.14180046
3.70870185 0.16132778
3.41045499 0.15636897
3.61438155 0.15789996
4.37419891 0.41749549
3.81239128 0.48640716
2.13528800 0.29961315
3.33955598 0.40615860
4.37419891 0.34972879
3.81239128 0.27775720
2.13528800 0.13042516
3.33955598 0.22315829
4.37419891 0.15621357
3.81239128 0.17715102
2.13528800 0.22729595
3.33955598 0.17442758
4.16013718 0.39879802
3.81882930 0.48715127
2.18072629 0.30467024
4.51799393 0.38438889
2.11543703 0.27840576
4.16013718 0.20244586
3.81882930 0.17632139
2.18072629 0.08525074
4.51799393 0.24434321
2.11543703 0.08006724
4.16013718 0.12891541
3.81882930 0.13763711
2.18072629 0.17783993
4.51799393 0.12553672
2.11543703 0.18392687
4.48933697 0.51512867
2.64943218 0.35763717
3.94668698 0.44338217
4.48933697 0.32124889
2.64943218 0.17251301
3.94668698 0.29665217
4.48933697 0.17235760
2.64943218 0.18970257
3.94668698 0.18030874
3.97370410 0.50506544
2.07131672 0.29252338
4.44008827 0.52445471
4.18875933 0.48355961
2.77690315 0.32661241
3.97370410 0.29362318
2.07131672 0.12764275
4.44008827 0.33684704
4.18875933 0.30166465
2.77690315 0.18598060
3.97370410 0.17105317
2.07131672 0.22535688
4.44008827 0.16423230
4.18875933 0.16858466
2.77690315 0.18305354
3.93060684 0.46947265
3.84449005 0.49636781
3.81786251 0.36899206
2.11498237 0.29429170
3.90387654 0.35089776
4.45818472 0.51185274
3.50834346 0.39928246
3.93060684 0.32037601
3.84449005 0.32385233
3.81786251 0.25670096
2.11498237 0.12548706
3.90387654 0.27237719
4.45818472 0.33749565
3.50834346 0.24209951
3.93060684 0.17271668
3.84449005 0.17356183
3.81786251 0.15663539
2.11498237 0.22140819
3.90387654 0.15381396
4.45818472 0.16880471
3.50834346 0.16794766
2.81760693 0.35090956
3.93629861 0.50714678
3.42887783 0.33529213
2.10146379 0.29282010
4.48290253 0.39767477
3.47518826 0.40906894
4.45362949 0.49470341
2.81760693 0.12926398
3.93629861 0.21883506
3.42887783 0.13414812
2.10146379 0.07983591
4.48290253 0.22865258
3.47518826 0.14890596
4.45362949 0.22161324
2.81760693 0.16705948
3.93629861 0.14462824
3.42887783 0.15004973
2.10146379 0.18547226
4.48290253 0.13137309
3.47518826 0.14980718
4.45362949 0.13902612
4.32688141 0.48184574
4.67076635 0.59373122
3.95069957 0.34052956
3.74391985 0.44940972
3.10518098 0.37080741
4.32688141 0.39610735
4.67076635 0.45336759
3.95069957 0.32051411
3.74391985 0.29662147
3.10518098 0.23975705
4.32688141 0.18217556
4.67076635 0.18412650
3.95069957 0.16701923
3.74391985 0.18892543
3.10518098 0.19023912
3.98913121 0.51335484
4.04001427 0.51274580
4.49193907 0.39840707
4.16931438 0.46588469
4.09545135 0.47377920
3.98913121 0.27351388
4.04001427 0.26468650
4.49193907 0.31915975
4.16931438 0.27536759
4.09545135 0.25789711
3.98913121 0.16390456
4.04001427 0.16797568
4.49193907 0.14739577
4.16931438 0.16364898
4.09545135 0.16579942
2.88585329 0.35808542
4.02498055 0.45128885
4.39740610 0.41952488
4.06228399 0.51532650
3.38535166 0.39975092
2.88585329 0.20808977
4.02498055 0.34715617
4.39740610 0.39539900
4.06228399 0.33140627
3.38535166 0.23640466
2.88585329 0.18628126
4.02498055 0.18506610
4.39740610 0.16286971
4.06228399 0.18815102
3.38535166 0.18566890
4.09983253 0.48770118
2.81699944 0.33055446
3.86736679 0.49905255
4.46359873 0.51242203
4.09983253 0.20760004
2.81699944 0.12269628
3.86736679 0.20599441
4.46359873 0.21232568
4.09983253 0.14253035
2.81699944 0.16560213
3.86736679 0.14576359
4.46359873 0.13909876
3.89089561 0.50181466
3.45759487 0.40724289
3.89089561 0.19512047
3.45759487 0.14220496
3.89089561 0.14795640
3.45759487 0.15522216
4.48333216 0.51449716
2.65128970 0.35784945
3.95037055 0.44375396
4.48333216 0.32117471
2.65128970 0.17294495
3.95037055 0.29764828
4.48333216 0.17288427
2.65128970 0.18994163
3.95037055 0.18090528
4.23754120 0.47279283
3.53193116 0.45976874
3.66846132 0.31882790
2.01369190 0.26818737
4.47553062 0.51367694
4.23754120 0.21299504
3.53193116 0.16772544
3.66846132 0.14839889
2.01369190 0.07856218
4.47553062 0.22600907
4.23754120 0.12927108
3.53193116 0.14285146
3.66846132 0.13912143
2.01369190 0.18859535
4.47553062 0.12823163
3.98734856 0.51314527
4.03336048 0.51197487
4.48806524 0.39809313
4.16483498 0.46543136
4.10215998 0.47448206
3.98734856 0.27331305
4.03336048 0.26396829
4.48806524 0.31850746
4.16483498 0.27481407
4.10215998 0.25856796
3.98734856 0.16384850
4.03336048 0.16786702
4.48806524 0.14730880
4.16483498 0.16354449
4.10215998 0.16573770
4.19636631 0.40195951
3.11671424 0.40648198
4.25616455 0.37932205
4.19208813 0.46818992
3.11091137 0.41076955
4.02301645 0.47942209
4.19636631 0.22875820
3.11671424 0.14837718
4.25616455 0.24150540
4.19208813 0.23573940
3.11091137 0.15759762
4.02301645 0.22145402
4.19636631 0.13605303
3.11671424 0.16090161
4.25616455 0.13419186
4.19208813 0.14590137
3.11091137 0.16198334
4.02301645 0.14606349
2.01722884 0.26854077
3.88996577 0.33585191
4.46073866 0.56891638
3.29096437 0.37754187
2.01722884 0.17482579
3.88996577 0.38790557
4.46073866 0.53738588
3.29096437 0.32342124
2.01722884 0.26420224
3.88996577 0.17896505
4.46073866 0.19848365
3.29096437 0.20331936
2.06051254 0.27287713
4.40603924 0.37571216
4.52885199 0.57695979
4.08831215 0.45769021
4.24114704 0.40586913
4.04655647 0.51350391
3.98555803 0.46227381
2.06051254 0.08192119
4.40603924 0.23361425
4.52885199 0.25336003
4.08831215 0.20759417
4.24114704 0.21848309
4.04655647 0.19498122
3.98555803 0.18110593
2.06051254 0.18913110
4.40603924 0.12440787
4.52885199 0.13091362
4.08831215 0.13407893
4.24114704 0.12892793
4.04655647 0.13660751
3.98555803 0.13526259
2.03182650 0.27000114
4.69987249 0.39850295
3.40934968 0.44546214
3.60195112 0.35026011
2.91535974 0.38357198
4.03271770 0.46720943
2.03182650 0.09895013
4.69987249 0.34421358
3.40934968 0.19920863
3.60195112 0.18858284
2.91535974 0.14650778
4.03271770 0.23502384
2.03182650 0.20175254
4.69987249 0.13498364
3.40934968 0.15446554
3.60195112 0.14783530
2.91535974 0.16380872
4.03271770 0.14739196
3.89344311 0.46547461
3.84760618 0.37157711
2.06448817 0.28880370
2.11454630 0.27079234
4.35134077 0.48432574
3.89344311 0.35313430
3.84760618 0.29728481
2.06448817 0.13681960
2.11454630 0.13732980
4.35134077 0.37524688
3.89344311 0.18404157
3.84760618 0.16711372
2.06448817 0.23753048
2.11454630 0.23508225
4.35134077 0.18184067
4.55584812 0.43339083
2.08791399 0.29134679
4.44047260 0.39423737
4.03052139 0.51822096
2.12534046 0.27185103
3.15808940 0.36430526
4.55584812 0.19575383
2.08791399 0.06769599
4.44047260 0.18074127
4.03052139 0.18295141
2.12534046 0.06811314
3.15808940 0.11373957
4.55584812 0.12663625
2.08791399 0.17606436
4.44047260 0.12757286
4.03052139 0.13855471
2.12534046 0.18001975
3.15808940 0.15242012
4.28210688 0.54083258
4.69605350 0.59672141
4.41994095 0.37678900
4.51351261 0.53240144
2.03781366 0.26329651
4.28210688 0.19148071
4.69605350 0.22882468
4.41994095 0.20817606
4.51351261 0.20313458
2.03781366 0.07118270
4.28210688 0.13827628
4.69605350 0.13644183
4.41994095 0.12950547
4.51351261 0.13644904
2.03781366 0.19785024
2.96029210 0.38867319
3.46423459 0.45186403
4.53960657 0.53522676
2.07137203 0.26656809
3.76695204 0.42526317
2.96029210 0.20365779
3.46423459 0.26785800
4.53960657 0.39317164
2.07137203 0.12743752
3.76695204 0.31286123
2.96029210 0.18872118
3.46423459 0.18241163
4.53960657 0.18064444
2.07137203 0.23781134
3.76695204 0.18407512
2.09607959 0.26461795
4.27932978 0.47473213
2.15654802 0.27127820
4.47403479 0.39695629
4.53496552 0.46599939
2.13575101 0.29099709
2.09607959 0.07095214
4.27932978 0.17294298
2.15654802 0.07446567
4.47403479 0.18515110
4.53496552 0.19971101
2.13575101 0.07461801
2.09607959 0.17765169
4.27932978 0.12417033
2.15654802 0.17189567
4.47403479 0.11399209
4.53496552 0.11381116
2.13575101 0.17529707
3.65724611 0.42037681
4.36542177 0.45916891
2.05090117 0.25606683
4.69576693 0.52774835
3.98553181 0.35747501
3.65724611 0.21856177
4.36542177 0.35969773
2.05090117 0.10857131
4.69576693 0.33441308
3.98553181 0.24167816
3.65724611 0.15360411
4.36542177 0.13714077
2.05090117 0.21596004
4.69576693 0.14483142
3.98553181 0.14022554
3.47685695 0.40197816
2.29890442 0.27938831
4.65495729 0.41162702
4.41109943 0.45421782
3.47685695 0.22459950
2.29890442 0.13366850
4.65495729 0.36554274
4.41109943 0.33607778
3.47685695 0.16919215
2.29890442 0.20187211
4.65495729 0.14092033
4.41109943 0.14520960
4.34074926 0.45677146
4.08500099 0.45520434
3.67002535 0.38402531
3.10782743 0.36455953
4.15538931 0.51397717
4.34074926 0.38766518
4.08500099 0.29811236
3.67002535 0.24434142
3.10782743 0.20039968
4.15538931 0.29628527
4.34074926 0.14169501
4.08500099 0.17587882
3.67002535 0.14198028
3.10782743 0.17013134
4.15538931 0.16169663
4.33926964 0.45662770
4.08970213 0.45567620
3.66975570 0.38399985
3.10874891 0.36465254
4.15219736 0.51361734
4.33926964 0.38745084
4.08970213 0.29872918
3.66975570 0.24436109
3.10874891 0.20049642
4.15219736 0.29591963
4.33926964 0.14175683
4.08970213 0.17604901
3.66975570 0.14205338
3.10874891 0.17019330
4.15219736 0.16177721
4.42602634 0.47268915
4.25215006 0.47199833
2.08182621 0.28530094
4.34688997 0.49177909
4.12201977 0.46802640
4.42602634 0.44389403
4.25215006 0.37751159
2.08182621 0.15288581
4.34688997 0.42596456
4.12201977 0.38798165
4.42602634 0.14842702
4.25215006 0.17586960
2.08182621 0.22959445
4.34688997 0.16994196
4.12201977 0.17717101
4.16035652 0.43925819
4.35452318 0.48229930
2.12025785 0.28935784
2.92158866 0.34661701
4.12983370 0.46883011
4.16035652 0.27533492
4.35452318 0.26099163
2.12025785 0.10052340
2.92158866 0.15883128
4.12983370 0.25516960
4.16035652 0.13097687
4.35452318 0.14158386
2.12025785 0.20557649
2.92158866 0.16225536
4.12983370 0.14639515
4.05505800 0.43604919
2.19664478 0.29745984
4.49572468 0.50711030
4.13449287 0.42795357
3.24784446 0.37871769
4.05505800 0.28071827
2.19664478 0.12191889
4.49572468 0.32579866
4.13449287 0.28689557
3.24784446 0.19789205
4.05505800 0.14171992
2.19664478 0.20919074
4.49572468 0.15463637
4.13449287 0.14402901
3.24784446 0.17111363
4.40274763 0.49694264
4.36060715 0.48291180
3.47041392 0.40205312
4.05098677 0.43564776
4.40274763 0.39138031
4.36060715 0.38839993
3.47041392 0.27020237
4.05098677 0.33345115
4.40274763 0.18815632
4.36060715 0.19389002
3.47041392 0.18509203
4.05098677 0.16318817
4.52067852 0.50968277
3.60269880 0.39155948
3.74843645 0.46820787
4.52067852 0.21705802
3.60269880 0.13849951
3.74843645 0.18933575
4.52067852 0.13130440
3.60269880 0.13850604
3.74843645 0.14139013
4.47281027 0.50417233
4.11915827 0.43526259
3.27589607 0.37448910
4.67278767 0.52537584
4.46815205 0.39647961
4.69963884 0.49978209
4.47281027 0.24364053
4.11915827 0.26889732
3.27589607 0.16019842
4.67278767 0.27394184
4.46815205 0.25367987
4.69963884 0.29458943
4.47281027 0.13217765
4.11915827 0.12806657
3.27589607 0.15008047
4.67278767 0.12562586
4.46815205 0.12137437
4.69963884 0.12306428
2.03104186 0.25842059
3.50760889 0.39748576
2.11164713 0.26697165
3.99172211 0.35797393
3.13921952 0.40022889
2.03104186 0.13324730
3.50760889 0.25527102
2.11164713 0.14221029
3.99172211 0.29753664
3.13921952 0.23855923
2.03104186 0.23216094
3.50760889 0.17504597
2.11164713 0.21308273
3.99172211 0.15675335
3.13921952 0.18474258
3.52505159 0.37785265
4.16901445 0.46364141
3.52505159 0.24068798
4.16901445 0.28689167
3.52505159 0.14678679
4.16901445 0.15292433
3.83871603 0.41474196
2.78060865 0.36066484
4.26364279 0.44020829
3.66215539 0.42087838
3.83871603 0.29767755
2.78060865 0.19616126
4.26364279 0.36961007
3.66215539 0.28170648
3.83871603 0.15142764
2.78060865 0.18290067
4.26364279 0.15078402
3.66215539 0.17628734
4.19255495 0.44238207
4.67055416 0.49689972
4.09397268 0.50705558
3.70627499 0.42538765
4.06030512 0.42092118
4.19255495 0.23156445
4.67055416 0.24604343
4.09397268 0.18683054
3.70627499 0.16657276
4.06030512 0.18974042
4.19255495 0.12549981
4.67055416 0.12262479
4.09397268 0.13603513
3.70627499 0.13686252
4.06030512 0.12466357
3.85912561 0.41674986
4.52575588 0.51020628
3.62768078 0.40944460
3.80244064 0.47426793
3.85912561 0.26686096
4.52575588 0.36536261
3.62768078 0.26081961
3.80244064 0.29734817
3.85912561 0.14625095
4.52575588 0.16453855
3.62768078 0.17560963
3.80244064 0.17746837
4.02734327 0.45894325
3.05489564 0.35267437
4.52794266 0.46533111
4.01958275 0.45749807
4.02734327 0.26489919
3.05489564 0.17188549
4.52794266 0.32293704
4.01958275 0.25532365
4.02734327 0.15648372
3.05489564 0.16587315
4.52794266 0.13313802
4.01958275 0.15945323
3.50937557 0.37634408
3.44021034 0.39078501
3.38453770 0.42750713
3.93604994 0.44958511
3.50937557 0.25275013
3.44021034 0.22471546
3.38453770 0.22469772
3.93604994 0.30314806
3.50937557 0.15007713
3.44021034 0.16309299
3.38453770 0.16580138
3.93604994 0.16368458
3.85720897 0.41656134
4.52561426 0.51019174
3.63440871 0.41011551
3.79990292 0.47398305
3.85720897 0.26645204
4.52561426 0.36510575
3.63440871 0.26154131
3.79990292 0.29700100
3.85720897 0.14617182
4.52561426 0.16436611
3.63440871 0.17548020
3.79990292 0.17728688
3.24339390 0.35081065
4.15671206 0.46240541
4.15726185 0.51418823
3.99606967 0.45573628
3.24339390 0.15999626
4.15671206 0.22663479
4.15726185 0.23474671
3.99606967 0.22837694
3.24339390 0.14271794
4.15671206 0.13287060
4.15726185 0.13378043
3.99606967 0.13350271
4.02344561 0.45854351
3.06026673 0.35320294
4.53002596 0.46552932
4.02280521 0.45782909
4.02344561 0.26431397
3.06026673 0.17224909
4.53002596 0.32303995
4.02280521 0.25547427
4.02344561 0.15630922
3.06026673 0.16567709
4.53002596 0.13303159
4.02280521 0.15929954
3.10924029 0.36548087
4.19573832 0.51852685
3.60402560 0.38545808
3.10924029 0.18906792
4.19573832 0.28056654
3.60402560 0.22457147
3.10924029 0.15793800
4.19573832 0.14999969
3.60402560 0.14009775
3.64228654 0.41884866
2.17556262 0.27310708
2.16028094 0.29359674
4.33746481 0.45645237
3.64228654 0.29111257
2.17556262 0.15793410
2.16028094 0.14885689
4.33746481 0.42333388
3.64228654 0.16906081
2.17556262 0.21760869
2.16028094 0.22063315
4.33746481 0.14711770
4.03533792 0.45976329
4.16502762 0.43971130
4.06983900 0.45368257
4.25464916 0.43935442
3.98554206 0.45400241
4.03533792 0.22638293
4.16502762 0.25268951
4.06983900 0.21453644
4.25464916 0.23937488
3.98554206 0.21079908
4.03533792 0.13367909
4.16502762 0.12349698
4.06983900 0.13744174
4.25464916 0.11963180
3.98554206 0.13496502
4.34256935 0.45694828
4.08460999 0.45516506
3.67207456 0.38421848
3.10845685 0.36462307
4.15677118 0.51413292
4.34256935 0.38756844
4.08460999 0.29779384
3.67207456 0.24431901
3.10845685 0.20029138
4.15677118 0.29618338
4.34256935 0.14155298
4.08460999 0.17560549
3.67207456 0.14185487
3.10845685 0.16995697
4.15677118 0.16147308
3.44639707 0.39887774
4.47368288 0.49430263
2.02400017 0.25861838
4.55262470 0.40332618
4.69285917 0.49911013
4.16361856 0.51490492
3.44639707 0.18316747
4.47368288 0.26815036
2.02400017 0.09615337
4.55262470 0.28754100
4.69285917 0.30582431
4.16361856 0.26301807
3.44639707 0.15349393
4.47368288 0.13849096
2.02400017 0.19531892
4.55262470 0.12658824
4.69285917 0.12751125
4.16361856 0.14669546
4.62843990 0.52024823
2.18017554 0.27355123
4.35929728 0.53698838
4.62843990 0.38689038
2.18017554 0.14272131
4.35929728 0.37585035
4.62843990 0.16457003
2.18017554 0.21844393
4.35929728 0.16748072
3.11094689 0.36565292
4.19829082 0.51881474
3.60399580 0.38545522
3.11094689 0.18923591
4.19829082 0.28088278
3.60399580 0.22459362
3.11094689 0.15792768
4.19829082 0.15003245
3.60399580 0.14011113
3.40742159 0.39491335
2.18741035 0.26884228
4.57511806 0.40515015
4.39784575 0.45295787
3.40742159 0.18228304
2.18741035 0.10565487
4.57511806 0.29208210
4.39784575 0.28170323
3.40742159 0.15707023
2.18741035 0.20161317
4.57511806 0.13410501
4.39784575 0.13397741
4.02419996 0.45862088
3.05981755 0.35315874
4.53114605 0.46563593
4.02316904 0.45786643
4.02419996 0.26429209
3.05981755 0.17214024
4.53114605 0.32304400
4.02316904 0.25541201
4.02419996 0.15623513
3.05981755 0.16563191
4.53114605 0.13298149
4.02316904 0.15922081
4.18333006 0.47433409
4.21092033 0.44416428
2.05639696 0.25657788
4.33318853 0.38555193
4.34488726 0.53536075
4.18333006 0.19933023
4.21092033 0.24459602
2.05639696 0.07975162
4.33318853 0.21152382
4.34488726 0.21898963
4.18333006 0.12982498
4.21092033 0.12233770
2.05639696 0.19695474
4.33318853 0.11962890
4.34488726 0.13142250
4.14011860 0.46988797
2.05435491 0.25638798
4.38454008 0.53984016
4.14011860 0.44631705
2.05435491 0.17141972
4.38454008 0.47185716
4.14011860 0.20201480
2.05435491 0.25924104
4.38454008 0.19663312
2.12092710 0.28129002
3.98241305 0.37956980
3.75133157 0.43068647
3.22644210 0.39412108
2.12092710 0.18274923
3.98241305 0.39052102
3.75133157 0.41464183
3.22644210 0.30232340
2.12092710 0.27228120
3.98241305 0.18401659
3.75133157 0.22721057
3.22644210 0.22469155
2.97170305 0.37082019
3.15425968 0.37002191
4.15642452 0.49380514
2.97170305 0.17219265
3.15425968 0.19808330
4.15642452 0.27970442
2.97170305 0.16531263
3.15425968 0.15923303
4.15642452 0.15964165
4.68964958 0.45992684
2.13925719 0.26961774
4.60711765 0.54253948
4.68964958 0.35715190
2.13925719 0.11330801
4.60711765 0.30051842
4.68964958 0.13022198
2.13925719 0.20515037
4.60711765 0.14620356
3.26874018 0.40276316
4.43792009 0.41901767
2.86946988 0.34139791
2.07764125 0.27459821
4.22525835 0.40836918
3.26874018 0.18375951
4.43792009 0.29197142
2.86946988 0.16458219
2.07764125 0.10574963
4.22525835 0.27839449
3.26874018 0.16567838
4.43792009 0.13984428
2.86946988 0.17022164
2.07764125 0.21804444
4.22525835 0.14144763
2.07607102 0.27444032
4.48019934 0.50551003
4.59698963 0.54760110
2.07607102 0.14213260
4.48019934 0.42255250
4.59698963 0.40882614
2.07607102 0.24385673
4.48019934 0.17965533
4.59698963 0.18658228
2.03987288 0.27080703
3.71241832 0.42671192
3.96899724 0.38581422
2.03987288 0.13776602
3.71241832 0.31448016
3.96899724 0.32511944
2.03987288 0.25675216
3.71241832 0.19423710
3.96899724 0.16950053
2.08995676 0.27583739
4.50499249 0.50806564
4.42366457 0.42587265
2.08995676 0.08383882
4.50499249 0.25010923
4.42366457 0.24116600
2.08995676 0.21152069
4.50499249 0.14285237
4.42366457 0.13294929
3.85199308 0.38414207
4.56467199 0.53794140
3.82743382 0.36619437
3.33672857 0.41010618
3.85199308 0.26534611
4.56467199 0.33224466
3.82743382 0.24157511
3.33672857 0.20575400
3.85199308 0.15689793
4.56467199 0.16873842
3.82743382 0.15462010
3.33672857 0.17435960
4.63901997 0.45533037
3.07848334 0.37842453
4.60305309 0.43336007
4.66741467 0.55533862
4.63901997 0.30642763
3.07848334 0.15002932
4.60305309 0.27460933
4.66741467 0.26725256
4.63901997 0.13599701
3.07848334 0.16830494
4.60305309 0.13932997
4.66741467 0.15456958
3.29021573 0.40508148
4.21124935 0.39936459
3.83574057 0.43931612
4.58598137 0.54024959
4.26245546 0.42120147
3.29021573 0.22701655
4.21124935 0.33336568
3.83574057 0.27830982
4.58598137 0.37314773
4.26245546 0.35674131
3.29021573 0.18663971
4.21124935 0.15666783
3.83574057 0.16212517
4.58598137 0.17943197
4.26245546 0.15903614
4.41482019 0.43499756
3.85334873 0.46620074
4.06821537 0.48429263
4.41482019 0.35623741
3.85334873 0.27330977
4.06821537 0.25989985
4.41482019 0.14910300
3.85334873 0.17792155
4.06821537 0.17333055
2.18805003 0.28819582
3.54397821 0.34180650
4.67173481 0.54954231
4.35989666 0.43002227
2.18805003 0.10952588
3.54397821 0.18551785
4.67173481 0.30633262
4.35989666 0.30326471
2.18805003 0.20972361
3.54397821 0.15432571
4.67173481 0.15663309
4.35989666 0.14847741
3.48402834 0.35108706
4.56286764 0.53774595
4.42100620 0.41754982
4.37398624 0.52312869
3.48402834 0.28007540
4.56286764 0.40164384
4.42100620 0.42565134
4.37398624 0.39115036
3.48402834 0.17648359
4.56286764 0.18755873
4.42100620 0.17041565
4.37398624 0.20175351
3.43889380 0.42115963
3.44354916 0.39932263
3.43889380 0.22964728
3.44354916 0.25000492
3.43889380 0.18727650
3.44354916 0.18697269
4.14674139 0.41073725
3.84119105 0.46487549
3.96820092 0.45287952
4.14674139 0.23472559
3.84119105 0.20356874
3.96820092 0.22716857
4.14674139 0.12892084
3.84119105 0.14677219
3.96820092 0.14350860
3.48505902 0.35117936
4.56991386 0.53850913
4.42208433 0.41764334
4.37484074 0.52322239
3.48505902 0.27976629
4.56991386 0.40214315
4.42208433 0.42515668
4.37484074 0.39074397
3.48505902 0.17620301
4.56991386 0.18719149
4.42208433 0.17008710
4.37484074 0.20127946
4.43622637 0.43693730
2.47674441 0.30242553
4.43622637 0.27927086
2.47674441 0.11978388
4.43622637 0.13431139
2.47674441 0.17904651
3.98332381 0.45442963
3.98911810 0.47577104
3.98332381 0.38348725
3.98911810 0.36766651
3.98332381 0.20495094
3.98911810 0.21144706
2.98286009 0.37201551
4.02510834 0.47964749
2.98286009 0.15388493
4.02510834 0.21971764
2.98286009 0.17668010
4.02510834 0.16192706
3.99198222 0.48132673
3.03299022 0.37361059
3.99198222 0.28601539
3.03299022 0.18239258
3.99198222 0.17613284
3.03299022 0.18021679
4.41318274 0.43484917
3.85143995 0.46599260
4.06695509 0.48415682
4.41318274 0.35675618
3.85143995 0.27359965
4.06695509 0.26026842
4.41318274 0.14943528
3.85143995 0.17835353
4.06695509 0.17375793
4.01914215 0.48429310
4.01804638 0.45798978
4.02773857 0.47993085
4.01914215 0.22906923
4.01804638 0.24774481
4.02773857 0.24682766
4.01914215 0.14876632
4.01804638 0.14926344
4.02773857 0.15481110
2.06699944 0.27576998
4.53629637 0.42755970
4.43196678 0.50054008
2.06699944 0.07876643
4.53629637 0.23634273
4.43196678 0.22713320
2.06699944 0.21461701
4.53629637 0.13349561
4.43196678 0.14477295
4.14344168 0.41043904
3.84411526 0.46519420
3.96817279 0.45287666
4.14344168 0.23454668
3.84411526 0.20399226
3.96817279 0.22732562
4.14344168 0.12903295
3.84411526 0.14689155
3.96817279 0.14364366
2.97038889 0.37067947
3.16210771 0.37081409
4.16521215 0.49475333
2.97038889 0.17212240
3.16210771 0.19893874
4.16521215 0.28080681
2.97038889 0.16539854
3.16210771 0.15917717
4.16521215 0.15981373
2.21201515 0.29067022
3.69495392 0.35478294
4.50204992 0.50776231
4.46873760 0.43988404
2.21201515 0.13304219
3.69495392 0.24759226
4.50204992 0.35867891
4.46873760 0.37907436
2.21201515 0.22294299
3.69495392 0.16128959
4.50204992 0.17816959
4.46873760 0.16246651
2.06123400 0.27518138
2.06123400 0.12388220
2.06123400 0.24193202
2.97489619 0.37116227
3.15376282 0.36997175
4.15802288 0.49397755
2.97489619 0.17239879
3.15376282 0.19796057
4.15802288 0.27981386
2.97489619 0.16516304
3.15376282 0.15914626
4.15802288 0.15950508
3.67038918 0.35962200
2.07298517 0.26327795
2.05896735 0.27272201
3.67038918 0.15964140
2.07298517 0.08942836
2.05896735 0.08819135
3.67038918 0.14272995
2.07298517 0.19939409
2.05896735 0.21012171
3.74890518 0.45482329
2.21996832 0.27738959
2.08133221 0.27496946
3.94433212 0.38364685
3.74890518 0.33140501
2.21996832 0.16930509
2.08133221 0.14686063
3.94433212 0.33178297
3.74890518 0.18336754
2.21996832 0.22544634
2.08133221 0.23381430
3.94433212 0.15389310
4.48736334 0.53556496
3.93771577 0.38306555
2.01435781 0.25770399
3.27514338 0.39930013
4.48736334 0.42723951
3.93771577 0.31492573
2.01435781 0.14265119
3.27514338 0.26389265
4.48736334 0.19416219
3.93771577 0.16509666
2.01435781 0.24419445
3.27514338 0.19467343
4.68732786 0.45971599
2.13736629 0.26943630
4.60531998 0.54234469
4.68732786 0.35736683
2.13736629 0.11331990
4.60531998 0.30075037
4.68732786 0.13040133
2.13736629 0.20539264
4.60531998 0.14645754
3.75628710 0.40217650
2.12804556 0.28351873
3.75628710 0.26335812
2.12804556 0.13224347
3.75628710 0.14515616
2.12804556 0.22676450
3.77543068 0.38129413
3.77543068 0.25464353
3.77543068 0.15475465
3.61225319 0.36648419
4.13597250 0.49995244
3.61225319 0.23041777
4.13597250 0.30914232
3.61225319 0.15548281
4.13597250 0.17454763
4.33724070 0.43251157
2.90260935 0.36547458
4.33724070 0.22969989
2.90260935 0.13001646
4.33724070 0.13371427
2.90260935 0.16593029
4.17867041 0.50465244
3.63835096 0.37584805
4.17867041 0.27148518
3.63835096 0.20195360
4.17867041 0.16142713
3.63835096 0.14657487
4.35585594 0.46058467
4.28394461 0.43601349
4.35585594 0.31466067
4.28394461 0.30981934
4.35585594 0.13554671
4.28394461 0.14590429
4.06078434 0.49168113
4.06078434 0.21874505
4.06078434 0.14887640
3.72216320 0.39886403
4.30396414 0.42946962
4.58461809 0.54943228
3.72216320 0.24066965
4.30396414 0.32472423
4.58461809 0.35556814
3.72216320 0.14218110
4.30396414 0.14378159
4.58461809 0.17036903
3.82373881 0.46565148
3.49550247 0.36260304
3.82373881 0.28662333
3.49550247 0.22564985
3.82373881 0.17365760
3.49550247 0.16026609
4.35283947 0.46028996
4.29244614 0.43680856
4.35283947 0.31437317
4.29244614 0.31140688
4.35283947 0.13565721
4.29244614 0.14613290
4.59413290 0.48388517
4.17555285 0.42588279
2.16779375 0.28763494
4.59413290 0.29420263
4.17555285 0.24255383
2.16779375 0.10026434
4.59413290 0.12207965
4.17555285 0.13159016
2.16779375 0.20074858
4.48696232 0.47340003
3.20888042 0.39856601
4.48696232 0.29131544
3.20888042 0.17197569
4.48696232 0.12842734
3.20888042 0.16409741
3.44968796 0.37247217
3.78493094 0.46139750
3.44968796 0.19884236
3.78493094 0.25191298
3.44968796 0.15033256
3.78493094 0.17019284
4.55751038 0.48030126
4.65047789 0.55671149
3.93717670 0.39600649
4.55751038 0.31707472
4.65047789 0.31092367
3.93717670 0.22977096
4.55751038 0.13016279
4.65047789 0.15511046
3.93717670 0.13882761
4.39180326 0.44610414
3.44361305 0.42409039
4.39180326 0.35061944
3.44361305 0.23654218
4.39180326 0.15358940
3.44361305 0.17528826
3.72437954 0.39907911
4.29191685 0.42836860
4.59508896 0.55058932
3.72437954 0.24158366
4.29191685 0.32352200
4.59508896 0.35748005
3.72437954 0.14248700
4.29191685 0.14407220
4.59508896 0.17109960
3.44790339 0.37229964
3.78825116 0.46176136
3.44790339 0.19842739
3.78825116 0.25221214
3.44790339 0.15017231
3.78825116 0.16996871
4.15646315 0.42409965
4.14924908 0.50141364
4.15646315 0.23187453
4.14924908 0.22892319
4.15646315 0.13195154
4.14924908 0.14619575
4.17382908 0.50411946
3.63883519 0.37589300
4.17382908 0.27078357
3.63883519 0.20190047
4.17382908 0.16125958
3.63883519 0.14650446
3.15972161 0.39323696
3.26929688 0.34169474
3.15972161 0.15174019
3.26929688 0.13901481
3.15972161 0.15783924
3.26929688 0.14839105
4.47311401 0.44494125
2.14385843 0.28515470
4.47311401 0.34876916
2.14385843 0.12933247
4.47311401 0.14767422
2.14385843 0.22179210
4.07028246 0.49272558
4.07028246 0.21931414
4.07028246 0.14864911
4.48933315 0.47363189
3.20693493 0.39835498
4.48933315 0.29128519
3.20693493 0.17165703
4.48933315 0.12828836
3.20693493 0.16395538
2.16649508 0.28750026
4.14073896 0.41456246
4.26542377 0.43428180
2.16649508 0.09090048
4.14073896 0.19655029
4.26542377 0.22040729
2.16649508 0.19420855
4.14073896 0.12647207
4.26542377 0.13011588
4.32666016 0.45773268
2.22170162 0.29323775
4.32666016 0.19225949
2.22170162 0.07920814
4.32666016 0.11810893
2.22170162 0.18335640
2.26774979 0.29804093
3.53401732 0.36617121
2.26774979 0.13952987
3.53401732 0.23313959
2.26774979 0.21093233
3.53401732 0.15606348
3.80899835 0.46403542
4.47149754 0.44479331
4.13188076 0.42180395
3.80899835 0.21407039
4.47149754 0.25137708
4.13188076 0.23597956
3.80899835 0.14956300
4.47149754 0.12816705
4.13188076 0.13749775
4.08183765 0.49399647
3.42759538 0.34977019
4.08183765 0.25933966
3.42759538 0.17535287
4.08183765 0.15507306
3.42759538 0.15120967
2.88166046 0.36322162
3.83173537 0.38641211
4.37642336 0.44466472
2.88166046 0.19120258
3.83173537 0.25302789
4.37642336 0.35213503
2.88166046 0.18209834
3.83173537 0.15078902
4.37642336 0.15720126
4.25045443 0.51834422
2.13353395 0.25862402
2.03850865 0.25614330
4.25045443 0.35534728
2.13353395 0.13142084
2.03850865 0.12960492
4.25045443 0.15976183
2.13353395 0.21233429
2.03850865 0.22025825
3.64496112 0.37956962
2.09480572 0.28317708
3.71092367 0.41047731
3.64496112 0.30912986
2.09480572 0.15718536
3.71092367 0.30419081
3.64496112 0.15338264
2.09480572 0.22721176
3.71092367 0.17151426
3.33906531 0.35090128
2.16102624 0.29009780
4.48616791 0.48719218
3.33906531 0.16855399
2.16102624 0.10760609
4.48616791 0.25230590
3.33906531 0.14564568
2.16102624 0.19858547
4.48616791 0.13369825
4.18163776 0.43016219
4.05669403 0.45479265
3.15192413 0.39675531
4.18163776 0.24645720
4.05669403 0.22086816
3.15192413 0.16645439
4.18163776 0.13251667
4.05669403 0.14726628
3.15192413 0.16346599
3.12618184 0.39393529
3.61114550 0.38239399
4.12815285 0.46200702
4.14249420 0.45309642
3.12618184 0.17313178
3.61114550 0.20034085
4.12815285 0.25128090
4.14249420 0.24124192
3.12618184 0.15756963
3.61114550 0.13853954
4.12815285 0.14796163
4.14249420 0.14651990
3.87747860 0.42689517
3.87747860 0.27351788
3.87747860 0.16077854
3.67166877 0.40661404
4.55011320 0.50472003
3.67166877 0.22496378
4.55011320 0.32828215
3.67166877 0.16352668
4.55011320 0.17183171
3.97309446 0.41700009
4.58083868 0.49660420
3.97309446 0.21288770
4.58083868 0.23326902
3.97309446 0.13233204
4.58083868 0.13524503
4.05177879 0.49621519
4.15607691 0.43454984
4.05177879 0.20306401
4.15607691 0.20911093
4.05177879 0.13624237
4.15607691 0.12275580
4.44959974 0.46276376
3.05539250 0.35457051
4.36370611 0.44739127
4.08315420 0.49970666
4.44959974 0.36196396
3.05539250 0.20065354
4.36370611 0.35268340
4.08315420 0.31036755
4.44959974 0.13668795
3.05539250 0.16904421
4.36370611 0.13796014
4.08315420 0.16284321
3.16448331 0.36538717
3.16448331 0.16977663
3.16448331 0.16288221
4.01665068 0.49230751
3.32583714 0.37269816
3.62402034 0.38362217
2.11916757 0.26371422
4.01665068 0.28089395
3.32583714 0.20184122
3.62402034 0.23260282
2.11916757 0.12220839
4.01665068 0.16629815
3.32583714 0.16586213
3.62402034 0.15203185
2.11916757 0.21688668
4.61690998 0.50019240
3.94571662 0.40788260
4.62710953 0.51253229
3.73493624 0.46103153
4.61690998 0.24638879
3.94571662 0.23079412
4.62710953 0.26125321
3.73493624 0.21788721
4.61690998 0.13784459
3.94571662 0.13317190
4.62710953 0.13868399
3.73493624 0.14813372
4.18151283 0.43015036
4.05401182 0.45452201
3.15359354 0.39693832
4.18151283 0.24651337
4.05401182 0.22068115
3.15359354 0.16665563
4.18151283 0.13254346
4.05401182 0.14730394
3.15359354 0.16347675
4.20280695 0.43903676
3.98674679 0.44773710
4.10698795 0.42310658
4.05074310 0.49609995
4.20280695 0.27701309
3.98674679 0.25426558
4.10698795 0.26665258
4.05074310 0.26649651
4.20280695 0.13172995
3.98674679 0.14455822
4.10698795 0.13184650
4.05074310 0.14624390
3.57883120 0.37931255
4.04759645 0.45387468
3.57883120 0.22448319
4.04759645 0.29308313
3.57883120 0.15408736
4.04759645 0.16738896
4.45129776 0.46292713
3.05850458 0.35487863
4.36195803 0.44722572
4.08022070 0.49938020
4.45129776 0.36216077
3.05850458 0.20092012
4.36195803 0.35226223
4.08022070 0.30990863
4.45129776 0.13667309
3.05850458 0.16897519
4.36195803 0.13792156
4.08022070 0.16278185
4.02406120 0.49313173
4.09865522 0.44875622
3.29407406 0.35222772
3.17542839 0.36647415
4.02406120 0.21256620
4.09865522 0.19741134
3.29407406 0.14186443
3.17542839 0.14697126
4.02406120 0.14277209
4.09865522 0.14022438
3.29407406 0.14738020
3.17542839 0.15566300
3.49119425 0.36514044
3.10505199 0.39162183
3.49119425 0.24481642
3.10505199 0.22003929
3.49119425 0.15708382
3.10505199 0.17515163
4.18051147 0.43005571
4.05496073 0.45461777
3.15236926 0.39680409
4.18051147 0.24657716
4.05496073 0.22089887
3.15236926 0.16663745
4.18051147 0.13262486
4.05496073 0.14740680
3.15236926 0.16357769
3.17209530 0.36614308
3.17209530 0.17020510
3.17209530 0.16263029
4.15086174 0.46430096
4.00237465 0.49071988
4.15086174 0.28096095
4.00237465 0.27004641
4.15086174 0.15481625
4.00237465 0.15634300
4.52256155 0.46244559
2.07716417 0.28133997
4.18496943 0.46774736
2.12380338 0.25772452
4.52256155 0.22960038
2.07716417 0.07754025
4.18496943 0.20161921
2.12380338 0.07577369
4.52256155 0.11617776
2.07716417 0.19421357
4.18496943 0.12726183
2.12380338 0.19098724
3.11730933 0.39296374
3.60852218 0.38214383
4.12389374 0.46157685
4.13430882 0.45228589
3.11730933 0.17266347
3.60852218 0.20049351
4.12389374 0.25119707
4.13430882 0.24094002
3.11730933 0.15797092
3.60852218 0.13877174
4.12389374 0.14830601
4.13430882 0.14690621
4.04252577 0.49518570
4.15359259 0.43431136
4.04252577 0.20240317
4.15359259 0.20899834
4.04252577 0.13636045
4.15359259 0.12281812
3.12279224 0.39356408
3.60825324 0.38211814
4.12678576 0.46186897
4.13979053 0.45282868
3.12279224 0.17312379
3.60825324 0.20046069
4.12678576 0.25154379
4.13979053 0.24141692
3.12279224 0.15784943
3.60825324 0.13874741
4.12678576 0.14827120
4.13979053 0.14685112
3.37610579 0.42138562
4.12873840 0.46206614
2.02359366 0.24850994
3.37610579 0.27388960
4.12873840 0.37030444
2.02359366 0.13525969
3.37610579 0.18524671
4.12873840 0.18085869
2.02359366 0.23465757
4.17215967 0.50961804
2.02337885 0.24849027
3.33698845 0.38255361
4.17215967 0.19283026
2.02337885 0.07146736
3.33698845 0.13323940
4.17215967 0.13437231
2.02337885 0.19941138
3.33698845 0.14665452
3.78052354 0.41733298
2.08573389 0.26056880
3.78052354 0.35569036
2.08573389 0.17572121
3.78052354 0.18361370
2.08573389 0.25698534
4.53379583 0.49192634
4.35311413 0.45348164
2.15789509 0.26736981
4.53379583 0.30741754
4.35311413 0.32485452
2.15789509 0.12425915
4.53379583 0.14378031
4.35311413 0.13464445
2.15789509 0.20991772
4.01607323 0.49224329
3.33504748 0.37359831
3.61774492 0.38302350
2.13108110 0.26483741
4.01607323 0.28068420
3.33504748 0.20265652
3.61774492 0.23180328
2.13108110 0.12300541
4.01607323 0.16626681
3.33504748 0.16579767
3.61774492 0.15202056
2.13108110 0.21630715
4.50293446 0.48885855
2.16993594 0.26850894
4.50293446 0.34971264
2.16993594 0.14175437
4.50293446 0.15988596
2.16993594 0.21903165
4.62138557 0.44559404
2.03685045 0.26840070
4.62138557 0.29196003
2.03685045 0.09405016
4.62138557 0.13214725
2.03685045 0.22404033
4.40184975 0.42559192
2.11555290 0.27301222
3.00231767 0.36803594
4.40184975 0.37401149
2.11555290 0.13081135
3.00231767 0.20199625
4.40184975 0.13950677
2.11555290 0.22076158
3.00231767 0.17551565
2.18762612 0.28030545
2.18762612 0.09655026
2.18762612 0.20318200
3.58165836 0.37035787
3.84683537 0.37680659
4.55004787 0.53343129
4.03815794 0.47482654
3.58165836 0.39401388
3.84683537 0.42555079
4.55004787 0.56444567
4.03815794 0.51146978
3.58165836 0.19850719
3.84683537 0.19844364
4.55004787 0.21532142
4.03815794 0.22769088
4.24627924 0.43214056
3.36986566 0.33477116
3.56770372 0.42799261
4.24627924 0.35000965
3.36986566 0.21849483
3.56770372 0.25362274
4.24627924 0.17258252
3.36986566 0.18941061
3.56770372 0.19181955
3.42723608 0.41303071
3.97927547 0.46852255
3.42723608 0.25967336
3.97927547 0.33248198
3.42723608 0.19104795
3.97927547 0.18983924
4.26099396 0.43351376
4.54499865 0.43878868
4.53580189 0.53189462
2.71933961 0.33508369
4.26099396 0.26733133
4.54499865 0.27593929
4.53580189 0.26473510
2.71933961 0.13602285
4.26099396 0.13203257
4.54499865 0.12853812
4.53580189 0.14508794
2.71933961 0.17527862
4.20087862 0.42790493
4.44823408 0.51883221
4.18206167 0.40651348
4.30492783 0.40929648
4.20087862 0.21445547
4.44823408 0.22249866
4.18206167 0.22206642
4.30492783 0.22139533
4.20087862 0.12979253
4.44823408 0.13866560
4.18206167 0.13101977
4.30492783 0.12739837
3.10251141 0.37528339
3.82769585 0.45577595
4.63501930 0.43804336
3.10251141 0.19522537
3.82769585 0.28005314
4.63501930 0.36344764
3.10251141 0.17054658
3.82769585 0.16910706
4.63501930 0.13953428
4.36113548 0.44286418
4.56365728 0.53124660
3.48829174 0.34517756
3.91890621 0.46554711
4.36113548 0.38927844
4.56365728 0.38151193
3.48829174 0.25258732
3.91890621 0.31326142
4.36113548 0.16384591
4.56365728 0.17777269
3.48829174 0.17298304
3.91890621 0.18709695
3.91355276 0.46149123
4.28175783 0.41536877
3.53668070 0.42468500
3.91355276 0.43215963
4.28175783 0.52447569
3.53668070 0.34957445
3.91355276 0.24100290
4.28175783 0.22358648
3.53668070 0.23955075
3.77508211 0.37046370
2.13333750 0.27809730
3.77508211 0.30672172
2.13333750 0.14595260
3.77508211 0.17282110
2.13333750 0.25150689
3.55330801 0.36773503
4.44998217 0.43032929
3.73712254 0.36008012
4.38314724 0.42393044
3.55330801 0.33240291
4.44998217 0.51172322
3.73712254 0.35995629
4.38314724 0.49874130
3.55330801 0.18993771
4.44998217 0.17911005
3.73712254 0.17663753
4.38314724 0.18278068
3.99573278 0.47378621
3.76228023 0.36225310
3.99573278 0.38692889
3.76228023 0.32962143
3.99573278 0.20543392
3.76228023 0.17702788
4.13839245 0.48556685
2.79476047 0.34624287
4.35620785 0.41375673
4.13839245 0.28057793
2.79476047 0.15942809
4.35620785 0.29044089
4.13839245 0.15641640
2.79476047 0.18362610
4.35620785 0.14334306
4.22599363 0.43024778
3.29374027 0.32193610
3.83660626 0.37551782
4.22599363 0.45314482
3.29374027 0.29460034
3.83660626 0.36970901
4.22599363 0.17910671
3.29374027 0.18467982
3.83660626 0.18444677
4.30212021 0.43735275
3.39402509 0.33053556
4.47693396 0.52554661
3.71891713 0.36513495
4.30212021 0.39398348
3.39402509 0.26162341
4.47693396 0.39439070
3.71891713 0.28806010
4.30212021 0.15386787
3.39402509 0.16226362
4.47693396 0.17915255
3.71891713 0.16096257
4.30205536 0.40904674
3.91232634 0.46136010
4.53345060 0.43729058
4.54971457 0.53339535
4.30205536 0.31414881
3.91232634 0.26144668
4.53345060 0.31005958
4.54971457 0.29066113
4.30205536 0.14907046
3.91232634 0.15999401
4.53345060 0.15024997
4.54971457 0.16614695
4.21460056 0.40144548
3.35494113 0.33314741
3.89620781 0.45963648
3.35165882 0.40499675
4.03604937 0.41254392
4.21460056 0.26727113
3.35494113 0.15938313
3.89620781 0.23669837
3.35165882 0.17485504
4.03604937 0.23895383
4.21460056 0.12910052
3.35494113 0.15206762
3.89620781 0.14451952
3.35165882 0.16107160
4.03604937 0.13227712
3.91165400 0.46128818
4.28355694 0.41552866
3.53754902 0.42477754
3.91165400 0.43218854
4.28355694 0.52552414
3.53754902 0.34999561
3.91165400 0.24136125
4.28355694 0.22405726
3.53754902 0.23997281
3.31212282 0.34547484
4.28150940 0.41534665
4.13991117 0.39495921
4.06763029 0.47798344
4.19124985 0.40689966
3.31212282 0.15787840
4.28150940 0.25446033
4.13991117 0.24227567
4.06763029 0.25341740
4.19124985 0.25585663
3.31212282 0.15134086
4.28150940 0.13033694
4.13991117 0.13102479
4.06763029 0.14572011
4.19124985 0.13388152
4.06787920 0.48153016
4.18437290 0.39881980
4.04081631 0.47511128
4.06787920 0.23698910
4.18437290 0.26003620
4.04081631 0.23439430
4.06787920 0.15339242
4.18437290 0.13821737
4.04081631 0.15373744
3.67203045 0.36100349
3.88930464 0.45889843
2.05043221 0.26976049
3.67203045 0.24553186
3.88930464 0.29761213
2.05043221 0.11839209
3.67203045 0.15698428
3.88930464 0.17129771
2.05043221 0.24558264
4.40490913 0.41799471
3.60765576 0.35533586
3.22861505 0.38860324
4.02215099 0.47662106
3.60192776 0.37223387
4.40490913 0.35387456
3.60765576 0.23566504
3.22861505 0.22169761
4.02215099 0.29651788
3.60192776 0.23680252
4.40490913 0.13347189
3.60765576 0.14910571
3.22861505 0.16546363
4.02215099 0.15916619
3.60192776 0.14540035
4.42942905 0.42012915
3.28046799 0.39409098
4.42942905 0.34308350
3.28046799 0.20139037
4.42942905 0.14540331
3.28046799 0.17771906
4.10187054 0.39939705
4.49495029 0.43386677
2.16322088 0.28111684
4.10187054 0.20576550
4.49495029 0.24340034
2.16322088 0.08341131
4.10187054 0.13148828
4.49495029 0.13244760
2.16322088 0.20366943
4.14282894 0.48604253
2.09033728 0.27376568
4.14282894 0.35520220
2.09033728 0.13629048
4.14282894 0.17792992
2.09033728 0.23940437
4.20440102 0.40806580
2.99805212 0.36428034
2.12012577 0.27676475
4.20440102 0.24406402
2.99805212 0.14689369
2.12012577 0.09380383
4.20440102 0.13335343
2.99805212 0.16363072
2.12012577 0.21364512
2.18530512 0.28006998
2.18530512 0.14652678
2.18530512 0.23314077
2.12126017 0.27358827
3.85935473 0.45916617
2.12126017 0.08457536
3.85935473 0.19280201
2.12126017 0.20003815
3.85935473 0.13646846
4.16029930 0.40415585
2.11694741 0.27315295
4.01136017 0.47546303
4.13791370 0.42203388
4.16029930 0.24451797
2.11694741 0.10116584
4.01136017 0.23036368
4.13791370 0.24125357
4.16029930 0.12524830
2.11694741 0.20606881
4.01136017 0.13617559
4.13791370 0.12347782
2.15363050 0.27686042
4.37431288 0.44409522
2.15363050 0.15185481
4.37431288 0.41147053
2.15363050 0.23417498
4.37431288 0.14846964
4.02208662 0.38474664
2.02436113 0.27226987
4.67304230 0.50201994
4.02208662 0.28048763
2.02436113 0.11949136
4.67304230 0.39164779
4.02208662 0.14956392
2.02436113 0.23624869
4.67304230 0.15112120
2.12865734 0.32267246
4.42107201 0.41947210
2.12865734 0.13079868
4.42107201 0.38586685
2.12865734 0.22871184
4.42107201 0.13851871
3.69780731 0.40915179
3.05415988 0.43681684
4.11039162 0.49697292
4.45226622 0.42026293
3.69780731 0.23157842
3.05415988 0.18290316
4.11039162 0.29443994
4.45226622 0.32815233
3.69780731 0.14090975
3.05415988 0.16546078
4.11039162 0.15223466
4.45226622 0.12671854
4.44285059 0.41944563
4.57986593 0.46345678
2.07836032 0.29862049
4.36893225 0.43479362
4.30902290 0.47080457
4.44285059 0.23651947
4.57986593 0.25271180
2.07836032 0.08392256
4.36893225 0.21413277
4.30902290 0.24328877
4.44285059 0.11717582
4.57986593 0.11583039
2.07836032 0.20355010
4.36893225 0.11814491
4.30902290 0.12016875
2.08670139 0.29954943
3.76568103 0.38741198
2.08670139 0.14050794
3.76568103 0.28937933
2.08670139 0.24355161
3.76568103 0.14692365
2.07829547 0.29861325
3.77575088 0.38056293
4.41071224 0.48109603
4.14367437 0.57468778
2.07829547 0.12796998
3.77575088 0.25295535
4.41071224 0.40359029
4.14367437 0.33752096
2.07829547 0.23455296
3.77575088 0.14352684
4.41071224 0.14391743
4.14367437 0.16802175
4.16975737 0.42075899
2.07595229 0.29835242
4.04860735 0.49016571
3.52655053 0.35789692
4.34600782 0.46929643
3.08387208 0.44054207
4.16975737 0.21173902
2.07595229 0.08746282
4.04860735 0.20948714
3.52655053 0.14288844
4.34600782 0.23294400
3.08387208 0.13714881
4.16975737 0.12694450
2.07595229 0.19224195
4.04860735 0.13882293
3.52655053 0.14127846
4.34600782 0.12466568
3.08387208 0.15998131
4.49388981 0.45072952
2.09218097 0.30016002
2.88819385 0.36352253
3.92338347 0.39402714
3.63602901 0.39859536
4.21601391 0.58390945
4.49388981 0.37588096
2.09218097 0.13293467
2.88819385 0.19413261
3.92338347 0.27046910
3.63602901 0.25025120
4.21601391 0.33682895
4.49388981 0.14973517
2.09218097 0.24038573
2.88819385 0.18457401
3.92338347 0.14949061
3.63602901 0.15954381
4.21601391 0.18533170
2.15209627 0.30685452
4.02906179 0.48801324
4.55810022 0.45215169
4.31348944 0.46604708
4.25285578 0.43284187
2.15209627 0.09252661
4.02906179 0.21815912
4.55810022 0.24679023
4.31348944 0.24159215
4.25285578 0.24866615
2.15209627 0.19580545
4.02906179 0.13216972
4.55810022 0.11494312
4.31348944 0.11814850
4.25285578 0.11745142
4.44039583 0.44577730
3.75513864 0.35996434
4.08282089 0.41695836
3.18438959 0.39556691
4.54114246 0.58601010
3.88416481 0.54166043
4.44039583 0.41508937
3.75513864 0.30106395
4.08282089 0.33538318
3.18438959 0.23968475
4.54114246 0.42633021
3.88416481 0.35045815
4.44039583 0.15888378
3.75513864 0.15936702
4.08282089 0.15474258
3.18438959 0.18270510
4.54114246 0.19138055
3.88416481 0.18482971
4.60098600 0.43318042
4.34770727 0.41307673
3.53255892 0.36577162
3.06440687 0.41153482
4.60098600 0.29293141
4.34770727 0.26619747
3.53255892 0.16736054
3.06440687 0.16332041
4.60098600 0.13112403
4.34770727 0.13234012
3.53255892 0.14924349
3.06440687 0.17091912
4.24805117 0.42799005
4.26557112 0.40407059
4.56315660 0.43186930
4.56681776 0.46223369
2.06704187 0.27665988
4.37164164 0.47185838
3.94718885 0.54967302
4.24805117 0.21765868
4.26557112 0.22607844
4.56315660 0.25423154
4.56681776 0.24678630
2.06704187 0.08162927
4.37164164 0.22739403
3.94718885 0.20317824
4.24805117 0.13663483
4.26557112 0.13341434
4.56315660 0.13543384
4.56681776 0.13171707
2.06704187 0.19110180
4.37164164 0.13529919
3.94718885 0.15196380
4.14480639 0.41845575
3.41118574 0.33042064
4.59215546 0.46460891
4.18606949 0.50531691
4.55371428 0.58750808
4.33603287 0.47353733
2.89155173 0.41647866
4.14480639 0.26273552
3.41118574 0.18525986
4.59215546 0.32322735
4.18606949 0.26620856
4.55371428 0.31281194
4.33603287 0.31581089
2.89155173 0.16419920
4.14480639 0.13808762
3.41118574 0.15473878
4.59215546 0.13219774
4.18606949 0.15018854
4.55371428 0.15803537
4.33603287 0.13891493
2.89155173 0.17789991
3.57389569 0.39670584
4.01452398 0.55823988
3.78372669 0.36242712
3.55753207 0.46937874
3.57389569 0.30488446
4.01452398 0.39064455
3.78372669 0.31583878
3.55753207 0.31051090
3.57389569 0.17139284
4.01452398 0.20341869
3.78372669 0.16088207
3.55753207 0.18895829
3.54187036 0.34317055
4.47247171 0.45339349
3.89861965 0.47366056
3.63771081 0.51038605
3.54187036 0.23222941
4.47247171 0.35670921
3.89861965 0.27872631
3.63771081 0.30712748
3.54187036 0.16779613
4.47247171 0.15294160
3.89861965 0.16001540
3.63771081 0.17178881
4.05819559 0.52858728
3.73822355 0.52312893
3.81377459 0.39188528
3.78775716 0.36442399
4.05819559 0.45017299
3.73822355 0.42727911
3.81377459 0.36000058
3.78775716 0.37207541
4.05819559 0.22171581
3.73822355 0.19460183
3.81377459 0.16762502
3.78775716 0.17037575
4.24104071 0.46392921
4.40476418 0.41805014
4.48588800 0.53843385
4.09403038 0.40961921
2.83877254 0.38529161
4.13350630 0.57339203
4.24104071 0.26460254
4.40476418 0.26326352
4.48588800 0.25154093
4.09403038 0.21369475
2.83877254 0.13498114
4.13350630 0.24060975
4.24104071 0.12613285
4.40476418 0.12447092
4.48588800 0.13460577
4.09403038 0.12497818
2.83877254 0.16846924
4.13350630 0.13720149
3.51006770 0.39030337
3.35119939 0.41371605
4.16326857 0.54105848
3.51006770 0.28438368
3.35119939 0.27214777
4.16326857 0.40181661
3.51006770 0.17138439
3.35119939 0.18442224
4.16326857 0.20835602
2.87913632 0.41492948
4.46623516 0.44371888
4.12096882 0.53603619
4.49560118 0.53950822
3.66088033 0.35344723
2.87913632 0.19678897
4.46623516 0.35275066
4.12096882 0.31526798
4.49560118 0.33874774
3.66088033 0.25362837
2.87913632 0.17908321
4.46623516 0.13446398
4.12096882 0.17255372
4.49560118 0.15482406
3.66088033 0.14376046
3.31051397 0.37032828
4.04106140 0.56161773
4.09206295 0.49495304
4.14158392 0.39333317
4.13608646 0.53783089
3.31051397 0.16124974
4.04106140 0.24263544
4.09206295 0.23953402
4.14158392 0.23384874
4.13608646 0.25029138
3.31051397 0.14287908
4.04106140 0.14124399
4.09206295 0.13517179
4.14158392 0.12078352
4.13608646 0.14179516
4.10546398 0.53419590
3.03646398 0.43459940
4.21954966 0.42972860
4.20333672 0.40050435
4.10546398 0.26390442
3.03646398 0.17057802
4.21954966 0.25829640
4.20333672 0.26813811
4.10546398 0.14232545
3.03646398 0.15634488
4.21954966 0.11932003
4.20333672 0.12143862
3.27195692 0.43580964
3.91652751 0.54577416
4.02638721 0.48771870
4.47862005 0.48255607
4.48117733 0.45420888
3.27195692 0.21665275
3.91652751 0.29083821
4.02638721 0.29472885
4.47862005 0.35295105
4.48117733 0.37034595
3.27195692 0.16611876
3.91652751 0.15669309
4.02638721 0.14989302
4.47862005 0.12975776
4.48117733 0.12672485
4.14082050 0.45380083
2.11562443 0.28167740
4.33960199 0.46865621
4.14082050 0.34912154
2.11562443 0.13077709
4.33960199 0.34557405
4.14082050 0.16231604
2.11562443 0.23853074
4.33960199 0.16096510
4.20407438 0.46019229
4.05880117 0.52865911
3.99504352 0.55576080
3.14001513 0.39075038
4.22008896 0.45671949
4.20407438 0.26292089
4.05880117 0.23689675
3.99504352 0.23625135
3.14001513 0.16537081
4.22008896 0.24815507
4.20407438 0.12274463
4.05880117 0.14159201
3.99504352 0.13842952
3.14001513 0.14897488
4.22008896 0.12007747
3.69501066 0.40887067
3.05733967 0.43721536
4.11124325 0.49706677
4.44844770 0.41993150
3.69501066 0.23106374
3.05733967 0.18315177
4.11124325 0.29430753
4.44844770 0.32727507
3.69501066 0.14082588
3.05733967 0.16528334
4.11124325 0.15206330
4.44844770 0.12660523
3.64712644 0.37265685
4.45979691 0.42091668
4.06459808 0.52934682
2.07870913 0.27786291
4.61277819 0.45717368
3.82658482 0.41751540
3.05077147 0.43639216
3.64712644 0.23573893
4.45979691 0.38383356
4.06459808 0.32296667
2.07870913 0.12368446
4.61277819 0.35775444
3.82658482 0.25771284
3.05077147 0.19879271
3.64712644 0.16350187
4.45979691 0.15260769
4.06459808 0.18327928
2.07870913 0.22909403
4.61277819 0.15028799
3.82658482 0.15539800
3.05077147 0.18579566
4.33745527 0.43625391
2.85852551 0.38758209
2.10904813 0.28099698
4.25682306 0.42451939
3.43820310 0.37900841
4.19413090 0.58111924
4.33745527 0.22800493
2.85852551 0.12928362
2.10904813 0.08909797
4.25682306 0.20793951
3.43820310 0.14202012
4.19413090 0.21749614
4.33745527 0.13293813
2.85852551 0.17489159
2.10904813 0.19198717
4.25682306 0.13006167
3.43820310 0.15084031
4.19413090 0.15094204
4.34662151 0.47460878
4.00593615 0.52238977
2.14637685 0.28486410
3.79953480 0.41482675
4.34662151 0.37177232
4.00593615 0.30105200
2.14637685 0.12919469
3.79953480 0.25460216
4.34662151 0.14461784
4.00593615 0.18381189
2.14637685 0.21898220
3.79953480 0.14631879
3.41921854 0.35179365
4.28611469 0.40585101
4.08121109 0.53131783
3.04765439 0.38074219
4.43145180 0.44052753
4.26564789 0.46126834
2.09512401 0.31863806
3.41921854 0.13861884
4.28611469 0.24843784
4.08121109 0.22470488
3.04765439 0.13666396
4.43145180 0.23114051
4.26564789 0.22019003
2.09512401 0.08617976
3.41921854 0.15258987
4.28611469 0.13345681
4.08121109 0.15422033
3.04765439 0.16345178
4.43145180 0.13103341
4.26564789 0.13285829
2.09512401 0.19446971
3.81590462 0.38815561
3.61740613 0.34811369
4.18042707 0.50469458
4.48845196 0.48896906
2.12032652 0.32166922
3.81590462 0.27166811
3.61740613 0.26544669
4.18042707 0.33953071
4.48845196 0.42208162
2.12032652 0.13773964
3.81590462 0.15634649
3.61740613 0.15903936
4.18042707 0.17778604
4.48845196 0.15309785
2.12032652 0.23502646
3.72605419 0.37990007
3.07004976 0.41219321
4.08070183 0.49370119
3.76583242 0.37965927
4.55365658 0.49006489
2.06147575 0.31460041
3.72605419 0.24810745
3.07004976 0.21349145
4.08070183 0.31897882
3.76583242 0.25273371
4.55365658 0.37788078
2.06147575 0.12408619
3.72605419 0.15062790
3.07004976 0.18941562
4.08070183 0.17043740
3.76583242 0.15232389
4.55365658 0.14451756
2.06147575 0.23384528
2.15831971 0.32624948
4.36645174 0.43456623
4.41618013 0.44353628
4.10541153 0.53418970
4.02379322 0.38489485
2.15831971 0.09259599
4.36645174 0.23080607
4.41618013 0.23333603
4.10541153 0.21686155
4.02379322 0.22446088
2.15831971 0.18856390
4.36645174 0.11673561
4.41618013 0.11772058
4.10541153 0.13838628
4.02379322 0.12120409
4.45062208 0.50429767
2.05865884 0.30285469
4.68942642 0.49069536
2.18984437 0.31663296
3.19322562 0.40134573
4.45062208 0.36117026
2.05865884 0.12608571
4.68942642 0.41530082
2.18984437 0.12971561
3.19322562 0.20651728
4.45062208 0.14007579
2.05865884 0.22732438
4.68942642 0.14194913
2.18984437 0.22145008
3.19322562 0.17066590
4.17726088 0.55283624
2.05624771 0.27890155
4.17726088 0.36447001
2.05624771 0.13860823
4.17726088 0.18977726
2.05624771 0.24558187
4.16146946 0.47384369
4.50397825 0.47020873
4.24530077 0.56107980
2.17358279 0.29119200
4.16146946 0.28656897
4.50397825 0.34389630
4.24530077 0.29305235
2.17358279 0.12062973
4.16146946 0.14510369
4.50397825 0.13597988
4.24530077 0.16863215
2.17358279 0.21207859
3.13327694 0.42726099
2.12119007 0.28568923
3.13327694 0.12912036
2.12119007 0.08065250
3.13327694 0.15255192
2.12119007 0.19808306
2.16461015 0.29024801
3.49235487 0.47021797
3.59398341 0.41431907
4.12304211 0.54967982
2.16461015 0.13187909
3.49235487 0.23833598
3.59398341 0.23778932
4.12304211 0.31893575
2.16461015 0.22260207
3.49235487 0.17963304
3.59398341 0.16141601
4.12304211 0.17661971
3.84964848 0.47395813
4.46177387 0.46613136
4.17294645 0.44741154
3.84964848 0.29556590
4.46177387 0.40538523
4.17294645 0.36414692
3.84964848 0.16585882
4.46177387 0.15385956
4.17294645 0.16037704
4.10431480 0.54739338
4.19050932 0.43995872
3.14366293 0.42849889
3.29313087 0.36158779
4.24167156 0.43179631
4.10431480 0.22328715
4.19050932 0.22671501
3.14366293 0.15497813
3.29313087 0.15242718
4.24167156 0.24875683
4.10431480 0.14364454
4.19050932 0.12318171
3.14366293 0.15793960
3.29313087 0.14396740
4.24167156 0.12457287
4.64324331 0.56257564
2.67945361 0.37538072
4.03169632 0.42678562
3.49931574 0.37361303
3.67654490 0.49236134
4.30631876 0.46050143
4.64324331 0.24532323
2.67945361 0.11433554
4.03169632 0.20300722
3.49931574 0.14687423
3.67654490 0.17619233
4.30631876 0.23534928
4.64324331 0.13862275
2.67945361 0.16979544
4.03169632 0.12871487
3.49931574 0.14107020
3.67654490 0.14643292
4.30631876 0.12660915
3.39319515 0.42337582
4.40435982 0.46295357
4.07091570 0.54331654
3.88454294 0.41052005
4.45442581 0.50469881
3.39319515 0.25778165
4.40435982 0.42858279
4.07091570 0.36653772
3.88454294 0.32368636
4.45442581 0.41039801
3.39319515 0.19417976
4.40435982 0.17133386
4.07091570 0.20491762
3.88454294 0.16532016
4.45442581 0.17427231
3.81561065 0.47017431
3.82599640 0.43860987
3.98555374 0.40788484
3.81561065 0.29651555
3.82599640 0.28360614
3.98555374 0.29535213
3.81561065 0.19030754
3.82599640 0.16692126
3.98555374 0.15410060
4.64681721 0.52499825
3.78213668 0.50508308
4.22782898 0.45279607
3.52637148 0.36519828
4.64681721 0.27366543
3.78213668 0.20777528
4.22782898 0.26344943
3.52637148 0.15757398
4.64681721 0.12604524
3.78213668 0.14713472
4.22782898 0.12877278
3.52637148 0.14095268
2.15042877 0.31339955
4.35021305 0.45769104
4.15976191 0.43699613
2.31925821 0.33151951
4.19801188 0.44987035
4.60467100 0.55825382
2.15042877 0.12162563
4.35021305 0.33316290
4.15976191 0.30221912
2.31925821 0.13299559
4.19801188 0.32620230
4.60467100 0.34123743
2.15042877 0.21207392
4.35021305 0.13089339
4.15976191 0.13042973
2.31925821 0.20432395
4.19801188 0.13316070
4.60467100 0.14579207
4.09466887 0.50124282
3.98911905 0.53007120
3.81926894 0.43790460
2.88864875 0.40029016
4.09466887 0.31475833
3.98911905 0.30146310
3.81926894 0.26227129
2.88864875 0.19665563
4.09466887 0.16643023
3.98911905 0.17512983
3.81926894 0.15322430
2.88864875 0.18276618
4.55398369 0.51519996
4.23170996 0.45317689
4.10751867 0.54778451
4.50344801 0.45629525
4.55398369 0.25401551
4.23170996 0.24018115
4.10751867 0.22487052
4.50344801 0.25608087
4.55398369 0.13072895
4.23170996 0.12973881
4.10751867 0.14474651
4.50344801 0.12706855
2.82490587 0.36105096
3.95950294 0.52649194
3.43493199 0.39771095
4.12223864 0.54958177
4.47565556 0.45369172
2.82490587 0.12521981
3.95950294 0.20240682
3.43493199 0.14674217
4.12223864 0.22016488
4.47565556 0.25748345
2.82490587 0.16722922
3.95950294 0.14897922
3.43493199 0.15005875
4.12223864 0.14623670
4.47565556 0.12862851
3.85219383 0.51353359
3.63351178 0.39466262
3.86775661 0.39690959
3.85219383 0.27496949
3.63351178 0.24341257
3.86775661 0.25681132
3.85219383 0.16465865
3.63351178 0.14701040
3.86775661 0.13944302
4.17846727 0.44101515
3.98265886 0.53255075
4.19818020 0.55537027
4.43891239 0.45025054
3.94976187 0.48509684
4.17846727 0.23582904
3.98265886 0.21709482
4.19818020 0.22808528
4.43891239 0.23737271
3.94976187 0.20037584
4.17846727 0.12939475
3.98265886 0.14407748
4.19818020 0.14325018
4.43891239 0.12462828
3.94976187 0.14023013
2.96076035 0.40674603
4.37831402 0.46757403
3.68958044 0.38033959
4.00885725 0.49167824
2.96076035 0.19600458
4.37831402 0.37753102
3.68958044 0.24176519
4.00885725 0.29546663
2.96076035 0.18126599
4.37831402 0.14625324
3.68958044 0.14761561
4.00885725 0.17007726
3.48995256 0.37447551
2.80600762 0.39042911
4.44244957 0.46426490
3.48995256 0.24251616
2.80600762 0.18898939
4.44244957 0.37539235
3.48995256 0.16855717
2.80600762 0.19240524
4.44244957 0.15475856
3.80197453 0.46865892
4.25501919 0.44844493
4.03022146 0.53835130
4.10698223 0.43191275
4.35961771 0.49470553
4.51774406 0.45763469
3.80197453 0.25174272
4.25501919 0.33716407
4.03022146 0.29926088
4.10698223 0.30310884
4.35961771 0.32720345
4.51774406 0.33490291
3.80197453 0.16789345
4.25501919 0.15171531
4.03022146 0.17813180
4.10698223 0.15126134
4.35961771 0.16044801
4.51774406 0.14741264
4.63879156 0.56207681
4.30530453 0.46040186
4.12956381 0.55047625
4.63879156 0.43009269
4.30530453 0.42507544
4.12956381 0.39284536
4.63879156 0.17915161
4.30530453 0.16379379
4.12956381 0.19974387
4.58921003 0.55652189
4.04977751 0.42853749
2.83665514 0.39408311
4.58921003 0.24061050
4.04977751 0.21433179
2.83665514 0.12840725
4.58921003 0.13418119
4.04977751 0.12526040
2.83665514 0.16279627
4.23347950 0.48142126
3.13059759 0.42929390
2.13381934 0.31023017
2.10158634 0.28363630
4.23347950 0.21515901
3.13059759 0.13845830
2.13381934 0.08468028
2.10158634 0.08395568
4.23347950 0.12617159
3.13059759 0.15350983
2.13381934 0.19092906
2.10158634 0.19616085
4.32575464 0.45531464
4.01997948 0.53710198
4.18293524 0.55352360
3.52537465 0.43798503
4.32575464 0.35237014
4.01997948 0.30840328
4.18293524 0.31288323
3.52537465 0.23424302
4.32575464 0.14392292
4.01997948 0.17105268
4.18293524 0.17194955
3.52537465 0.16599272
4.10427237 0.54738820
4.18877220 0.43979132
3.14218950 0.42832327
3.28968549 0.36125407
4.23805046 0.43145779
4.10427237 0.22370894
4.18877220 0.22704732
3.14218950 0.15516834
3.28968549 0.15248483
4.23805046 0.24888535
4.10427237 0.14390504
4.18877220 0.12335461
3.14218950 0.15816413
3.28968549 0.14416070
4.23805046 0.12475956
4.37663603 0.58068252
2.12932754 0.30971801
2.13285708 0.28691262
4.37663603 0.34416059
2.12932754 0.12983616
2.13285708 0.12747322
4.37663603 0.15963237
2.12932754 0.22209328
2.13285708 0.22371022
2.95650482 0.40624121
4.37866735 0.46760872
3.68929768 0.38031331
4.00109434 0.49081340
2.95650482 0.19586824
4.37866735 0.37828085
3.68929768 0.24224128
4.00109434 0.29494449
2.95650482 0.18157007
4.37866735 0.14649861
3.68929768 0.14779548
4.00109434 0.17035790
3.40531421 0.46242437
4.46034622 0.46599349
2.20247006 0.31807956
3.60290194 0.39168057
4.47351074 0.45349076
4.48350811 0.54468662
3.40531421 0.22645156
4.46034622 0.35846889
2.20247006 0.13517801
3.60290194 0.25900492
4.47351074 0.38769057
4.48350811 0.34046140
3.40531421 0.16161664
4.46034622 0.13103504
2.20247006 0.21050780
3.60290194 0.14441188
4.47351074 0.13205247
4.48350811 0.15293394
4.10305405 0.50217795
3.43851185 0.46375760
4.14010715 0.47159669
4.39527893 0.46207082
2.09314537 0.30680820
4.10305405 0.21199130
3.43851185 0.16033025
4.14010715 0.20949161
4.39527893 0.25377026
2.09314537 0.08976489
4.10305405 0.14176840
3.43851185 0.15682276
4.14010715 0.13094205
4.39527893 0.13005698
2.09314537 0.20618469
4.50234318 0.59226805
3.75505781 0.40002728
2.14400434 0.31265885
4.50234318 0.32665792
3.75505781 0.25053331
2.14400434 0.12870118
4.50234318 0.16514163
3.75505781 0.14621000
2.14400434 0.22224914
2.14834070 0.31315878
3.79844975 0.40421855
3.61781907 0.38494465
3.31786180 0.44930446
4.38815260 0.46854088
2.14834070 0.13209914
3.79844975 0.27243632
3.61781907 0.24692859
3.31786180 0.22154523
4.38815260 0.37290537
2.14834070 0.22208035
3.79844975 0.14726146
3.61781907 0.14803515
3.31786180 0.17059742
4.38815260 0.14072311
4.32546902 0.45297244
4.63245106 0.60807943
3.36058116 0.36204505
2.28985691 0.32955766
4.32546902 0.36719787
4.63245106 0.37719455
3.36058116 0.22719556
2.28985691 0.15351506
4.32546902 0.14844564
4.63245106 0.16935505
3.36058116 0.17079508
2.28985691 0.21583228
2.12887144 0.27384725
4.00458670 0.52506453
2.25879979 0.27695081
2.12887144 0.14506738
4.00458670 0.33828244
2.25879979 0.15299545
2.12887144 0.22142810
4.00458670 0.17959513
2.25879979 0.21825820
3.76391649 0.44142261
2.19456220 0.31194487
3.76391649 0.28763387
2.19456220 0.12836872
3.76391649 0.17172544
2.19456220 0.21647020
3.91154242 0.45690241
2.24979186 0.31824639
4.06226063 0.45535445
3.91154242 0.19752045
2.24979186 0.09307250
4.06226063 0.20054446
3.91154242 0.14371961
2.24979186 0.17914678
4.06226063 0.14333598
4.52778101 0.52181405
4.64900732 0.60253209
2.09884238 0.26180086
4.52778101 0.35894287
4.64900732 0.36508974
2.09884238 0.12576732
4.52778101 0.16890340
4.64900732 0.16494276
2.09884238 0.22174537
3.08334756 0.37057647
3.30676317 0.44180250
2.18093395 0.26955041
3.08334756 0.15180504
3.30676317 0.16074090
2.18093395 0.09856976
3.08334756 0.15863846
3.30676317 0.15363218
2.18093395 0.19835816
4.49659729 0.51851976
2.08502221 0.26050195
4.49659729 0.35246983
2.08502221 0.12390080
4.49659729 0.16910751
2.08502221 0.22197765
3.12155795 0.37452590
2.17614031 0.26909634
3.12155795 0.23743637
2.17614031 0.14730512
3.12155795 0.18915986
2.17614031 0.23138863
4.65003395 0.60265583
3.07149768 0.35616529
4.65003395 0.24915390
3.07149768 0.13374980
4.65003395 0.13966890
3.07149768 0.15346135
3.25168061 0.43526983
4.59867001 0.50964612
3.25168061 0.23112275
4.59867001 0.36796764
3.25168061 0.18514167
4.59867001 0.18316929
4.47113180 0.51583022
4.47113180 0.38114476
4.47113180 0.18262558
3.02086735 0.36412755
3.02086735 0.13462366
3.02086735 0.15477847
3.04107380 0.36621189
4.06702995 0.45583579
3.19921994 0.42905483
3.04107380 0.16986819
4.06702995 0.24600714
3.19921994 0.17274161
3.04107380 0.15948346
4.06702995 0.14359346
3.19921994 0.15873146
4.09599733 0.53602600
4.09599733 0.21245109
4.09599733 0.14928167
3.95387173 0.46134675
4.03988171 0.45309627
3.95387173 0.30379951
4.03988171 0.29260319
3.95387173 0.17344092
4.03988171 0.17460793
4.03272581 0.52843779
4.57046843 0.50678486
4.03272581 0.36948287
4.57046843 0.40928149
4.03272581 0.20273197
4.57046843 0.18095236
3.45060754 0.40868804
2.88584256 0.39208594
4.06642389 0.45577464
3.45060754 0.23809813
2.88584256 0.19081765
4.06642389 0.30411789
3.45060754 0.16628249
2.88584256 0.17489594
4.06642389 0.17016907
4.02732801 0.52779061
4.55717278 0.50543612
4.02732801 0.36853492
4.55717278 0.40704671
4.02732801 0.20231180
4.55717278 0.18052478
4.03373289 0.46973822
4.06616068 0.45574808
4.14175463 0.54151678
4.03373289 0.28859973
4.06616068 0.27243057
4.14175463 0.28386548
4.03373289 0.16320227
4.06616068 0.16140540
4.14175463 0.15971835
4.03551912 0.52877265
3.35706830 0.38455632
4.03551912 0.40613481
3.35706830 0.27565709
4.03551912 0.21220095
3.35706830 0.19349988
2.69310951 0.36951065
4.54131603 0.50382781
2.69310951 0.14515097
4.54131603 0.27042457
2.69310951 0.18208283
4.54131603 0.15588288
4.03258276 0.46961728
4.06381512 0.45551133
4.14374113 0.54175520
4.03258276 0.28845933
4.06381512 0.27220598
4.14374113 0.28413090
4.03258276 0.16319317
4.06381512 0.16139752
4.14374113 0.15973686
4.10088634 0.53661257
3.96382141 0.46239173
4.04911327 0.45402774
4.10088634 0.25273913
3.96382141 0.23983972
4.04911327 0.22633941
4.10088634 0.14969325
3.96382141 0.14784794
4.04911327 0.14679655
2.17906570 0.27880195
3.90498614 0.51313317
3.03591800 0.35264310
2.17906570 0.08292022
3.90498614 0.18186332
3.03591800 0.11876324
2.17906570 0.17649037
3.90498614 0.13532433
3.03591800 0.15196177
2.98328018 0.36025357
3.14514923 0.42265630
2.98328018 0.19559862
3.14514923 0.20228064
2.98328018 0.17275812
3.14514923 0.17256893
3.03831148 0.36592686
4.06111717 0.45523906
3.20507693 0.42974833
3.03831148 0.16971309
4.06111717 0.24551374
3.20507693 0.17331697
3.03831148 0.15952606
4.06111717 0.14358395
3.20507693 0.15866385
2.12905216 0.27386504
4.51144028 0.50079817
2.12905216 0.12227935
4.51144028 0.30823952
2.12905216 0.20138074
4.51144028 0.15701239
2.15548921 0.27647206
4.53739452 0.50343007
3.74752808 0.49429932
2.15548921 0.10053942
4.53739452 0.24995708
3.74752808 0.20205526
2.15548921 0.18397395
4.53739452 0.13838524
3.74752808 0.14712350
3.03799558 0.36589429
4.06476450 0.45560718
3.20080757 0.42924276
3.03799558 0.16957068
4.06476450 0.24575357
3.20080757 0.17284787
3.03799558 0.15950388
4.06476450 0.14355321
3.20080757 0.15868299
3.92334580 0.45814145
2.24232674 0.31739333
4.06655407 0.45578778
3.92334580 0.19797170
2.24232674 0.09242747
4.06655407 0.20033641
3.92334580 0.14332747
2.24232674 0.17923635
4.06655407 0.14299412
2.14817882 0.30667093
2.14817882 0.13274895
2.14817882 0.23331732
3.68870640 0.43354908
2.16640472 0.30874121
3.68870640 0.21427126
2.16640472 0.10185995
3.68870640 0.15096645
2.16640472 0.19875945
2.18394518 0.31073615
2.18394518 0.13735059
2.18394518 0.22449435
4.67987394 0.45244101
2.08215761 0.31382582
2.07287645 0.28532586
4.65324831 0.48225328
4.67987394 0.32218260
2.08215761 0.09205743
2.07287645 0.09484499
4.65324831 0.29543844
4.67987394 0.13314053
2.08215761 0.22406565
2.07287645 0.20352109
4.65324831 0.13608019
4.49506664 0.45764956
4.51699114 0.43787459
4.31986523 0.53562260
4.49506664 0.19877891
4.51699114 0.20164888
4.31986523 0.19557892
4.49506664 0.12041403
4.51699114 0.11637463
4.31986523 0.12933442
3.74723268 0.36933914
3.09253526 0.39700666
3.74723268 0.35885119
3.09253526 0.30058828
3.74723268 0.21690345
3.09253526 0.25278580
4.33308029 0.46794036
2.81365180 0.40196073
3.48046923 0.36985967
4.33308029 0.39647302
2.81365180 0.19908537
3.48046923 0.24832441
4.33308029 0.15384273
2.81365180 0.19670035
3.48046923 0.17394137
4.39835739 0.48748589
4.12956762 0.56538945
4.52925825 0.47031054
4.48739672 0.43523005
4.05257797 0.50523549
4.39835739 0.31876072
4.12956762 0.27781430
4.52925825 0.32757553
4.48739672 0.31824848
4.05257797 0.27612507
4.39835739 0.13711345
4.12956762 0.17412893
4.52925825 0.13936822
4.48739672 0.13723797
4.05257797 0.16703606
4.43090439 0.49083641
3.57616520 0.39271554
4.13296270 0.56581521
4.43817663 0.46154460
4.43090439 0.38175026
3.57616520 0.25317618
4.13296270 0.31055242
4.43817663 0.35858008
4.43090439 0.13442783
3.57616520 0.14599638
4.13296270 0.16651112
4.43817663 0.13753270
4.39364481 0.48700082
3.75574946 0.38849783
4.38598108 0.54315120
4.39364481 0.52380246
3.75574946 0.35544610
4.38598108 0.47377321
4.39364481 0.18072845
3.75574946 0.19277988
4.38598108 0.21618442
3.65540910 0.41127530
3.67287374 0.38078389
3.61307144 0.39636719
4.12456560 0.56476223
4.27396584 0.53039879
3.65540910 0.26551095
3.67287374 0.23823617
3.61307144 0.24697651
4.12456560 0.30829060
4.27396584 0.31176937
3.65540910 0.14130907
3.67287374 0.14261955
3.61307144 0.14232497
4.12456560 0.15655543
4.27396584 0.14925104
3.01331711 0.38816786
4.11547613 0.56362259
3.01331711 0.17724818
4.11547613 0.27972066
3.01331711 0.18733688
4.11547613 0.18536781
3.73158407 0.46886429
2.73022056 0.39176032
3.73158407 0.31355309
2.73022056 0.18632329
3.73158407 0.19083579
2.73022056 0.20900159
4.22546959 0.43237185
4.29699183 0.41823137
4.25300074 0.45995364
2.10400891 0.31640348
2.18035841 0.29680303
4.26117945 0.44452879
4.22546959 0.28430805
4.29699183 0.30768785
4.25300074 0.30941322
2.10400891 0.11024898
2.18035841 0.11293057
4.26117945 0.29624271
4.22546959 0.13925034
4.29699183 0.13843383
4.25300074 0.13413246
2.10400891 0.22124852
2.18035841 0.19562979
4.26117945 0.13895361
3.61661220 0.40731308
4.47461653 0.45573008
4.04073429 0.55425519
3.61661220 0.24254207
4.47461653 0.35861123
4.04073429 0.26605627
3.61661220 0.15434642
4.47461653 0.14743654
4.04073429 0.17793708
4.11411953 0.45826292
3.25539494 0.45637524
4.26933432 0.44531214
4.11411953 0.24360728
3.25539494 0.15091820
4.26933432 0.24334425
4.11411953 0.13601451
3.25539494 0.17345081
4.26933432 0.13926119
4.39683628 0.48732936
4.12275648 0.56453544
4.52365112 0.46977067
4.48933029 0.43540278
4.05801487 0.50585276
4.39683628 0.31904110
4.12275648 0.27747440
4.52365112 0.32727432
4.48933029 0.31915456
4.05801487 0.27711478
4.39683628 0.13729806
4.12275648 0.17439373
4.52365112 0.13954596
4.48933029 0.13744777
4.05801487 0.16735260
3.01382709 0.38822469
4.11619616 0.56371289
3.01382709 0.17774969
4.11619616 0.28058937
3.01382709 0.18793075
4.11619616 0.18629038
4.42764759 0.49050114
3.57146502 0.39225063
4.13173866 0.56566173
4.43406534 0.46114910
4.42764759 0.38228798
3.57146502 0.25327507
4.13173866 0.31110808
4.43406534 0.35892406
4.42764759 0.13488978
3.57146502 0.14642608
4.13173866 0.16724579
4.43406534 0.13802883
4.16908598 0.46390855
4.11442327 0.44614628
4.03261471 0.50296932
4.16908598 0.27060524
4.11442327 0.27408770
4.03261471 0.24216984
4.16908598 0.13585936
4.11442327 0.13649286
4.03261471 0.15629096
3.61456656 0.40710422
4.47601557 0.45586136
4.04672050 0.55500519
3.61456656 0.24185479
4.47601557 0.35837829
4.04672050 0.26650268
3.61456656 0.15420128
4.47601557 0.14726557
4.04672050 0.17773087
3.64904857 0.41062558
3.66899300 0.38042292
3.61324906 0.39638475
4.13191843 0.56568426
4.27776289 0.53083080
3.64904857 0.26513824
3.66899300 0.23829992
3.61324906 0.24756658
4.13191843 0.30972472
4.27776289 0.31286401
3.64904857 0.14155743
3.66899300 0.14285843
3.61324906 0.14253439
4.13191843 0.15691264
4.27776289 0.14959793
3.32920623 0.37803277
4.25000477 0.43466970
4.16796494 0.45147884
3.32920623 0.17064762
4.25000477 0.26832196
4.16796494 0.27632514
3.32920623 0.14677434
4.25000477 0.12897994
4.16796494 0.12987950
4.23322773 0.43309835
4.20889902 0.46799946
3.32765079 0.36818317
3.30807352 0.46290192
4.28955460 0.53217268
4.19979334 0.43863359
4.23322773 0.28202471
4.20889902 0.31286854
3.32765079 0.18386471
3.30807352 0.18729712
4.28955460 0.27943483
4.19979334 0.27780586
4.23322773 0.13038243
4.20889902 0.12918626
3.32765079 0.14654891
3.30807352 0.16417290
4.28955460 0.14422847
4.19979334 0.13208364
3.83886218 0.39624277
3.96291375 0.38848272
4.38609505 0.47323075
2.91342044 0.41419435
2.16568708 0.29523054
3.83886218 0.25786957
3.96291375 0.28261349
4.38609505 0.37024152
2.91342044 0.19011743
2.16568708 0.12656739
3.83886218 0.15210430
3.96291375 0.15109333
4.38609505 0.14436992
2.91342044 0.18415840
2.16568708 0.20929664
4.02224159 0.50179201
3.60741901 0.40637454
4.38765049 0.47338602
4.02224159 0.28475890
3.60741901 0.23599271
4.38765049 0.36297274
4.02224159 0.17022832
3.60741901 0.14808942
4.38765049 0.13823099
4.13627672 0.46053839
4.25257492 0.41427019
3.17262554 0.40596095
4.13627672 0.24539131
4.25257492 0.24286103
3.17262554 0.15748377
4.13627672 0.13015111
4.25257492 0.12901759
3.17262554 0.16324784
3.58139586 0.35465944
4.45214701 0.60589951
2.11075878 0.28935939
3.58139586 0.29462799
4.45214701 0.46584785
2.11075878 0.17047484
3.58139586 0.17965864
4.45214701 0.21847075
2.11075878 0.25337097
4.44004011 0.43099955
3.52094913 0.48934174
2.14891529 0.29343507
4.44004011 0.31417987
3.52094913 0.19395219
2.14891529 0.10490992
4.44004011 0.15000471
3.52094913 0.17480481
2.14891529 0.22419028
3.82409453 0.37615502
4.49826241 0.61169976
2.15107322 0.29366598
3.82409453 0.31435230
4.49826241 0.41749749
2.15107322 0.15442057
3.82409453 0.17018211
4.49826241 0.20021623
2.15107322 0.23845957
2.09733343 0.31561556
4.34726954 0.53874254
3.78180981 0.39859328
2.09733343 0.12700120
4.34726954 0.36089352
3.78180981 0.26970968
2.09733343 0.24571435
4.34726954 0.17473130
3.78180981 0.16061957
4.22274160 0.45693719
2.10462213 0.31647590
4.38354206 0.54287338
3.31800103 0.35442647
4.22274160 0.26932558
2.10462213 0.09954646
4.38354206 0.27056795
3.31800103 0.15514505
4.22274160 0.13059117
2.10462213 0.22062886
4.38354206 0.14741349
3.31800103 0.15560767
2.10913920 0.31700936
3.32240987 0.42275167
4.33865833 0.45197412
2.10913920 0.09306166
3.32240987 0.17578061
4.33865833 0.27209958
2.10913920 0.22915328
3.32240987 0.16901450
4.33865833 0.14242263
4.46417236 0.45474985
3.65140510 0.40016210
2.15086818 0.32194617
3.42119670 0.43385419
3.70885062 0.39162484
4.46417236 0.40273252
3.65140510 0.28867558
2.15086818 0.14389779
3.42119670 0.25957891
3.70885062 0.28490463
4.46417236 0.14874725
3.65140510 0.15258181
2.15086818 0.23539494
3.42119670 0.17287202
3.70885062 0.15742707
