4.28682184 0.51823419
4.07488918 0.53539276
3.42877173 0.40153766
4.64356756 0.49040577
3.05224919 0.41451931
4.28682184 0.43859711
4.07488918 0.42605957
3.42877173 0.29348934
4.64356756 0.50459331
3.05224919 0.26623437
4.28682184 0.20200355
4.07488918 0.18450435
3.42877173 0.18890786
4.64356756 0.17483562
3.05224919 0.19067298
3.98819709 0.52501494
4.23579216 0.51262289
4.40466738 0.57486683
4.30124664 0.40689409
4.50264931 0.45117211
4.12946701 0.47341701
3.98819709 0.19690101
4.23579216 0.21971811
4.40466738 0.23766594
4.30124664 0.21865124
4.50264931 0.24774112
4.12946701 0.20088470
3.98819709 0.14437990
4.23579216 0.14223881
4.40466738 0.14280240
4.30124664 0.13371427
4.50264931 0.13594963
4.12946701 0.13973406
4.31103516 0.52089751
3.23787642 0.43602321
4.60173464 0.43271887
3.83936763 0.39048132
4.08790207 0.46912977
4.31103516 0.32455608
3.23787642 0.21495442
4.60173464 0.36902356
3.83936763 0.26003686
4.08790207 0.28708586
4.31103516 0.16715169
3.23787642 0.18114577
4.60173464 0.15316348
3.83936763 0.15968113
4.08790207 0.16837357
3.86194754 0.50998491
3.20512509 0.43241024
4.40036726 0.53073055
4.57234526 0.43018961
3.53562212 0.41243598
3.86194754 0.19318426
3.20512509 0.12236931
4.40036726 0.21637876
4.57234526 0.20292394
3.53562212 0.13573009
3.86194754 0.14106567
3.20512509 0.14826305
4.40036726 0.13339128
4.57234526 0.12362198
3.53562212 0.14195356
4.35230112 0.56845754
3.37949014 0.41908166
3.83920193 0.36736861
1.85146868 0.24649942
4.35230112 0.35792649
3.37949014 0.27347794
3.83920193 0.26914427
1.85146868 0.11572582
4.35230112 0.17552860
3.37949014 0.18029994
3.83920193 0.16262190
1.85146868 0.23893195
3.85859394 0.50958538
3.85183716 0.50879759
4.30903578 0.52067757
4.10034513 0.47041297
3.85859394 0.29377323
3.85183716 0.27016744
4.30903578 0.31924555
4.10034513 0.27792946
3.85859394 0.16883987
3.85183716 0.16844375
4.30903578 0.16533838
4.10034513 0.16375528
3.03043485 0.38142297
4.16398954 0.47697964
3.03043485 0.11825863
4.16398954 0.17891632
3.03043485 0.14967386
4.16398954 0.12981895
1.83880329 0.25760192
4.02799225 0.52979094
3.39745307 0.39834824
4.49879551 0.47626302
1.83880329 0.11337557
4.02799225 0.31569728
3.39745307 0.23859364
4.49879551 0.39775327
1.83880329 0.24968845
4.02799225 0.17916937
3.39745307 0.17213996
4.49879551 0.15406483
1.94822395 0.26844123
4.02630854 0.52958983
4.35685349 0.41166684
1.87362111 0.24853389
4.18569279 0.44574046
1.94822395 0.07139038
4.02630854 0.18779646
4.35685349 0.19582021
1.87362111 0.06602917
4.18569279 0.19665883
1.94822395 0.20006651
4.02630854 0.14010862
4.35685349 0.12487984
1.87362111 0.20508689
4.18569279 0.12835978
3.08448195 0.38722944
4.18493652 0.54854941
4.34263182 0.41044593
1.77329528 0.23938309
4.35949707 0.46267211
4.33186102 0.56601399
3.08448195 0.17611070
4.18493652 0.29892954
4.34263182 0.29043785
1.77329528 0.08574321
4.35949707 0.30179587
4.33186102 0.29831085
3.08448195 0.16723396
4.18493652 0.15103363
4.34263182 0.13939101
1.77329528 0.23127846
4.35949707 0.14282964
4.33186102 0.15839350
4.42871428 0.44438469
3.47687626 0.42964771
1.89444566 0.28225482
4.42570257 0.50403845
3.82271123 0.41048846
1.83647370 0.27697742
4.42871428 0.36361435
3.47687626 0.24020369
1.89444566 0.11073384
4.42570257 0.34011838
3.82271123 0.26491958
1.83647370 0.10414004
4.42871428 0.15137012
3.47687626 0.17157768
1.89444566 0.24221313
4.42570257 0.16853546
3.82271123 0.15438664
1.83647370 0.24349503
4.29770231 0.51943099
3.16778994 0.42777696
4.33242846 0.49438521
4.37242651 0.46393308
1.82911634 0.27619007
4.29770231 0.21963453
3.16778994 0.13664050
4.33242846 0.20458655
4.37242651 0.22542864
1.82911634 0.06917299
4.29770231 0.13572566
3.16778994 0.15408352
4.33242846 0.13208915
4.37242651 0.12659679
1.82911634 0.20488262
3.72596574 0.38015851
1.85093629 0.25879517
1.88733387 0.28148133
3.86874843 0.44656828
3.56892228 0.38594785
3.79081202 0.50155044
3.72596574 0.24030048
1.85093629 0.10221580
1.88733387 0.10529837
3.86874843 0.27216151
3.56892228 0.23012392
3.79081202 0.26299065
3.72596574 0.15725532
1.85093629 0.24732246
1.88733387 0.24516749
3.86874843 0.17478573
3.56892228 0.16082254
3.79081202 0.17514499
1.93252003 0.26687524
3.47134972 0.46359065
4.48408794 0.42259839
1.86658216 0.24788661
3.81400180 0.40964463
4.36891413 0.57044405
1.93252003 0.11214489
3.47134972 0.24788219
4.48408794 0.35702765
1.86658216 0.10402627
3.81400180 0.26684120
4.36891413 0.34698078
1.93252003 0.23455627
3.47134972 0.16972649
4.48408794 0.14845429
1.86658216 0.23722510
3.81400180 0.15207584
4.36891413 0.16587962
2.90208268 0.39666030
1.81979668 0.27519390
4.46930885 0.50855488
2.90208268 0.21453667
1.81979668 0.10740948
4.46930885 0.34199849
2.90208268 0.18227516
1.81979668 0.22469042
4.46930885 0.16572069
4.03415966 0.53052741
1.85318017 0.27876875
4.48869801 0.42299473
4.45095205 0.50665337
4.03415966 0.22639614
1.85318017 0.07108354
4.48869801 0.22627597
4.45095205 0.21929383
4.03415966 0.14310132
1.85318017 0.20332950
4.48869801 0.12856545
4.45095205 0.13826855
3.75919199 0.49775124
4.45148230 0.44647431
4.22204781 0.48297489
3.75919199 0.36893782
4.45148230 0.44748512
4.22204781 0.38167486
3.75919199 0.19127713
4.45148230 0.16698141
4.22204781 0.18007523
4.13514137 0.50156546
1.81604791 0.27377006
4.47809410 0.47424218
3.17829585 0.42926487
3.66875482 0.37495795
4.13514137 0.27058649
1.81604791 0.09560797
4.47809410 0.32293659
3.17829585 0.18278885
3.66875482 0.20623423
4.13514137 0.16399400
1.81604791 0.24073066
4.47809410 0.14511818
3.17829585 0.16978876
3.66875482 0.15562941
4.00811577 0.52738649
3.28416586 0.40876237
4.44035435 0.57914650
4.00811577 0.32981032
3.28416586 0.24308395
4.44035435 0.38077986
4.00811577 0.18081160
3.28416586 0.18300302
4.44035435 0.17495076
1.80473089 0.25426343
3.47397447 0.46390137
3.91232705 0.45104852
4.33954000 0.46072641
4.39636660 0.44141662
1.80473089 0.07165288
3.47397447 0.15652518
3.91232705 0.18728648
4.33954000 0.23622628
4.39636660 0.22827007
1.80473089 0.22617042
3.47397447 0.15402229
3.91232705 0.14130269
4.33954000 0.13074614
4.39636660 0.13098226
3.40033746 0.42134157
1.80699265 0.27279624
4.31814289 0.45864072
3.83093643 0.50631475
3.46811557 0.35676241
3.40033746 0.14376508
1.80699265 0.07005257
4.31814289 0.21740651
3.83093643 0.17543848
3.46811557 0.13018401
3.40033746 0.15815079
1.80699265 0.22292332
4.31814289 0.13510795
3.83093643 0.14765008
3.46811557 0.15051159
3.71972871 0.37959132
1.85187244 0.25888732
1.88197422 0.28089887
3.87333536 0.44703972
3.56628203 0.38569307
3.78919578 0.50135857
3.71972871 0.23999567
1.85187244 0.10243025
1.88197422 0.10513207
3.87333536 0.27319404
3.56628203 0.23031336
3.78919578 0.26321891
3.71972871 0.15757339
1.85187244 0.24760681
1.88197422 0.24582390
3.87333536 0.17531109
3.56628203 0.16114718
3.78919578 0.17558981
4.33673477 0.49483070
4.09131765 0.53729945
4.33673477 0.22190231
4.09131765 0.22140981
4.33673477 0.12891172
4.09131765 0.13415132
4.13770819 0.50184727
1.81625247 0.27379206
4.47835159 0.47426727
3.17280197 0.42862105
3.67162085 0.37521839
4.13770819 0.27079400
1.81625247 0.09562295
4.47835159 0.32290706
3.17280197 0.18228793
3.67162085 0.20654173
4.13770819 0.16390197
1.81625247 0.24066758
4.47835159 0.14506574
3.17280197 0.16980107
3.67162085 0.15556557
4.24945354 0.42794910
4.16249514 0.50456917
1.86233556 0.27876830
4.22435379 0.44950411
1.87266910 0.28086403
4.24945354 0.24238183
4.16249514 0.23783500
1.86233556 0.08320366
4.22435379 0.24554057
1.87266910 0.07928620
4.24945354 0.13459997
4.16249514 0.14617996
1.86233556 0.21133952
4.22435379 0.13378918
1.87266910 0.20878954
4.14222431 0.54336947
3.95082450 0.48135343
4.14222431 0.47877583
3.95082450 0.46543288
4.14222431 0.20202424
3.95082450 0.19556828
3.42134380 0.45783648
3.90782285 0.47664532
3.42134380 0.15458278
3.90782285 0.19913143
3.42134380 0.14753743
3.90782285 0.13700967
4.07401705 0.53528833
1.88248432 0.28192154
4.07401705 0.26630923
1.88248432 0.08724061
4.07401705 0.14807662
1.88248432 0.21052712
3.27620792 0.44075453
3.92702889 0.37486160
3.45617604 0.40433010
3.27620792 0.24133818
3.92702889 0.30369803
3.45617604 0.25572070
3.27620792 0.17823239
3.92702889 0.15876688
3.45617604 0.17517312
4.35496426 0.56877595
4.16389561 0.50472301
3.55749369 0.34341145
1.85723209 0.24702801
4.35496426 0.18023752
4.16389561 0.19279695
3.55749369 0.11565718
1.85723209 0.05982429
4.35496426 0.13568603
4.16389561 0.13624085
3.55749369 0.14234327
1.85723209 0.19895627
3.78055549 0.50029320
4.45914555 0.42045426
4.19902515 0.42333129
3.54170585 0.41305730
3.78055549 0.17971002
4.45914555 0.21295750
4.19902515 0.19702594
3.54170585 0.14236765
3.78055549 0.14502196
4.45914555 0.12946770
4.19902515 0.13159746
3.54170585 0.14286000
4.18671751 0.50722986
3.75813079 0.36046156
1.82408965 0.24399559
4.18671751 0.37089238
3.75813079 0.26962033
1.82408965 0.11237252
4.18671751 0.17829628
3.75813079 0.16665079
1.82408965 0.25180772
4.45902634 0.44255885
3.67759109 0.36988381
4.32508612 0.51656169
4.45933580 0.46975598
4.45902634 0.22711684
3.67759109 0.12570529
4.32508612 0.19480576
4.45933580 0.21657789
4.45902634 0.11526907
3.67759109 0.12735911
4.32508612 0.12171674
4.45933580 0.11776850
3.95781469 0.50589722
4.40431690 0.52513212
3.95781469 0.30856371
4.40431690 0.33368853
3.95781469 0.15258645
4.40431690 0.15235905
4.36447239 0.46565709
3.86694813 0.36672783
3.77120471 0.48449764
1.83852625 0.25684899
4.36447239 0.32757717
3.86694813 0.28311652
3.77120471 0.29107431
1.83852625 0.10897246
4.36447239 0.14116584
3.86694813 0.14086284
3.77120471 0.15500838
1.83852625 0.22281303
1.86186373 0.27275020
3.60075116 0.37931553
1.89520729 0.26230457
1.86186373 0.11637196
3.60075116 0.25518087
1.89520729 0.11636613
1.86186373 0.22541672
3.60075116 0.14376129
1.89520729 0.22325669
1.86044991 0.27260375
3.59753561 0.37901428
1.89950728 0.26272044
1.86044991 0.11625504
3.59753561 0.25472617
1.89950728 0.11666954
1.86044991 0.22555602
3.59753561 0.14383335
1.89950728 0.22300492
3.83237457 0.41374385
3.96119046 0.42159787
3.83237457 0.31789979
3.96119046 0.32754275
3.83237457 0.15502112
3.96119046 0.14857696
4.60440588 0.48916093
3.50505948 0.37778243
3.81982660 0.49006748
4.08060312 0.40827802
4.22250509 0.41885707
4.60440588 0.29252002
3.50505948 0.17265481
3.81982660 0.25190589
4.08060312 0.26159665
4.22250509 0.25988296
4.60440588 0.12696172
3.50505948 0.14679532
3.81982660 0.14479360
4.08060312 0.12792210
4.22250509 0.12820451
4.31194973 0.46051899
4.46548367 0.47035185
3.84742951 0.40247688
3.77982211 0.48548448
4.41363001 0.43611717
4.01840019 0.48346582
4.31194973 0.32749930
4.46548367 0.33169186
3.84742951 0.26180160
3.77982211 0.26080856
4.41363001 0.31886142
4.01840019 0.28140754
4.31194973 0.14477314
4.46548367 0.13838799
3.84742951 0.14253502
3.77982211 0.15154095
4.41363001 0.14458950
4.01840019 0.15527606
4.27457619 0.54234719
4.27457619 0.42820680
4.27457619 0.18533111
4.29107189 0.44433948
4.36462593 0.40888342
4.29533434 0.54474068
4.24185514 0.45366612
4.29107189 0.22259355
4.36462593 0.21816856
4.29533434 0.22328316
4.24185514 0.21449149
4.29107189 0.12521915
4.36462593 0.12088450
4.29533434 0.13463530
4.24185514 0.12595598
4.33495092 0.44849196
3.06196380 0.40386078
4.33495092 0.27667841
3.06196380 0.17096741
4.33495092 0.12690511
3.06196380 0.15494782
4.63446951 0.45849764
3.90425372 0.39020658
4.27303362 0.51093537
4.63446951 0.48394570
3.90425372 0.29721868
4.27303362 0.38084480
4.63446951 0.16150506
3.90425372 0.16235816
4.27303362 0.17727059
3.79782367 0.39781174
1.82216489 0.26865026
4.01732111 0.48334959
3.79782367 0.25582215
1.82216489 0.10874530
4.01732111 0.30987531
3.79782367 0.14015000
1.82216489 0.23328960
4.01732111 0.15440577
4.44700336 0.47373605
3.62167573 0.38127646
3.38391089 0.44030467
4.01946592 0.48358059
4.44700336 0.41576722
3.62167573 0.27900091
3.38391089 0.26230916
4.01946592 0.34555641
4.44700336 0.15107353
3.62167573 0.15376526
3.38391089 0.17008376
4.01946592 0.16946207
3.40423155 0.36093828
1.82182789 0.26861554
2.81245852 0.35522428
3.40423155 0.14007764
1.82182789 0.07346404
2.81245852 0.12159913
3.40423155 0.14270972
1.82182789 0.20479856
2.81245852 0.15729627
3.56982183 0.38826659
3.69909167 0.35257921
3.97305012 0.47858360
3.56982183 0.23908494
3.69909167 0.25818464
3.97305012 0.32358542
3.56982183 0.15666287
3.69909167 0.14509030
3.97305012 0.16900587
4.43037987 0.43995890
3.47868681 0.33406818
3.24981666 0.42508796
4.48482513 0.47744051
1.86658382 0.25954327
4.43037987 0.32266986
3.47868681 0.20119983
3.24981666 0.20630415
4.48482513 0.30653808
1.86658382 0.09998479
4.43037987 0.13131341
3.47868681 0.14050020
3.24981666 0.15948910
4.48482513 0.13168857
1.86658382 0.21776630
3.76815295 0.40301609
2.86563826 0.38180849
4.34978104 0.43264771
3.76815295 0.25038776
2.86563826 0.20676379
4.34978104 0.36274680
3.76815295 0.14471897
2.86563826 0.17035782
4.34978104 0.13718887
3.57168913 0.38844737
3.70170641 0.35279930
3.97990322 0.47932121
3.57168913 0.23931825
3.70170641 0.25846076
3.97990322 0.32445601
3.57168913 0.15657930
3.70170641 0.14501391
3.97990322 0.16890530
4.21015263 0.44563290
4.19691706 0.43543574
1.83823025 0.27030638
4.17070627 0.41642678
4.02874947 0.48458043
4.21015263 0.23633079
4.19691706 0.25315052
1.83823025 0.08813205
4.17070627 0.24795383
4.02874947 0.24905963
4.21015263 0.12196270
4.19691706 0.12131409
1.83823025 0.21382143
4.17070627 0.12071808
4.02874947 0.13389663
4.42814779 0.43975630
3.47952151 0.33413813
3.24697113 0.42476562
4.48851919 0.47780240
1.86847210 0.25972506
4.42814779 0.32207361
3.47952151 0.20112205
3.24697113 0.20590861
4.48851919 0.30686447
1.86847210 0.10006063
4.42814779 0.13119031
3.47952151 0.14041550
3.24697113 0.15941912
4.48851919 0.13159075
1.86847210 0.21754229
3.63077354 0.36775216
4.36725998 0.40910724
4.48456001 0.47220114
1.84191394 0.27068672
4.47762156 0.46200660
3.11177468 0.38666174
3.63077354 0.21986766
4.36725998 0.32369244
4.48456001 0.31795955
1.84191394 0.10333994
4.47762156 0.34024110
3.11177468 0.19712667
3.63077354 0.13684800
4.36725998 0.12444239
4.48456001 0.12841555
1.84191394 0.22127287
4.47762156 0.12724765
3.11177468 0.15649249
3.76041079 0.37940183
3.93327475 0.39281395
3.70597839 0.39704263
3.81988072 0.49007368
3.76041079 0.31825069
3.93327475 0.31832394
3.70597839 0.29181769
3.81988072 0.35940239
3.76041079 0.14620115
3.93327475 0.14261350
3.70597839 0.15135328
3.81988072 0.16979927
4.21618748 0.42054340
4.14940596 0.39061955
1.87185228 0.27378568
4.21388388 0.43703952
1.87354279 0.26021346
4.21618748 0.24830131
4.14940596 0.24204789
1.87185228 0.08857309
4.21388388 0.25518054
1.87354279 0.08677834
4.21618748 0.11957956
4.14940596 0.11811779
1.87185228 0.20106845
4.21388388 0.12105322
1.87354279 0.20313488
1.86337888 0.27290717
3.60335040 0.37955907
1.89564037 0.26234645
1.86337888 0.11639545
3.60335040 0.25525057
1.89564037 0.11630978
1.86337888 0.22515750
3.60335040 0.14364395
1.89564037 0.22307505
4.34751225 0.43244204
4.38519955 0.41063169
4.47996759 0.44211626
4.34751225 0.29931670
4.38519955 0.29496923
4.47996759 0.28801414
4.34751225 0.12878245
4.38519955 0.12957694
4.47996759 0.12986147
3.71436524 0.37526104
3.65744972 0.34907568
3.66973948 0.47288874
3.63714361 0.44253361
3.71436524 0.28676230
3.65744972 0.26551589
3.66973948 0.32769915
3.63714361 0.31218201
3.71436524 0.14766832
3.65744972 0.14683288
3.66973948 0.16783617
3.63714361 0.16921882
3.63127685 0.36779734
4.36651373 0.40904382
4.48608732 0.47234926
1.84021389 0.27051115
4.47604084 0.46185681
3.10918260 0.38638803
3.63127685 0.21995287
4.36651373 0.32358876
4.48608732 0.31822675
1.84021389 0.10323400
4.47604084 0.34000027
3.10918260 0.19688343
3.63127685 0.13685749
4.36651373 0.12445416
4.48608732 0.12843765
1.84021389 0.22141725
4.47604084 0.12725718
3.10918260 0.15654908
4.34488153 0.46374023
3.92094350 0.37128744
3.85593104 0.49420616
1.86097765 0.25900391
4.34488153 0.27107435
3.92094350 0.24538821
3.85593104 0.25464255
1.86097765 0.09332978
4.34488153 0.13547440
3.92094350 0.13261043
3.85593104 0.14534052
1.86097765 0.20956556
4.42947197 0.43987647
3.48027158 0.33420098
3.24857998 0.42494786
4.48837852 0.47778860
1.86956918 0.25983068
4.42947197 0.32209903
3.48027158 0.20109105
3.24857998 0.20598267
4.48837852 0.30667189
1.86956918 0.10008758
4.42947197 0.13114382
3.48027158 0.14037670
3.24857998 0.15934987
4.48837852 0.13154335
1.86956918 0.21741968
4.59198141 0.48794261
4.46827221 0.47062218
3.93993449 0.50384426
4.41262436 0.52603120
4.59198141 0.24117531
4.46827221 0.23302506
3.93993449 0.22741954
4.41262436 0.24429198
4.59198141 0.12147644
4.46827221 0.12082500
3.93993449 0.13194668
4.41262436 0.12784041
3.88178015 0.41854951
4.25103521 0.39923811
3.03792405 0.37887326
3.88178015 0.37174106
4.25103521 0.49303189
3.03792405 0.29902282
3.88178015 0.18019325
4.25103521 0.16712846
3.03792405 0.19682872
3.81770897 0.38282064
3.61953735 0.45896229
3.03487301 0.44869509
4.53642845 0.56944352
3.81770897 0.37392747
3.61953735 0.40725401
3.03487301 0.30038875
4.53642845 0.48002878
3.81770897 0.20102561
3.61953735 0.20694403
3.03487301 0.22692882
4.53642845 0.20639861
3.61980677 0.43301845
1.87277448 0.26980519
1.89472759 0.30612007
3.61980677 0.22633362
1.87277448 0.10539187
1.89472759 0.10144918
3.61980677 0.14015412
1.87277448 0.21212684
1.89472759 0.22648780
4.47994184 0.52608353
1.89573526 0.27213699
4.20075560 0.60009372
3.67577744 0.35364333
3.77857375 0.48260906
4.47994184 0.32645485
1.89573526 0.09962235
4.20075560 0.27778515
3.67577744 0.20601787
3.77857375 0.22657537
4.47994184 0.13688694
1.89573526 0.20925741
4.20075560 0.15331860
3.67577744 0.13574886
3.77857375 0.15438969
4.54606438 0.44679210
3.63873386 0.46111009
3.93049717 0.56475538
3.78730893 0.48360500
4.61772108 0.46840492
4.54606438 0.28917554
3.63873386 0.24950878
3.93049717 0.26458535
3.78730893 0.21748924
4.61772108 0.31169215
4.54606438 0.14370358
3.63873386 0.15126073
3.93049717 0.16190951
3.78730893 0.15387954
4.61772108 0.13310185
1.83918023 0.26858106
3.72599411 0.38545653
4.37681055 0.43186638
1.83918023 0.12081853
3.72599411 0.28740481
4.37681055 0.38022867
1.83918023 0.25569054
3.72599411 0.16164045
4.37681055 0.17563464
3.82570362 0.55108410
3.01707625 0.39646098
4.40780687 0.43459746
3.82570362 0.33311167
3.01707625 0.22207803
4.40780687 0.39927852
3.82570362 0.20304812
3.01707625 0.19562455
4.40780687 0.18346518
3.88994431 0.55946261
1.83317590 0.26796368
4.16673899 0.42634451
3.88994431 0.19101304
1.83317590 0.07158135
4.16673899 0.22530837
3.88994431 0.15350716
1.83317590 0.22732659
4.16673899 0.13218589
4.24448109 0.52922422
4.00109863 0.41094887
1.75601590 0.21085405
3.80527592 0.48565385
4.24448109 0.34685734
4.00109863 0.26634949
1.75601590 0.09748403
3.80527592 0.24716043
4.24448109 0.17125051
4.00109863 0.14624380
1.75601590 0.24601056
3.80527592 0.16779150
4.36000156 0.54227620
3.45364141 0.36033416
3.72669888 0.37488291
1.77740943 0.26225790
4.36000156 0.27730629
3.45364141 0.15791728
3.72669888 0.19359811
1.77740943 0.07752112
4.36000156 0.14971021
3.45364141 0.15350330
3.72669888 0.15126967
1.77740943 0.23512118
1.74025977 0.20967527
4.52501011 0.44451332
1.74025977 0.10282341
4.52501011 0.36759055
1.74025977 0.24874622
4.52501011 0.15769079
3.66408491 0.43778458
3.13384962 0.40491939
1.84423923 0.30009195
4.07734251 0.51674497
4.09586763 0.40716627
3.66408491 0.24536799
3.13384962 0.21224678
1.84423923 0.10060304
4.07734251 0.26419279
4.09586763 0.27792779
3.66408491 0.15980664
3.13384962 0.17631771
1.84423923 0.25013560
4.07734251 0.17387933
4.09586763 0.17083241
1.77423704 0.21222275
4.28593111 0.42301106
4.45142984 0.63296080
4.62030554 0.57909805
4.51185131 0.45851433
1.77423704 0.08669707
4.28593111 0.27164620
4.45142984 0.31805077
4.62030554 0.30056027
4.51185131 0.30349377
1.77423704 0.23635304
4.28593111 0.14386128
4.45142984 0.16360515
4.62030554 0.15939485
4.51185131 0.14038411
4.31181288 0.50782472
3.61440277 0.45838794
3.87642789 0.55769914
1.82705128 0.21622179
4.31181288 0.43142486
3.61440277 0.32905897
3.87642789 0.35594347
1.82705128 0.12280349
4.31181288 0.16937047
3.61440277 0.18141605
3.87642789 0.20536084
1.82705128 0.25521678
4.61746883 0.45309794
3.77973223 0.37768757
3.76339602 0.36108747
4.12759018 0.59051615
2.67828059 0.35873544
4.21411467 0.52579612
4.61746883 0.36527804
3.77973223 0.25083795
3.76339602 0.26978573
4.12759018 0.32330891
2.67828059 0.17495519
4.21411467 0.36171147
4.61746883 0.18292065
3.77973223 0.16690303
3.76339602 0.16277842
4.12759018 0.20257825
2.67828059 0.19790585
4.21411467 0.19572854
3.38685441 0.40800154
1.88715732 0.27126491
1.88429224 0.30487093
4.10284090 0.40777811
3.38685441 0.15588471
1.88715732 0.08737507
1.88429224 0.08237343
4.10284090 0.20885484
3.38685441 0.14808035
1.88715732 0.20517528
1.88429224 0.22344576
4.10284090 0.14149873
4.31277466 0.50792909
3.61075425 0.45797983
3.87692213 0.55776370
1.82835352 0.21632098
4.31277466 0.43098459
3.61075425 0.32816452
3.87692213 0.35560319
1.82835352 0.12278005
4.31277466 0.16907012
3.61075425 0.18108886
3.87692213 0.20493054
1.82835352 0.25488245
4.39575338 0.51693732
1.86613798 0.26913270
4.16996145 0.59606177
4.43858051 0.45167491
4.57273626 0.44914696
3.81610274 0.36557102
3.55633426 0.45732132
4.39575338 0.28229845
1.86613798 0.08869070
4.16996145 0.24651779
4.43858051 0.27229843
4.57273626 0.25875670
3.81610274 0.20198941
3.55633426 0.18347733
4.39575338 0.13432439
1.86613798 0.20650965
4.16996145 0.15174352
4.43858051 0.13218637
4.57273626 0.14465864
3.81610274 0.13282852
3.55633426 0.15895158
4.32489300 0.40903476
1.83143342 0.26778463
3.67849612 0.38106623
3.59555745 0.45628044
4.44557810 0.43792689
4.32489300 0.43489411
1.83143342 0.13213758
3.67849612 0.30926040
3.59555745 0.33280265
4.44557810 0.40823650
4.32489300 0.16620125
1.83143342 0.26484188
3.67849612 0.16741939
3.59555745 0.18802719
4.44557810 0.17914663
4.17363930 0.49284041
4.05416393 0.40222111
3.99978471 0.50163716
1.83986557 0.29957163
3.18117213 0.41489181
4.17363930 0.26919726
4.05416393 0.23642661
3.99978471 0.25534138
1.83986557 0.08230913
3.18117213 0.15304977
4.17363930 0.14560415
4.05416393 0.14488249
3.99978471 0.16010840
1.83986557 0.24148208
3.18117213 0.17224117
4.35316277 0.42905232
3.22264385 0.47285342
1.80546165 0.26512155
4.31110620 0.43978760
4.35316277 0.32829046
3.22264385 0.19597244
1.80546165 0.09787051
4.31110620 0.34573576
4.35316277 0.15015306
3.22264385 0.18268734
1.80546165 0.24752474
4.31110620 0.14804880
3.66114807 0.43746838
3.13327885 0.40485629
1.84138095 0.29975188
4.07527542 0.51650834
4.09623623 0.40719858
3.66114807 0.24554671
3.13327885 0.21256624
1.84138095 0.10059902
4.07527542 0.26449397
4.09623623 0.27849954
3.66114807 0.16011025
3.13327885 0.17662726
1.84138095 0.25071391
4.07527542 0.17430051
4.09623623 0.17127343
4.11855316 0.40799096
4.10955000 0.39060190
4.15521860 0.59413189
1.84160745 0.26883081
4.06088972 0.41650248
4.24329472 0.52909023
4.11855316 0.23355494
4.10955000 0.25469643
4.15521860 0.25012192
1.84160745 0.08753484
4.06088972 0.25339189
4.24329472 0.28388932
4.11855316 0.13381983
4.10955000 0.13103384
4.15521860 0.15728174
1.84160745 0.22818045
4.06088972 0.13320468
4.24329472 0.15004577
3.70080352 0.37262711
3.52173185 0.35472336
4.47887611 0.42224380
3.10011506 0.45707572
3.76301312 0.48083535
3.70080352 0.16172160
3.52173185 0.12932330
4.47887611 0.22637105
3.10011506 0.13291647
3.76301312 0.17400967
3.70080352 0.15040411
3.52173185 0.15300795
4.47887611 0.13115053
3.10011506 0.17147869
3.76301312 0.15030719
3.38531828 0.40783691
1.88564086 0.27111086
1.88564837 0.30503318
4.09929991 0.40746740
3.38531828 0.15590581
1.88564086 0.08735790
1.88564837 0.08250119
4.09929991 0.20873941
3.38531828 0.14820118
1.88564086 0.20537691
1.88564837 0.22345789
4.09929991 0.14165623
3.61589980 0.43259802
1.87317848 0.26984617
1.88724375 0.30522403
3.61589980 0.22580923
1.87317848 0.10542116
1.88724375 0.10098545
3.61589980 0.14022560
1.87317848 0.21214463
1.88724375 0.22714122
1.76654434 0.21164422
4.02858257 0.39993012
4.47592163 0.63617605
1.76654434 0.10173916
4.02858257 0.28212509
4.47592163 0.38171157
1.76654434 0.25002083
4.02858257 0.15801181
4.47592163 0.19189949
4.53033590 0.44540378
4.42070913 0.51964778
3.72478938 0.37278831
3.99652100 0.50126976
1.86816978 0.30294427
3.82815695 0.48826388
4.53033590 0.34956887
4.42070913 0.37946245
3.72478938 0.24653028
3.99652100 0.32359627
1.86816978 0.10955968
3.82815695 0.27402672
4.53033590 0.17502224
4.42070913 0.16006920
3.72478938 0.16091351
3.99652100 0.18328579
1.86816978 0.26112962
3.82815695 0.19080676
3.61999154 0.43303832
1.87111139 0.26963663
1.89598405 0.30627057
3.61999154 0.22619520
1.87111139 0.10524422
1.89598405 0.10148650
3.61999154 0.14007118
1.87111139 0.21217193
1.89598405 0.22630419
4.43772411 0.43723449
4.43400717 0.41839257
4.10050297 0.51298165
4.24822092 0.53632921
4.43772411 0.22937252
4.43400717 0.25689587
4.10050297 0.24966709
4.24822092 0.23051666
4.43772411 0.13342062
4.43400717 0.12604560
4.10050297 0.14475204
4.24822092 0.13895327
3.20660377 0.41297337
3.97384501 0.57041591
4.18117380 0.52864021
3.20660377 0.28668469
3.97384501 0.37427703
4.18117380 0.36525151
3.20660377 0.18157314
3.97384501 0.18916756
4.18117380 0.17115103
3.52601480 0.35743585
3.88776016 0.37167302
4.14940882 0.51849562
3.52601480 0.27448183
3.88776016 0.32367170
4.14940882 0.41863191
3.52601480 0.18489613
3.88776016 0.16081364
4.14940882 0.18842173
4.47647142 0.52570635
1.89220655 0.27177811
4.19767475 0.59969026
3.67395806 0.35348889
3.77964091 0.48273075
4.47647142 0.32642263
1.89220655 0.09952708
4.19767475 0.27784851
3.67395806 0.20617186
3.77964091 0.22697653
4.47647142 0.13706817
1.89220655 0.20969288
4.19767475 0.15356325
3.67395806 0.13589983
3.77964091 0.15460514
4.44486809 0.50638956
1.82252347 0.24945627
4.44886971 0.45265797
3.89383817 0.45443627
3.25294185 0.38168910
3.13068843 0.39256039
4.36928511 0.49878928
3.70910192 0.47121575
4.44486809 0.35120037
1.82252347 0.11180920
4.44886971 0.36394498
3.89383817 0.31439903
3.25294185 0.22742659
3.13068843 0.21721469
4.36928511 0.34399512
3.70910192 0.28218499
4.44486809 0.17348738
1.82252347 0.23705085
4.44886971 0.14463283
3.89383817 0.15958160
3.25294185 0.16480972
3.13068843 0.17332125
4.36928511 0.14879780
3.70910192 0.16138850
4.50413322 0.48155949
3.99735570 0.45745361
4.52742004 0.51494366
1.84785497 0.24701764
3.73135734 0.47373536
3.36424422 0.39958537
3.91931105 0.49823758
4.50413322 0.35871944
3.99735570 0.31138524
4.52742004 0.34588873
1.84785497 0.10900453
3.73135734 0.27647060
3.36424422 0.24471927
3.91931105 0.31957054
4.50413322 0.14416485
3.99735570 0.17135550
4.52742004 0.17390276
1.84785497 0.23675390
3.73135734 0.17558771
3.36424422 0.17485809
3.91931105 0.17912607
3.99657297 0.48917440
4.17813110 0.47906134
3.22508907 0.41669032
4.06201696 0.47948042
4.47653389 0.45523620
1.89458597 0.25300947
3.26923060 0.40747964
1.85352278 0.26885137
3.99657297 0.26308706
4.17813110 0.26510045
3.22508907 0.18378836
4.06201696 0.25953594
4.47653389 0.30359277
1.89458597 0.09780388
3.26923060 0.17883426
1.85352278 0.09582671
3.99657297 0.15512316
4.17813110 0.14878017
3.22508907 0.16116832
4.06201696 0.15108745
4.47653389 0.12912153
1.89458597 0.20358025
3.26923060 0.15791599
1.85352278 0.21240397
4.47889090 0.56254357
3.43062663 0.42492720
3.78942704 0.41141155
4.41294336 0.53520989
3.35477066 0.39198148
4.04380608 0.46494642
1.82639420 0.24505430
4.47889090 0.33722588
3.43062663 0.22172157
3.78942704 0.23213805
4.41294336 0.31697688
3.35477066 0.21036486
4.04380608 0.29082063
1.82639420 0.09991666
4.47889090 0.16745341
3.43062663 0.17261802
3.78942704 0.14434634
4.41294336 0.16282004
3.35477066 0.16596958
4.04380608 0.17012729
1.82639420 0.23191704
3.37983418 0.43672204
3.95913935 0.46123531
3.74097252 0.44542834
1.81151283 0.25555786
4.44954157 0.47618237
4.41914463 0.53589720
4.46550989 0.50556707
4.01799965 0.46228710
3.47400165 0.40687427
3.37983418 0.15348938
3.95913935 0.21476187
3.74097252 0.19004060
1.81151283 0.07254285
4.44954157 0.21796900
4.41914463 0.22319011
4.46550989 0.22275840
4.01799965 0.20387889
3.47400165 0.15424450
3.37983418 0.15497814
3.95913935 0.14379553
3.74097252 0.14651778
1.81151283 0.22089815
4.44954157 0.12856759
4.41914463 0.14433064
4.46550989 0.14178367
4.01799965 0.14724250
3.47400165 0.15046763
1.87230802 0.27080140
3.96216726 0.46155071
4.14522266 0.50283432
1.94665217 0.27746448
3.34545088 0.39340091
1.89242566 0.26419714
4.12142658 0.47017705
1.87230802 0.09288379
3.96216726 0.25626239
4.14522266 0.25188866
1.94665217 0.09640162
3.34545088 0.18358237
1.89242566 0.09320766
4.12142658 0.25411192
1.87230802 0.21243392
3.96216726 0.15628687
4.14522266 0.15919898
1.94665217 0.20826031
3.34545088 0.16398543
1.89242566 0.22564246
4.12142658 0.15554759
3.47917604 0.44800416
4.55925846 0.54832494
4.06060791 0.51111346
3.86518645 0.44656119
3.83433557 0.41580096
1.84245205 0.25922656
3.96226454 0.46888229
1.85756922 0.24556331
3.53601170 0.41319385
3.47917604 0.21607941
4.55925846 0.30834663
4.06060791 0.27714506
3.86518645 0.24404450
3.83433557 0.21853547
1.84245205 0.09451460
3.96226454 0.26226082
1.85756922 0.09530938
3.53601170 0.20153844
3.47917604 0.16453616
4.55925846 0.16243280
4.06060791 0.16275524
3.86518645 0.16641633
3.83433557 0.13926069
1.84245205 0.23096065
3.96226454 0.16184224
1.85756922 0.22756499
3.53601170 0.15851738
4.02238894 0.49202189
4.13549042 0.51963836
3.12565327 0.38075089
4.19012499 0.42857900
1.90107882 0.25361967
1.93188763 0.26741722
1.89075363 0.27272120
4.02238894 0.21481061
4.13549042 0.22298883
3.12565327 0.14993604
4.19012499 0.22389622
1.90107882 0.08294845
1.93188763 0.07869578
1.89075363 0.08011939
4.02238894 0.14597690
4.13549042 0.14839348
3.12565327 0.15689285
4.19012499 0.12577979
1.90107882 0.20119005
1.93188763 0.20977481
1.89075363 0.20410205
3.53112125 0.38622561
3.77436304 0.46470883
3.59682250 0.43019822
1.83291006 0.24330837
1.86575902 0.24866103
4.61723709 0.57465380
3.53112125 0.20585038
3.77436304 0.25876054
3.59682250 0.23686570
1.83291006 0.10014751
1.86575902 0.10066175
4.61723709 0.35883871
3.53112125 0.14581800
3.77436304 0.16693194
3.59682250 0.16627307
1.83291006 0.22941035
1.86575902 0.22679622
4.61723709 0.16610147
3.90497446 0.49659577
2.89116526 0.37946406
1.86427319 0.24785179
1.82794356 0.25779057
4.55578184 0.53213376
4.55311537 0.52334470
3.42637658 0.39923492
3.90497446 0.30131295
2.89116526 0.18826459
1.86427319 0.10489690
1.82794356 0.10663309
4.55578184 0.34906182
4.55311537 0.36324021
3.42637658 0.22667386
3.90497446 0.17037885
2.89116526 0.17610610
1.86427319 0.23577066
1.82794356 0.23695207
4.55578184 0.16222715
4.55311537 0.16109177
3.42637658 0.16574384
3.47868848 0.44794878
4.54916716 0.54721391
4.07051945 0.51224136
3.88042665 0.44812787
3.82646537 0.41503152
1.85132861 0.26010671
3.96487904 0.46915984
1.85308468 0.24515253
3.52115417 0.41167891
3.47868848 0.21598725
4.54916716 0.30699235
4.07051945 0.27843583
3.88042665 0.24577279
3.82646537 0.21764480
1.85132861 0.09500429
3.96487904 0.26259711
1.85308468 0.09508695
3.52115417 0.20018929
3.47868848 0.16466974
4.54916716 0.16253808
4.07051945 0.16302487
3.88042665 0.16667955
3.82646537 0.13937975
1.85132861 0.23040134
3.96487904 0.16198997
1.85308468 0.22797029
3.52115417 0.15869147
4.51720858 0.54369599
3.75805902 0.44723621
4.61864090 0.52135980
3.09623075 0.36814153
3.73414040 0.46028936
4.32572031 0.49428919
1.81627500 0.26406398
3.86013150 0.49146271
4.51720858 0.27125344
3.75805902 0.20784433
4.61864090 0.28323528
3.09623075 0.15300055
3.73414040 0.21856414
4.32572031 0.24924563
1.81627500 0.08403171
3.86013150 0.23598777
4.51720858 0.13730893
3.75805902 0.14248724
4.61864090 0.13490109
3.09623075 0.15610527
3.73414040 0.14294915
4.32572031 0.13678445
1.81627500 0.21331529
3.86013150 0.14408226
1.88151360 0.25506818
3.63557816 0.37723720
1.88130128 0.25176278
4.23784304 0.48213467
1.92583501 0.26681593
3.14531016 0.41018906
1.88151360 0.08982400
3.63557816 0.18829240
1.88130128 0.09088707
4.23784304 0.26069179
1.92583501 0.09060052
3.14531016 0.17461133
1.88151360 0.22012605
3.63557816 0.13949476
1.88130128 0.20889388
4.23784304 0.15525563
1.92583501 0.21981628
3.14531016 0.16173972
4.51362991 0.51351422
4.41747141 0.47302485
3.48538446 0.43302754
1.87753916 0.25468841
3.79467463 0.39192355
3.51200914 0.41483119
1.86661971 0.24639320
4.08330202 0.49604964
3.90367126 0.45082280
4.51362991 0.31384644
4.41747141 0.30250448
3.48538446 0.21317063
1.87753916 0.09692865
3.79467463 0.22925228
3.51200914 0.22456782
1.86661971 0.09682643
4.08330202 0.28732035
3.90367126 0.25727481
4.51362991 0.16446215
4.41747141 0.13916530
3.48538446 0.16766620
1.87753916 0.22987436
3.79467463 0.14637846
3.51200914 0.16524199
1.86661971 0.23058529
4.08330202 0.16963571
3.90367126 0.16069061
4.42165136 0.47343636
3.71356487 0.42844114
1.83401239 0.24575041
3.44150114 0.44100007
3.64987636 0.42909932
3.92061996 0.49838746
4.42165136 0.28749982
3.71356487 0.22480589
1.83401239 0.08936559
3.44150114 0.20563860
3.64987636 0.22950546
3.92061996 0.26363805
4.42165136 0.13233562
3.71356487 0.15188517
1.83401239 0.21883649
3.44150114 0.16586007
3.64987636 0.14932995
3.92061996 0.15821786
4.62628031 0.53967398
4.60937262 0.52040327
4.10297537 0.47104731
3.76550269 0.46373507
3.41898108 0.40127444
1.84119248 0.26660505
3.83355093 0.44816542
2.85749483 0.37786484
4.62628031 0.36548209
4.60937262 0.36183217
4.10297537 0.30411467
3.76550269 0.28674269
3.41898108 0.22676337
1.84119248 0.10891714
3.83355093 0.30331728
2.85749483 0.19418244
4.62628031 0.16567345
4.60937262 0.16128722
4.10297537 0.17431729
3.76550269 0.17204903
3.41898108 0.16599034
1.84119248 0.23625565
3.83355093 0.17194629
2.85749483 0.18031317
3.52345896 0.38548025
3.77367926 0.46463373
3.60824108 0.43140316
1.83536959 0.24353285
1.85376835 0.24755986
4.62144279 0.57513523
3.52345896 0.20540546
3.77367926 0.25908390
3.60824108 0.23854023
1.83536959 0.10041497
1.85376835 0.10008632
4.62144279 0.36015010
3.52345896 0.14613701
3.77367926 0.16745144
3.60824108 0.16676261
1.83536959 0.22947025
1.85376835 0.22787000
4.62144279 0.16676416
4.52022362 0.51419771
4.40740395 0.47203386
3.48103380 0.43255195
1.88829839 0.25571698
3.80524158 0.39290035
3.53009629 0.41670081
1.85574961 0.24539660
4.09708405 0.49755931
3.88685322 0.44909620
4.52022362 0.31473461
4.40740395 0.30065933
3.48103380 0.21259929
1.88829839 0.09745407
3.80524158 0.23047425
3.53009629 0.22648321
1.85574961 0.09618893
4.09708405 0.28846166
3.88685322 0.25517654
4.52022362 0.16425063
4.40740395 0.13891543
3.48103380 0.16745250
1.88829839 0.22897418
3.80524158 0.14623149
3.53009629 0.16501226
1.85574961 0.23119575
4.09708405 0.16942541
3.88685322 0.16039898
3.99769354 0.48929799
4.17812634 0.47906080
3.22597051 0.41678903
4.06278276 0.47956184
4.47801876 0.45537460
1.89584649 0.25312790
3.27056050 0.40762314
1.85541964 0.26904804
3.99769354 0.26292929
4.17812634 0.26480666
3.22597051 0.18366314
4.06278276 0.25931290
4.47801876 0.30339971
1.89584649 0.09778214
3.27056050 0.17875595
1.85541964 0.09584229
3.99769354 0.15491855
4.17812634 0.14858131
3.22597051 0.16101040
4.06278276 0.15088199
4.47801876 0.12897731
1.89584649 0.20337687
3.27056050 0.15775441
1.85541964 0.21212852
4.12612963 0.47343609
3.06416297 0.38720620
4.14123297 0.47525868
1.90671337 0.27333292
3.16640139 0.37925971
4.19737768 0.50855309
1.85855687 0.26937342
4.12612963 0.22221924
3.06416297 0.15019129
4.14123297 0.22231407
1.90671337 0.08282699
3.16640139 0.15853782
4.19737768 0.22528805
1.85855687 0.08316029
4.12612963 0.14691943
3.06416297 0.15942368
4.14123297 0.13925238
1.90671337 0.20264357
3.16640139 0.15669008
4.19737768 0.14523251
1.85855687 0.20742004
1.87385333 0.27096206
3.96156454 0.46148792
4.14896822 0.50324488
1.94230747 0.27701393
3.34459949 0.39331433
1.89686871 0.26464084
4.12773800 0.47082487
1.87385333 0.09296188
3.96156454 0.25617546
4.14896822 0.25217083
1.94230747 0.09613452
3.34459949 0.18344921
1.89686871 0.09343770
4.12773800 0.25469121
1.87385333 0.21226096
3.96156454 0.15620349
4.14896822 0.15909459
1.94230747 0.20845830
3.34459949 0.16390605
1.89686871 0.22530471
4.12773800 0.15546693
3.27740955 0.42511550
1.94230020 0.27701318
1.91064787 0.25213856
1.87003446 0.26196545
4.09859991 0.46783456
3.27740955 0.16447034
1.94230020 0.08399876
1.91064787 0.07962456
1.87003446 0.08128883
4.09859991 0.21417837
3.27740955 0.15722613
1.94230020 0.19928177
1.91064787 0.21429946
1.87003446 0.21531475
4.09859991 0.14037430
3.92288208 0.49864653
4.00603819 0.46612239
3.24505258 0.39322564
1.81245542 0.25564983
4.55311346 0.56731564
3.48225188 0.40733707
3.94693685 0.45526680
3.92288208 0.29631057
4.00603819 0.31213140
3.24505258 0.22073616
1.81245542 0.10474948
4.55311346 0.35661414
3.48225188 0.23518904
3.94693685 0.28935263
3.92288208 0.16859007
4.00603819 0.16430749
3.24505258 0.17038937
1.81245542 0.23955257
4.55311346 0.16596630
3.48225188 0.17158455
3.94693685 0.16466303
4.01483297 0.49118838
4.12655067 0.51862025
3.13564277 0.38179290
4.19637489 0.42915979
1.90431476 0.25392404
1.93930984 0.26815531
1.88453746 0.27207369
4.01483297 0.21382654
4.12655067 0.22192645
3.13564277 0.15051548
4.19637489 0.22428374
1.90431476 0.08302427
1.93930984 0.07891948
1.88453746 0.07976373
4.01483297 0.14575545
4.12655067 0.14814578
3.13564277 0.15657933
4.19637489 0.12562118
1.90431476 0.20081997
1.93930984 0.20900036
1.88453746 0.20444323
1.88369477 0.25527668
3.63937807 0.37758747
1.88501215 0.25211075
4.24069977 0.48242831
1.92429376 0.26666287
3.14535093 0.41019368
1.88369477 0.08986425
3.63937807 0.18845974
1.88501215 0.09101444
4.24069977 0.26070639
1.92429376 0.09044790
3.14535093 0.17443971
1.88369477 0.21982288
3.63937807 0.13936664
1.88501215 0.20849277
4.24069977 0.15502761
1.92429376 0.21977840
3.14535093 0.16158842
3.47384834 0.44464397
3.46276331 0.42840913
4.44927311 0.52075177
1.81282985 0.24313419
3.88068891 0.44846347
4.07308865 0.49761680
3.47384834 0.16568600
3.46276331 0.16842408
4.44927311 0.24418761
1.81282985 0.07228339
3.88068891 0.19466746
4.07308865 0.21722673
3.47384834 0.14919542
3.46276331 0.15174399
4.44927311 0.13673623
1.81282985 0.22065324
3.88068891 0.13595347
4.07308865 0.13946751
4.48076534 0.51010841
1.85071003 0.25213110
4.15656567 0.42546096
2.93023634 0.35515341
4.22991085 0.48131934
1.86109698 0.26041663
3.88047147 0.49379054
4.59283304 0.57186061
4.48076534 0.19934143
1.85071003 0.06649954
4.15656567 0.17833318
2.93023634 0.11333048
4.22991085 0.18794467
1.86109698 0.06612242
3.88047147 0.18075538
4.59283304 0.21196055
4.48076534 0.13256024
1.85071003 0.20343803
4.15656567 0.12117042
2.93023634 0.15380619
4.22991085 0.13111538
1.86109698 0.20778938
3.88047147 0.13532509
4.59283304 0.13039626
3.86377931 0.49188015
1.87542927 0.27011251
4.59120464 0.55184287
4.57876301 0.53459114
1.84805119 0.24635972
2.77953100 0.35656980
3.86377931 0.30490014
1.87542927 0.11321612
4.59120464 0.36635375
4.57876301 0.37154391
1.84805119 0.10910445
2.77953100 0.18626565
3.86377931 0.16953145
1.87542927 0.22587538
4.59120464 0.16558838
4.57876301 0.15852092
1.84805119 0.23594612
2.77953100 0.17653497
3.89716506 0.49253592
1.78043079 0.24018486
4.28480434 0.49006486
3.15257454 0.39678165
4.44673777 0.52048105
4.50802755 0.45817211
3.62468028 0.42648885
4.25454283 0.48385134
3.89716506 0.22258173
1.78043079 0.07665119
4.28480434 0.24171561
3.15257454 0.15627359
4.44673777 0.25364813
4.50802755 0.26697400
3.62468028 0.19297080
4.25454283 0.23983361
3.89716506 0.14875746
1.78043079 0.22839732
4.28480434 0.13991287
3.15257454 0.15891658
4.44673777 0.14255710
4.50802755 0.12806682
3.62468028 0.14873482
4.25454283 0.14153416
3.60780430 0.42016521
4.28776979 0.49037099
4.49346495 0.54413700
3.09727407 0.37779233
3.72342157 0.38534126
1.78645849 0.24293905
4.29002523 0.48750010
3.88321209 0.47416458
3.79997396 0.48458192
3.60780430 0.23743372
4.28776979 0.32616761
4.49346495 0.35291839
3.09727407 0.20072295
3.72342157 0.24760900
1.78645849 0.10705942
4.29002523 0.33284375
3.88321209 0.28623858
3.79997396 0.29999804
3.60780430 0.17468853
4.28776979 0.16296370
4.49346495 0.16667019
3.09727407 0.17307550
3.72342157 0.15183055
1.78645849 0.22414799
4.29002523 0.16516463
3.88321209 0.17306088
3.79997396 0.17305847
4.13828135 0.44557926
3.92687082 0.45023552
3.91248107 0.47736195
3.47728586 0.40683040
1.80402207 0.24301539
4.46943569 0.51456940
4.13828135 0.24664672
3.92687082 0.24338038
3.91248107 0.24390791
3.47728586 0.19871356
1.80402207 0.08782276
4.46943569 0.31462827
4.13828135 0.13219322
3.92687082 0.15011394
3.91248107 0.15632834
3.47728586 0.15845114
1.80402207 0.22614087
4.46943569 0.15377255
3.95599961 0.49921843
3.96071053 0.48263368
1.80547023 0.24246269
3.40211678 0.39955950
4.07596302 0.49793410
4.38737106 0.50597078
3.95599961 0.30350795
3.96071053 0.31145093
1.80547023 0.10474785
3.40211678 0.23349862
4.07596302 0.32352799
4.38737106 0.35422561
3.95599961 0.17633711
3.96071053 0.17698848
1.80547023 0.24257797
3.40211678 0.16693224
4.07596302 0.17316003
4.38737106 0.16482623
4.12256432 0.41198763
3.29668880 0.43202004
4.07185555 0.40949586
4.12256432 0.29212800
3.29668880 0.23784523
4.07185555 0.28141627
4.12256432 0.14139703
3.29668880 0.16598424
4.07185555 0.13568193
4.42922449 0.54068738
4.18796873 0.54555035
3.68147850 0.36029109
3.91697598 0.40083417
4.28294802 0.45500326
4.42911577 0.56312627
4.42922449 0.45225307
4.18796873 0.41969797
3.68147850 0.31611013
3.91697598 0.31629929
4.28294802 0.40903246
4.42911577 0.41948891
4.42922449 0.16348167
4.18796873 0.17236459
3.68147850 0.14960533
3.91697598 0.14438610
4.28294802 0.14447786
4.42911577 0.17058207
3.50082207 0.46442309
4.10211754 0.42257118
4.16807413 0.40262929
4.38202524 0.44388354
3.99327612 0.42682493
4.50239992 0.57167846
3.50082207 0.21326227
4.10211754 0.24040990
4.16807413 0.25790197
4.38202524 0.25072572
3.99327612 0.23139565
4.50239992 0.27839744
3.50082207 0.15245293
4.10211754 0.12680113
4.16807413 0.12631895
4.38202524 0.12332200
3.99327612 0.12821765
4.50239992 0.13846983
1.87193787 0.27889469
4.25787163 0.43716264
3.02523327 0.38636109
4.13947010 0.52938914
4.06981039 0.54178172
1.87193787 0.08855704
4.25787163 0.23188622
3.02523327 0.15752351
4.13947010 0.24110191
4.06981039 0.23522842
1.87193787 0.22464037
4.25787163 0.13003346
3.02523327 0.16382913
4.13947010 0.14844672
4.06981039 0.14698464
1.87925303 0.27968034
3.17997408 0.40314671
4.58887434 0.45432949
1.93319845 0.28023812
1.87066042 0.28329605
1.87925303 0.09872050
3.17997408 0.19022788
4.58887434 0.29257622
1.93319845 0.09581747
1.87066042 0.09397992
1.87925303 0.20980413
3.17997408 0.15412240
4.58887434 0.12461663
1.93319845 0.21053940
1.87066042 0.20827521
3.58169770 0.47392550
1.74404275 0.25278208
4.36048174 0.41944870
3.10562062 0.42597416
3.58169770 0.29339811
1.74404275 0.11014622
4.36048174 0.36275443
3.10562062 0.22197205
3.58169770 0.17154898
1.74404275 0.24182500
4.36048174 0.15085328
3.10562062 0.18399574
4.31232500 0.52770960
3.06534481 0.42118809
3.75243163 0.38991627
4.02649641 0.40536442
4.26058149 0.45282426
4.31232500 0.33746684
3.06534481 0.19559686
3.75243163 0.23306356
4.02649641 0.24816430
4.26058149 0.31242350
4.31232500 0.15645790
3.06534481 0.17092721
3.75243163 0.15289132
4.02649641 0.14201938
4.26058149 0.14449103
3.97631717 0.52047676
3.51405549 0.43962443
1.78739595 0.27419633
4.28732109 0.43992436
4.54018068 0.45227686
3.99736118 0.42722163
3.74861670 0.48405865
3.97631717 0.22490363
3.51405549 0.17699157
1.78739595 0.07627299
4.28732109 0.22798027
4.54018068 0.24110718
3.99736118 0.20394249
3.74861670 0.19382183
3.97631717 0.14569129
3.51405549 0.14849259
1.78739595 0.22450662
4.28732109 0.12740867
4.54018068 0.12210663
3.99736118 0.13055877
3.74861670 0.14533940
1.90286636 0.28222182
1.91251802 0.26943275
3.22252011 0.42352906
1.89837432 0.28634864
1.90286636 0.07997721
1.91251802 0.07727806
3.22252011 0.14222753
1.89837432 0.07409180
1.90286636 0.20359941
1.91251802 0.19478650
3.22252011 0.14923659
1.89837432 0.20091318
4.10764599 0.50502819
4.14045238 0.55033517
3.54162073 0.34818670
3.57684255 0.38650605
4.14199352 0.52968258
4.10764599 0.31367460
4.14045238 0.31209841
3.54162073 0.22806831
3.57684255 0.22991090
4.14199352 0.31154767
4.10764599 0.15627457
4.14045238 0.15884425
3.54162073 0.14502464
3.57684255 0.14611554
4.14199352 0.16273527
4.01392460 0.38918361
3.25384855 0.43550310
1.84819794 0.26302236
4.17328978 0.55431354
4.01392460 0.23204567
3.25384855 0.18388410
1.84819794 0.09090313
4.17328978 0.25696307
4.01392460 0.13064718
3.25384855 0.16236569
1.84819794 0.20993255
4.17328978 0.14639030
3.91770172 0.51354474
3.98237491 0.39930284
1.84421146 0.27088639
2.94356441 0.40675119
4.45320845 0.47160637
3.91770172 0.29713979
3.98237491 0.24290174
1.84421146 0.10257605
2.94356441 0.18659385
4.45320845 0.34166157
3.91770172 0.16809575
3.98237491 0.14066927
1.84421146 0.23300163
2.94356441 0.17391717
4.45320845 0.14157920
4.07714081 0.54266894
4.12150002 0.53766912
3.41569185 0.35864058
4.61839485 0.45944095
3.92628884 0.42032275
4.07714081 0.22625589
4.12150002 0.26131952
3.41569185 0.15041690
4.61839485 0.25335446
3.92628884 0.20987554
4.07714081 0.14109378
4.12150002 0.14502074
3.41569185 0.14659537
4.61839485 0.12239832
3.92628884 0.13331497
1.87458503 0.27917889
4.25588369 0.43697628
3.02663326 0.38651255
4.14257336 0.52975005
4.07287455 0.54215258
1.87458503 0.08872440
4.25588369 0.23171876
3.02663326 0.15768710
4.14257336 0.24148612
4.07287455 0.23559590
1.87458503 0.22449136
4.25588369 0.13006006
3.02663326 0.16383336
4.14257336 0.14848621
4.07287455 0.14701523
3.26093721 0.44447908
4.16488361 0.42844820
4.16652632 0.40249416
3.25206637 0.35526672
4.14518309 0.53005356
3.26093721 0.18390411
4.16488361 0.25314561
4.16652632 0.26866585
3.25206637 0.16104463
4.14518309 0.26603290
3.26093721 0.15598202
4.16488361 0.12979817
4.16652632 0.12847210
3.25206637 0.15040816
4.14518309 0.14578409
3.99924302 0.52318949
4.09305286 0.50341320
1.80945492 0.27659610
4.43041992 0.45335576
3.61601591 0.39028743
3.14788127 0.41500095
3.99924302 0.28745830
4.09305286 0.29199901
1.80945492 0.09827911
4.43041992 0.32369277
3.61601591 0.22303998
3.14788127 0.19442980
3.99924302 0.16792034
4.09305286 0.16084842
1.80945492 0.23810191
4.43041992 0.14065538
3.61601591 0.15078412
3.14788127 0.16783579
4.10787773 0.50505382
4.14169073 0.55048513
3.54115343 0.34814632
3.57681894 0.38650379
4.14471865 0.52999949
4.10787773 0.31364998
4.14169073 0.31218949
3.54115343 0.22793730
3.57681894 0.22982703
4.14471865 0.31179830
4.10787773 0.15624289
4.14169073 0.15882517
3.54115343 0.14500295
3.57681894 0.14609323
4.14471865 0.16271727
4.11183929 0.50549227
3.15462184 0.42393109
4.36587381 0.43405461
1.88672459 0.27533934
1.84401560 0.28037208
4.17842484 0.44482484
4.11183929 0.23731411
3.15462184 0.15726790
4.36587381 0.21876840
1.88672459 0.07938641
1.84401560 0.07840820
4.17842484 0.22687803
4.11183929 0.14209367
3.15462184 0.15789546
4.36587381 0.12397549
1.88672459 0.21103875
1.84401560 0.20953296
4.17842484 0.12878986
4.12776184 0.54879802
4.12723684 0.53834909
3.57960725 0.37384078
4.36370611 0.41973087
3.50095987 0.37918869
4.12776184 0.31210920
4.12723684 0.34475335
3.57960725 0.22902648
4.36370611 0.36325213
3.50095987 0.23001336
4.12776184 0.16783243
4.12723684 0.17569660
3.57960725 0.15184423
4.36370611 0.14599566
3.50095987 0.15486337
1.87228870 0.27893236
4.25582218 0.43697047
3.02518249 0.38635555
4.14058971 0.52951938
4.07080030 0.54190153
1.87228870 0.08864445
4.25582218 0.23189537
3.02518249 0.15765415
4.14058971 0.24141748
4.07080030 0.23552708
1.87228870 0.22471084
4.25582218 0.13013361
3.02518249 0.16393074
4.14058971 0.14859374
4.07080030 0.14711590
4.01689768 0.38944268
3.24964476 0.43501222
1.84392011 0.26259825
4.16665983 0.55351013
4.01689768 0.23205984
3.24964476 0.18327452
1.84392011 0.09056699
4.16665983 0.25591299
4.01689768 0.13050653
3.24964476 0.16222464
1.84392011 0.21014975
4.16665983 0.14617041
1.88117266 0.27988666
1.86948669 0.26513726
4.10588646 0.52548468
3.20979309 0.43837753
1.88117266 0.10291013
1.86948669 0.10042312
4.10588646 0.28012460
3.20979309 0.19088145
1.88117266 0.22240096
1.86948669 0.20876442
4.10588646 0.15402566
3.20979309 0.15550630
4.42135763 0.53981358
4.17387438 0.54387873
4.46943092 0.42898870
3.61217332 0.37276956
4.51842737 0.44791985
3.24416327 0.42600515
4.50163984 0.44874850
4.42135763 0.22904898
4.17387438 0.21465345
4.46943092 0.22974813
3.61217332 0.13122223
4.51842737 0.20781355
3.24416327 0.13371071
4.50163984 0.20776772
4.42135763 0.12463561
4.17387438 0.12973052
4.46943092 0.11705665
3.61217332 0.13145149
4.51842737 0.11337123
3.24416327 0.14322324
4.50163984 0.11257631
1.87517309 0.27924207
3.18368745 0.40355048
4.58199310 0.45370319
1.92626977 0.27950582
1.87433898 0.28370059
1.87517309 0.09861322
3.18368745 0.19092548
4.58199310 0.29221413
1.92626977 0.09556792
1.87433898 0.09433109
1.87517309 0.21027182
3.18368745 0.15430917
4.58199310 0.12487468
1.92626977 0.21122657
1.87433898 0.20815657
1.89528549 0.28140500
1.91658616 0.26984021
3.21580243 0.42276081
1.89906156 0.28642449
1.89528549 0.07964528
1.91658616 0.07751327
3.21580243 0.14180592
1.89906156 0.07415357
1.89528549 0.20419548
1.91658616 0.19451608
3.21580243 0.14938842
1.89906156 0.20087834
1.87613475 0.27934533
3.17962408 0.40310863
4.58526134 0.45400062
1.93002331 0.27990246
1.87009561 0.28323394
1.87613475 0.09867564
3.17962408 0.19052111
4.58526134 0.29269159
1.93002331 0.09577832
1.87009561 0.09408843
1.87613475 0.21020804
3.17962408 0.15433091
4.58526134 0.12484804
1.93002331 0.21096951
1.87009561 0.20847827
3.50589895 0.43873048
3.85851717 0.39544106
4.14188004 0.52966940
3.86365747 0.39055333
4.28645706 0.56803519
3.50589895 0.30524635
3.85851717 0.30079898
4.14188004 0.38152441
3.86365747 0.29089758
4.28645706 0.41668987
3.50589895 0.18167746
3.85851717 0.15664162
4.14188004 0.18238352
3.86365747 0.15091352
4.28645706 0.17564495
4.27413940 0.52347398
4.27106810 0.56616825
4.33517838 0.43953642
4.53964615 0.44984999
4.51683283 0.46147549
4.15334749 0.53100300
3.64543724 0.37076160
4.27413940 0.21246769
4.27106810 0.21479519
4.33517838 0.19113398
4.53964615 0.20588167
4.51683283 0.21759534
4.15334749 0.19501829
3.64543724 0.12714578
4.27413940 0.13199453
4.27106810 0.13303104
4.33517838 0.12123233
4.53964615 0.11805568
4.51683283 0.12179623
4.15334749 0.13351713
3.64543724 0.13462965
3.83896637 0.50424224
4.59647942 0.46896505
3.60027504 0.44908288
4.47693014 0.56870550
3.83896637 0.42218193
4.59647942 0.50530446
3.60027504 0.39000776
4.47693014 0.48296317
3.83896637 0.21510743
4.59647942 0.16657399
3.60027504 0.19411169
4.47693014 0.21258533
4.02577400 0.39021614
4.05851364 0.49959210
3.53100753 0.45894250
4.14439440 0.55081266
4.07123327 0.43439892
4.02577400 0.27265945
4.05851364 0.29657808
3.53100753 0.22493804
4.14439440 0.29451761
4.07123327 0.27080140
4.02577400 0.13580102
4.05851364 0.14976704
3.53100753 0.15713912
4.14439440 0.15210052
4.07123327 0.13652702
3.90792179 0.51238871
3.98579884 0.39961234
1.84096003 0.27054700
2.92936277 0.40507117
4.44701576 0.47100201
3.90792179 0.29600906
3.98579884 0.24331145
1.84096003 0.10237399
2.92936277 0.18528908
4.44701576 0.34069705
3.90792179 0.16808213
3.98579884 0.14067563
1.84096003 0.23321104
2.92936277 0.17415030
4.44701576 0.14155029
4.32651567 0.41647682
3.90553784 0.51210696
2.87504911 0.37015119
4.52894163 0.57477731
4.32651567 0.36865103
3.90553784 0.33151197
2.87504911 0.21311359
4.52894163 0.38196442
4.32651567 0.14225586
3.90553784 0.17079055
2.87504911 0.17398299
4.52894163 0.16468996
3.59970999 0.41933715
3.09353757 0.38640770
4.32294035 0.44305196
3.59970999 0.18278651
3.09353757 0.15628220
4.32294035 0.25240147
3.59970999 0.15595792
3.09353757 0.16777308
4.32294035 0.14171837
3.78624797 0.42657790
1.87230551 0.26024029
3.59383178 0.37505290
4.33177948 0.53262305
3.78624797 0.27413204
1.87230551 0.11210969
3.59383178 0.24056391
4.33177948 0.36681545
3.78624797 0.14598207
1.87230551 0.24335670
3.59383178 0.15555863
4.33177948 0.15643920
4.12104034 0.47291100
4.42124701 0.49151787
4.35971165 0.52334839
4.29205418 0.47086206
1.86875153 0.26501897
4.19949341 0.41714987
4.12104034 0.21883053
4.42124701 0.25728744
4.35971165 0.24730985
4.29205418 0.23533565
1.86875153 0.08489946
4.19949341 0.23253451
4.12104034 0.13723804
4.42124701 0.12841463
4.35971165 0.13955404
4.29205418 0.12647498
1.86875153 0.22926365
4.19949341 0.12939614
3.42328238 0.40132415
3.42328238 0.37521592
3.42328238 0.22394049
1.80618358 0.24252774
4.04872131 0.44632789
3.85597515 0.47945556
1.80618358 0.10682213
4.04872131 0.29899246
3.85597515 0.29625991
1.80618358 0.26132873
4.04872131 0.16799784
3.85597515 0.17966159
4.49856997 0.51195341
4.15910244 0.50146455
3.66706276 0.45844564
4.49856997 0.36921385
4.15910244 0.35787740
3.66706276 0.31503031
4.49856997 0.18041129
4.15910244 0.18839179
3.66706276 0.19010000
4.55545759 0.51785064
3.63901615 0.45533219
4.55545759 0.25894031
3.63901615 0.21443690
4.55545759 0.14421780
3.63901615 0.15325052
3.15644073 0.37422720
4.54866219 0.50459868
3.61983562 0.44293642
4.45830441 0.48765847
4.28933764 0.52786803
3.15644073 0.13648753
4.54866219 0.23085277
3.61983562 0.15811761
4.45830441 0.22063959
4.28933764 0.21848916
3.15644073 0.15761849
4.54866219 0.12999167
3.61983562 0.14974250
4.45830441 0.12885411
4.28933764 0.14348800
4.47668362 0.50968546
3.77910423 0.42585015
1.79263353 0.25249985
4.33906984 0.44456330
4.25393105 0.52390289
4.47668362 0.31006864
3.77910423 0.23952734
1.79263353 0.09642228
4.33906984 0.33266178
4.25393105 0.31054690
4.47668362 0.15642762
3.77910423 0.14645709
1.79263353 0.24535985
4.33906984 0.14415048
4.25393105 0.15838973
1.81387186 0.24322933
4.56593132 0.54589403
3.83324504 0.42465994
3.49086070 0.43891266
1.81387186 0.11153331
4.56593132 0.37381104
3.83324504 0.27617839
3.49086070 0.26132753
1.81387186 0.25689587
4.56593132 0.17982472
3.83324504 0.16271047
3.49086070 0.18331067
1.81594920 0.24341905
3.52536416 0.39381418
1.88463092 0.26662043
3.70440149 0.37257949
1.81594920 0.15088524
3.52536416 0.34207559
1.88463092 0.16061053
3.70440149 0.37405381
1.81594920 0.32090160
3.52536416 0.22424774
1.88463092 0.31872511
3.70440149 0.21865219
3.92057276 0.48665413
4.41708469 0.48349163
1.79739833 0.24172725
4.41317081 0.52918839
3.92057276 0.35116768
4.41708469 0.41946337
1.79739833 0.12003999
4.41317081 0.40500832
3.92057276 0.20044683
4.41708469 0.16853009
1.79739833 0.27593330
4.41317081 0.19526355
4.15172482 0.47607753
4.52331924 0.54123151
4.15172482 0.44789159
4.52331924 0.49255204
4.15172482 0.20535667
4.52331924 0.18718134
3.39752746 0.41897142
4.48404789 0.44289112
3.78416109 0.47146109
3.39752746 0.29026797
4.48404789 0.46123937
3.78416109 0.38454291
3.39752746 0.20051797
4.48404789 0.17646606
3.78416109 0.20487212
4.37237453 0.48650432
1.83645344 0.25674459
4.05437899 0.41792762
4.37237453 0.29432842
1.83645344 0.09153775
4.05437899 0.26064849
4.37237453 0.14431776
1.83645344 0.23837967
4.05437899 0.14818954
3.94140029 0.39387617
3.70718098 0.46290186
3.94140029 0.38810518
3.70718098 0.38540840
3.94140029 0.17953384
3.70718098 0.21307105
4.53906870 0.51615137
3.82427406 0.38334140
3.52265763 0.44243255
4.53906870 0.39430785
3.82427406 0.30227053
3.52265763 0.28670460
4.53906870 0.17263536
3.82427406 0.15700206
3.52265763 0.18129225
1.81209755 0.25933656
4.25552940 0.46717548
3.38950229 0.39788353
3.46053100 0.35075614
1.81209755 0.09343448
4.25552940 0.28949767
3.38950229 0.19115704
3.46053100 0.18102957
1.81209755 0.24925952
4.25552940 0.14935808
3.38950229 0.17391618
3.46053100 0.16938521
4.56658554 0.55896717
4.49293327 0.51136929
4.49304008 0.44370580
4.09354496 0.49432465
4.27870274 0.43890831
4.56658554 0.28207967
4.49293327 0.26001519
4.49304008 0.27605334
4.09354496 0.24677826
4.27870274 0.26393735
4.56658554 0.14630304
4.49293327 0.14295615
4.49304008 0.13147680
4.09354496 0.14208245
4.27870274 0.13431704
1.81835437 0.24363881
3.52370334 0.39364818
1.87960398 0.26611307
3.69918585 0.37211171
1.81835437 0.15121827
3.52370334 0.34221825
1.87960398 0.16025887
3.69918585 0.37343523
1.81835437 0.32119480
3.52370334 0.22455226
1.87960398 0.31921175
3.69918585 0.21886249
4.17690229 0.47867677
4.17690229 0.24616838
4.17690229 0.14126331
4.16210890 0.50179213
4.21700859 0.41873202
3.01512313 0.38656506
4.16210890 0.24440409
4.21700859 0.25422683
3.01512313 0.16386479
4.16210890 0.15213780
4.21700859 0.14043902
3.01512313 0.17402339
4.59771442 0.56246418
3.63939738 0.42339849
3.09739041 0.38681865
3.73784542 0.38842687
4.59771442 0.35743985
3.63939738 0.23952554
3.09739041 0.20280583
3.73784542 0.24867089
4.59771442 0.17124809
3.63939738 0.16887528
3.09739041 0.17692100
3.73784542 0.16209269
4.11716938 0.49689689
4.44055271 0.45407787
4.11716938 0.30858257
4.44055271 0.34939411
4.11716938 0.15444766
4.44055271 0.13937555
1.87050617 0.26519576
4.46674967 0.48851237
4.13526344 0.47437859
3.68912554 0.37120962
1.87050617 0.10410333
4.46674967 0.32958013
4.13526344 0.27699807
3.68912554 0.22155972
1.87050617 0.24948603
4.46674967 0.14537515
4.13526344 0.16482696
3.68912554 0.15932173
3.35605836 0.42401648
4.25927925 0.46755388
1.79667008 0.24166095
4.38714457 0.43411648
4.44912720 0.53311825
4.60655928 0.46966156
3.35605836 0.14728534
4.25927925 0.22010694
1.79667008 0.06916381
4.38714457 0.22320472
4.44912720 0.23022932
4.60655928 0.24902254
3.35605836 0.15755065
4.25927925 0.13056681
1.79667008 0.23082842
4.38714457 0.13099426
4.44912720 0.14213999
4.60655928 0.13001820
4.46967459 0.50895929
4.50663757 0.50028276
1.85070205 0.25813147
3.75147939 0.38969469
4.46967459 0.36090925
4.50663757 0.39236915
1.85070205 0.11622202
3.75147939 0.27427235
4.46967459 0.17233843
4.50663757 0.15760706
1.85070205 0.25404939
3.75147939 0.16484681
4.51044273 0.51318389
4.19806290 0.46864167
1.85587692 0.25863597
3.40689135 0.35774586
4.51044273 0.24919355
4.19806290 0.24100040
1.85587692 0.08155013
3.40689135 0.15045710
4.51044273 0.14170882
4.19806290 0.13288291
1.85587692 0.22777085
3.40689135 0.15311559
3.26728368 0.38545927
3.97425056 0.44575462
3.64428234 0.44557846
3.82331228 0.42366254
1.82130802 0.26025692
4.34507799 0.43031001
3.26728368 0.23800625
3.97425056 0.31587473
3.64428234 0.28910342
3.82331228 0.28309605
1.82130802 0.12267914
4.34507799 0.39872000
3.26728368 0.17662363
3.97425056 0.15166767
3.64428234 0.17499089
3.82331228 0.15496813
1.82130802 0.26628909
4.34507799 0.15166682
4.45776844 0.50772583
3.52086878 0.39959812
1.84547806 0.25762263
4.58145857 0.50011659
4.13083458 0.42507216
3.56086612 0.44666526
4.45776844 0.21039148
3.52086878 0.14379801
1.84547806 0.07194211
4.58145857 0.22691987
4.13083458 0.20947391
3.56086612 0.16513140
4.45776844 0.12871496
3.52086878 0.13764168
1.84547806 0.21646518
4.58145857 0.11707803
4.13083458 0.12340371
3.56086612 0.14462940
4.42883825 0.49229679
3.30734062 0.40928325
4.23489761 0.43480697
4.33195305 0.53264254
4.42883825 0.28090885
3.30734062 0.17545593
4.23489761 0.24590594
4.33195305 0.28747341
4.42883825 0.12567990
3.30734062 0.15124814
4.23489761 0.12705232
4.33195305 0.13655849
4.43794298 0.53189570
3.24755764 0.41206050
4.43794298 0.41215393
3.24755764 0.26828465
4.43794298 0.16870253
3.24755764 0.18296981
3.34930539 0.43836156
4.22099304 0.56355292
3.87947917 0.37711132
3.90638208 0.39794895
3.60092688 0.43153656
3.34930539 0.23574577
4.22099304 0.34245250
3.87947917 0.25504938
3.90638208 0.26591125
3.60092688 0.24984038
3.34930539 0.17507826
4.22099304 0.17864852
3.87947917 0.15112589
3.90638208 0.15081838
3.60092688 0.17253546
3.85206151 0.49635097
3.51276875 0.39903966
3.74692464 0.50599742
3.33929014 0.43233386
1.86426377 0.25529382
3.85206151 0.30638349
3.51276875 0.24810176
3.74692464 0.28319576
3.33929014 0.22264946
1.86426377 0.11333388
3.85206151 0.16666205
3.51276875 0.15464540
3.74692464 0.16811477
3.33929014 0.16715096
1.86426377 0.24664223
1.85902894 0.27258423
4.42030382 0.49149147
3.28004265 0.44974759
4.63285303 0.46493593
1.87874210 0.27242351
4.03495693 0.47731707
1.85902894 0.10577448
4.42030382 0.32807514
3.28004265 0.20612252
4.63285303 0.34390044
1.87874210 0.10149678
4.03495693 0.27483863
1.85902894 0.22815500
4.42030382 0.13050826
3.28004265 0.15918486
4.63285303 0.12458914
1.87874210 0.22691512
4.03495693 0.15447341
4.27157068 0.56971353
3.97148252 0.51019698
3.31628060 0.42973459
4.27157068 0.22309257
3.97148252 0.21934742
3.31628060 0.15304334
4.27157068 0.13056655
3.97148252 0.13141760
3.31628060 0.14523016
4.26752424 0.47585741
2.88545990 0.40269867
3.80977416 0.45352295
4.60029125 0.57638276
4.26752424 0.40989468
2.88545990 0.21836458
3.80977416 0.32286319
4.60029125 0.40374139
4.26752424 0.14655621
2.88545990 0.18272632
3.80977416 0.17136814
4.60029125 0.16121663
4.32363749 0.57605904
4.01623678 0.51539183
4.13408852 0.52283293
4.00562906 0.47421345
4.32363749 0.34554240
4.01623678 0.33350864
4.13408852 0.35901973
4.00562906 0.32259843
4.32363749 0.16276331
4.01623678 0.16367014
4.13408852 0.16468477
4.00562906 0.16538233
3.38272333 0.46207252
3.97873712 0.47136882
3.38272333 0.15786819
3.97873712 0.23182714
3.38272333 0.14486729
3.97873712 0.14425491
3.91203427 0.50330144
1.85793483 0.28443033
3.91203427 0.32838723
1.85793483 0.11358983
3.91203427 0.18261890
1.85793483 0.22943240
3.91143870 0.50323242
4.07974339 0.45667520
1.85608089 0.28422675
3.88290930 0.46124157
3.91143870 0.21561223
4.07974339 0.24068452
1.85608089 0.08085526
3.88290930 0.21812098
3.91143870 0.13527551
4.07974339 0.12417883
1.85608089 0.20679516
3.88290930 0.13495864
3.71138287 0.36247516
4.48928547 0.52554697
3.14790177 0.41076025
3.71138287 0.28509685
4.48928547 0.43165517
3.14790177 0.25246158
3.71138287 0.15892823
4.48928547 0.17438595
3.14790177 0.18177794
4.58965826 0.43932906
4.05219984 0.45386496
3.60561681 0.48891959
3.04418492 0.37343428
4.58419514 0.57452971
4.58965826 0.27586168
4.05219984 0.25953522
3.60561681 0.22460179
3.04418492 0.15991266
4.58419514 0.27614373
4.58965826 0.12468340
4.05219984 0.13730596
3.60561681 0.14965858
3.04418492 0.16605271
4.58419514 0.14542967
4.38696289 0.55853242
4.25185633 0.56731182
3.46664310 0.34124777
4.43758488 0.44687870
4.52655315 0.52951425
3.99435210 0.50683838
4.38696289 0.25126776
4.25185633 0.22813839
3.46664310 0.13885479
4.43758488 0.24240851
4.52655315 0.25166985
3.99435210 0.21672176
4.38696289 0.14550637
4.25185633 0.14751406
3.46664310 0.14984749
4.43758488 0.13240485
4.52655315 0.14536226
3.99435210 0.14767890
4.28581095 0.41264391
3.92258573 0.50452489
1.80809581 0.26516876
4.28581095 0.28641710
3.92258573 0.27768651
1.80809581 0.09394544
4.28581095 0.13399456
3.92258573 0.15793864
1.80809581 0.22727394
2.73858523 0.36886975
1.79207051 0.26353461
2.73858523 0.22851028
1.79207051 0.13184051
2.73858523 0.19577914
1.79207051 0.26451728
4.63255501 0.44310305
4.14859200 0.46370366
1.74755514 0.24436879
4.63255501 0.37995377
4.14859200 0.35840449
1.74755514 0.10697982
4.63255501 0.14193076
4.14859200 0.15956515
1.74755514 0.25403175
3.50874949 0.39863291
3.72574067 0.50343460
1.82422245 0.25151983
3.50874949 0.35638607
3.72574067 0.41575477
1.82422245 0.15576009
3.50874949 0.18678610
3.72574067 0.19235665
1.82422245 0.27854982
3.50798559 0.45660463
4.48596573 0.45134962
4.11379242 0.52050799
3.50500083 0.42146823
3.50798559 0.18477225
4.48596573 0.25991240
4.11379242 0.25563267
3.50500083 0.18120618
3.50798559 0.14865379
4.48596573 0.12225258
4.11379242 0.13475893
3.50500083 0.14907120
1.79504418 0.26590607
4.10360765 0.54926842
3.84751010 0.39254704
2.82967401 0.37516353
1.79504418 0.12629342
4.10360765 0.38372052
3.84751010 0.29774567
2.82967401 0.22339004
1.79504418 0.26344851
4.10360765 0.20291720
3.84751010 0.15934525
2.82967401 0.18865316
4.33270025 0.48252413
1.80769396 0.24996956
4.63472605 0.58745682
4.33270025 0.38351038
1.80769396 0.10660533
4.63472605 0.37701389
4.33270025 0.14317898
1.80769396 0.24331450
4.63472605 0.15818822
1.86654210 0.27337265
4.20504093 0.56161058
4.29518414 0.43373215
1.85823584 0.27030951
1.86654210 0.08954344
4.20504093 0.26343331
4.29518414 0.24747384
1.85823584 0.08613253
1.86654210 0.21576943
4.20504093 0.14021604
4.29518414 0.11953709
1.85823584 0.21769328
3.87879705 0.49944869
3.22382474 0.36988315
3.05893397 0.42331544
3.99578834 0.50700265
1.88830972 0.25757217
3.87879705 0.23939420
3.22382474 0.16608310
3.05893397 0.16935742
3.99578834 0.24144846
1.88830972 0.09177464
3.87879705 0.13835301
3.22382474 0.14614284
3.05893397 0.15534876
3.99578834 0.13544856
1.88830972 0.21684325
3.07617569 0.40712163
3.56599259 0.40442857
1.89888072 0.28894022
4.01853132 0.50960392
3.11720872 0.38100362
3.07617569 0.20125227
3.56599259 0.24032725
1.89888072 0.10984588
4.01853132 0.30482957
3.11720872 0.20616139
3.07617569 0.16214994
3.56599259 0.14352284
1.89888072 0.22623505
4.01853132 0.14948669
3.11720872 0.16234104
1.77368045 0.26369151
3.04832530 0.42205140
4.61932135 0.44193864
3.65994334 0.37537029
3.78354120 0.48276806
1.77368045 0.11156135
3.04832530 0.21124376
4.61932135 0.37443459
3.65994334 0.23705830
3.78354120 0.30139211
1.77368045 0.25186583
3.04832530 0.19385107
4.61932135 0.15095191
3.65994334 0.16750050
3.78354120 0.18264049
1.87914455 0.27469707
4.13251686 0.46206212
1.92247391 0.29155031
4.33300495 0.43722188
3.21997476 0.41887161
4.02502728 0.47626612
1.87914455 0.08963811
4.13251686 0.24935015
1.92247391 0.08852033
4.33300495 0.25942871
3.21997476 0.17553280
4.02502728 0.24129599
1.87914455 0.20681310
4.13251686 0.12320738
1.92247391 0.20339294
4.33300495 0.11662147
3.21997476 0.14940576
4.02502728 0.13612293
1.85768354 0.27244315
4.42741680 0.49221990
3.28681278 0.45055929
4.63178825 0.46483740
1.87398601 0.27193263
4.04326391 0.47819638
1.85768354 0.10567283
4.42741680 0.32910940
3.28681278 0.20674501
4.63178825 0.34350014
1.87398601 0.10119279
4.04326391 0.27572644
1.85768354 0.22816347
4.42741680 0.13041227
3.28681278 0.15899535
4.63178825 0.12449086
1.87398601 0.22716738
4.04326391 0.15432160
4.41155863 0.56140077
3.44344354 0.46937415
3.73196363 0.36426488
3.98693681 0.50599045
4.41155863 0.39303362
3.44344354 0.23967902
3.73196363 0.25655341
3.98693681 0.33287171
4.41155863 0.17061512
3.44344354 0.17967568
3.73196363 0.15610909
3.98693681 0.17876114
3.38430738 0.44238028
1.87818503 0.28665751
4.46565723 0.42842850
4.45546627 0.44853088
3.38430738 0.17693354
1.87818503 0.07690994
4.46565723 0.25529319
4.45546627 0.25947455
3.38430738 0.16322263
1.87818503 0.20623320
4.46565723 0.13012876
4.45546627 0.13136061
1.85538816 0.27220249
1.87991226 0.28684777
3.88063097 0.39558554
3.87227893 0.49289081
1.85538816 0.11322894
1.87991226 0.11042482
3.88063097 0.26676366
3.87227893 0.30102125
1.85538816 0.23254497
1.87991226 0.22964901
3.88063097 0.14244674
3.87227893 0.17004980
4.10456848 0.54938531
4.16286707 0.40187240
3.33046937 0.43133724
4.26147366 0.50132996
4.10456848 0.21978946
4.16286707 0.22659250
3.33046937 0.16824616
4.26147366 0.24980108
4.10456848 0.15138319
4.16286707 0.13251035
3.33046937 0.16229339
4.26147366 0.15326478
4.45646954 0.42762133
3.90978932 0.50304115
1.82827485 0.26723272
4.32165098 0.50772089
4.45646954 0.39139304
3.90978932 0.34806657
1.82827485 0.11816630
4.32165098 0.37453151
4.45646954 0.14610581
3.90978932 0.18301849
1.82827485 0.24652570
4.32165098 0.17386329
4.10180426 0.54904914
4.28006077 0.53957099
3.26142430 0.39600286
4.10180426 0.32838532
4.28006077 0.35968506
3.26142430 0.24870400
4.10180426 0.17794825
4.28006077 0.17098565
3.26142430 0.18202452
4.22137737 0.47113982
4.42313290 0.55600303
1.82794857 0.25186995
4.22137737 0.25784150
4.42313290 0.24387853
1.82794857 0.07800194
4.22137737 0.12290630
4.42313290 0.13125904
1.82794857 0.21065272
4.22423553 0.50856405
3.99041700 0.45944592
4.32023191 0.50151378
4.35393524 0.49996388
4.22423553 0.34343645
3.99041700 0.29709235
4.32023191 0.36614558
4.35393524 0.36864826
4.22423553 0.16572364
3.99041700 0.15850143
4.32023191 0.16202049
4.35393524 0.15683712
3.31517768 0.39032328
4.19040823 0.48786530
4.21865892 0.50795597
3.87799549 0.41157952
3.90608191 0.42064640
3.31517768 0.24998231
4.19040823 0.37984669
4.21865892 0.37846383
3.87799549 0.30797920
3.90608191 0.30473533
3.31517768 0.18329853
4.19040823 0.17651547
4.21865892 0.17731495
3.87799549 0.15861721
3.90608191 0.15632768
1.75461912 0.23784806
3.17994523 0.38262203
4.59601641 0.48052958
3.55620956 0.38663015
1.75461912 0.09417579
3.17994523 0.20230110
4.59601641 0.34734675
3.55620956 0.20771928
1.75461912 0.23860987
3.17994523 0.16865134
4.59601641 0.13966127
3.55620956 0.15587695
4.36187601 0.49779740
3.21283412 0.39915478
3.43424416 0.36930653
4.44153404 0.47301400
4.21574783 0.45318642
3.89111471 0.45212999
4.36187601 0.20551606
3.21283412 0.13867199
3.43424416 0.13582753
4.44153404 0.22000067
4.21574783 0.21189135
3.89111471 0.19260655
4.36187601 0.12818004
3.21283412 0.14776623
3.43424416 0.13896184
4.44153404 0.11880758
4.21574783 0.12041401
3.89111471 0.13465951
3.71410847 0.40195823
4.01092958 0.46903431
1.81539488 0.24336840
3.71410847 0.26189592
4.01092958 0.32802901
1.81539488 0.10630897
3.71410847 0.15445715
4.01092958 0.17238717
1.81539488 0.24343781
4.61154127 0.48202598
4.32911062 0.50244796
3.66588044 0.42897725
4.17909575 0.50364321
4.61154127 0.42195359
4.32911062 0.38188779
3.66588044 0.30004349
4.17909575 0.35665467
4.61154127 0.15147388
4.32911062 0.17172743
3.66588044 0.17130782
4.17909575 0.17267577
4.05680275 0.47384289
1.88183546 0.25232086
4.05680275 0.22481386
1.88183546 0.08306220
4.05680275 0.14057253
1.88183546 0.21592312
4.59541512 0.48811707
3.91401482 0.47480440
1.84455788 0.24982481
3.58965826 0.41830909
4.00791788 0.46417198
4.59541512 0.25088486
3.91401482 0.19721736
1.84455788 0.07397878
3.58965826 0.16644172
4.00791788 0.20553170
4.59541512 0.12591358
3.91401482 0.13905422
1.84455788 0.21385491
3.58965826 0.14793062
4.00791788 0.13932264
3.80814719 0.41110599
3.98569512 0.48259223
1.85568750 0.25086477
1.84062850 0.24567832
3.80814719 0.29679090
3.98569512 0.35112992
1.85568750 0.13036916
1.84062850 0.12168062
3.80814719 0.16979368
3.98569512 0.19202130
1.85568750 0.25504929
1.84062850 0.25487062
4.36570454 0.46557936
4.33449697 0.52059501
3.13854933 0.37836191
3.67656326 0.43007314
1.79300869 0.24132776
4.36570454 0.37968755
4.33449697 0.34649369
3.13854933 0.22394437
3.67656326 0.27235311
1.79300869 0.11178896
4.36570454 0.15991025
4.33449697 0.17520438
3.13854933 0.18235357
3.67656326 0.18229330
1.79300869 0.25530070
4.27556038 0.51416236
4.49231625 0.51963663
4.42204285 0.47347489
1.78125155 0.24313885
3.65842319 0.42534652
4.27556038 0.22316138
4.49231625 0.24648337
4.42204285 0.23985384
1.78125155 0.07876309
3.65842319 0.17346632
4.27556038 0.13772841
4.49231625 0.13157757
4.42204285 0.12203564
1.78125155 0.22766919
3.65842319 0.14464143
4.26679420 0.51320595
2.97891259 0.36198652
3.20245624 0.38169217
4.26679420 0.31278765
2.97891259 0.18899120
3.20245624 0.21094693
4.26679420 0.14974481
2.97891259 0.16479394
3.20245624 0.16130710
4.41038275 0.50581771
3.43422437 0.40243927
3.86103225 0.46905339
4.41038275 0.38497475
3.43422437 0.23584940
3.86103225 0.32789385
4.41038275 0.16584475
3.43422437 0.16835958
3.86103225 0.17093690
3.33232236 0.39488709
4.59130192 0.52156812
3.78525829 0.46083689
3.33232236 0.16201018
4.59130192 0.24641530
3.78525829 0.20896454
3.33232236 0.15559621
4.59130192 0.14194976
3.78525829 0.14432578
4.00162411 0.42996621
4.00512934 0.46842650
4.50714827 0.51586121
1.79316401 0.24134189
4.00162411 0.21027268
4.00512934 0.22599997
4.50714827 0.26667055
1.79316401 0.07360086
4.00162411 0.13384767
4.00512934 0.14357983
4.50714827 0.14434607
1.79316401 0.22476310
1.85335886 0.24970464
4.53177309 0.51539499
1.85335886 0.10673895
4.53177309 0.32261944
1.85335886 0.23483853
4.53177309 0.15259670
1.80733228 0.25392017
3.45547223 0.41110218
3.99600697 0.42287183
3.45891261 0.37920555
3.55526042 0.41764307
4.47667027 0.50968409
1.80733228 0.07483131
3.45547223 0.16068195
3.99600697 0.20879458
3.45891261 0.14728422
3.55526042 0.16910660
4.47667027 0.22716065
1.80733228 0.22087644
3.45547223 0.14841801
3.99600697 0.12865634
3.45891261 0.14245592
3.55526042 0.14772856
4.47667027 0.13770621
3.50616241 0.43066826
4.51064348 0.52156872
4.40347242 0.46198800
3.85590410 0.41791010
1.80680656 0.24545573
4.37723923 0.49938738
3.50616241 0.22685884
4.51064348 0.33133096
4.40347242 0.35971680
3.85590410 0.25278109
1.80680656 0.10661953
4.37723923 0.31317547
3.50616241 0.16478866
4.51064348 0.16012241
4.40347242 0.14457338
3.85590410 0.14481968
1.80680656 0.24332659
4.37723923 0.16228764
1.90988910 0.26392543
1.86229312 0.25148293
3.88008356 0.42027533
4.56917429 0.52230448
3.40721941 0.39968774
1.90988910 0.11248296
1.86229312 0.11090076
3.88008356 0.26061723
4.56917429 0.34415305
3.40721941 0.22264744
1.90988910 0.23707826
1.86229312 0.24319887
3.88008356 0.15544264
4.56917429 0.17935950
3.40721941 0.17679095
4.05267334 0.43495059
3.56366444 0.43687066
1.83963418 0.24936533
4.62524462 0.52813262
1.84900510 0.24644734
4.05267334 0.28234494
3.56366444 0.23288018
1.83963418 0.10497912
4.62524462 0.33815035
1.84900510 0.10028388
4.05267334 0.15403204
3.56366444 0.16474496
1.83963418 0.23817481
4.62524462 0.16685371
1.84900510 0.23882966
3.64741373 0.42708334
3.46779370 0.42653385
3.64741373 0.32019505
3.46779370 0.30690539
3.64741373 0.18050914
3.46779370 0.17792131
4.44079685 0.46557966
4.31118584 0.46256721
1.79362416 0.25259545
3.89302278 0.45668986
4.44079685 0.24807633
4.31118584 0.24013531
1.79362416 0.07698160
3.89302278 0.20882559
4.44079685 0.12247632
4.31118584 0.12193487
1.79362416 0.22254585
3.89302278 0.13769180
3.21263981 0.37991753
4.44906092 0.46637508
4.31267071 0.46038294
4.29789543 0.49415624
3.21263981 0.14178629
4.44906092 0.25111547
4.31267071 0.23391920
4.29789543 0.23731755
3.21263981 0.14829963
4.44906092 0.12532523
4.31267071 0.12487052
4.29789543 0.13548391
1.80142045 0.25334847
3.90038753 0.45746028
3.73691416 0.39810511
3.58818007 0.39177954
3.94037604 0.45720598
1.80142045 0.10388631
3.90038753 0.28832844
3.73691416 0.24911274
3.58818007 0.23190981
3.94037604 0.28446358
1.80142045 0.23927383
3.90038753 0.16439590
3.73691416 0.14664839
3.58818007 0.15057351
3.94037604 0.16346411
4.05727911 0.47389284
1.87864459 0.25202706
4.05727911 0.22528316
1.87864459 0.08304711
4.05727911 0.14081527
1.87864459 0.21633621
4.38198614 0.49987873
3.96787000 0.48065481
3.68842196 0.39348066
4.63182497 0.49169350
4.41632080 0.47291160
3.12986660 0.37433890
4.38198614 0.33776191
3.96787000 0.31793323
3.68842196 0.25743338
4.63182497 0.38801491
4.41632080 0.36995080
3.12986660 0.21743043
4.38198614 0.16434829
3.96787000 0.15990885
3.68842196 0.15194105
4.63182497 0.14242850
4.41632080 0.13926741
3.12986660 0.16908866
3.50086546 0.43009731
4.51026917 0.52152926
4.39580011 0.46124986
3.85085773 0.41741657
1.80838370 0.24559909
4.38086510 0.49976265
3.50086546 0.22669791
4.51026917 0.33183587
4.39580011 0.35912633
3.85085773 0.25266030
1.80838370 0.10686225
4.38086510 0.31398678
3.50086546 0.16505380
4.51026917 0.16045028
4.39580011 0.14476103
3.85085773 0.14500847
1.80838370 0.24340971
4.38086510 0.16262300
4.04943848 0.47307074
1.86201680 0.25049874
4.04943848 0.31503391
1.86201680 0.11469162
4.04943848 0.15712033
1.86201680 0.22666526
3.97960663 0.45833269
3.33588004 0.41234672
4.37855387 0.50765198
3.97960663 0.19792421
3.33588004 0.17035705
4.37855387 0.25022057
3.97960663 0.14048059
3.33588004 0.15524544
4.37855387 0.13964273
4.45745802 0.47696197
1.83010244 0.25612742
3.40031242 0.40538451
4.45745802 0.35285905
1.83010244 0.10550789
3.40031242 0.23053794
4.45745802 0.13791171
1.83010244 0.23799920
3.40031242 0.16225001
3.55569553 0.43601069
1.87227452 0.25241825
3.94403529 0.45467088
4.01220512 0.46461439
3.55569553 0.25054470
1.87227452 0.11212992
3.94403529 0.29063958
4.01220512 0.31470540
3.55569553 0.16472076
1.87227452 0.23661542
3.94403529 0.16472492
4.01220512 0.16626997
4.08792210 0.44063756
3.74107122 0.43381715
1.89155495 0.26212516
1.82070291 0.24760234
4.08792210 0.30429450
3.74107122 0.26412109
1.89155495 0.11479422
1.82070291 0.11201295
4.08792210 0.15108778
3.74107122 0.16522411
1.89155495 0.23672640
1.82070291 0.24266304
4.16385508 0.49961802
3.82051969 0.44950977
1.81178951 0.24677427
4.33322477 0.45079696
3.64436030 0.44338617
4.16385508 0.35963425
3.82051969 0.31624511
1.81178951 0.11412027
4.33322477 0.38127255
3.64436030 0.29517415
4.16385508 0.16974628
3.82051969 0.17569418
1.81178951 0.24243784
4.33322477 0.15317474
3.64436030 0.17555712
4.39072371 0.50933993
4.01080179 0.48311743
4.45655298 0.50057352
4.47136736 0.51742858
2.92935991 0.36736903
1.83713913 0.25806415
3.72960472 0.38389817
4.39072371 0.31640986
4.01080179 0.30813405
4.45655298 0.35571155
4.47136736 0.30350193
2.92935991 0.19526863
1.83713913 0.10699113
3.72960472 0.23768272
4.39072371 0.17071621
4.01080179 0.17409573
4.45655298 0.14080356
4.47136736 0.16206320
2.92935991 0.17613810
1.83713913 0.22149871
3.72960472 0.14266305
1.84108996 0.24971747
1.86683047 0.25190791
4.53154135 0.54527354
4.44158649 0.44984707
3.36497331 0.35924566
1.84108996 0.07503114
1.86683047 0.07243691
4.53154135 0.22540824
4.44158649 0.22252716
3.36497331 0.13922310
1.84108996 0.20387618
1.86683047 0.20184533
4.53154135 0.14478432
4.44158649 0.12525178
3.36497331 0.13874786
3.66664076 0.43305567
3.81472683 0.46203223
4.21755934 0.44904232
4.46982813 0.53848237
4.24049568 0.50762373
3.66664076 0.24789442
3.81472683 0.29135004
4.21755934 0.34247556
4.46982813 0.33828357
4.24049568 0.33064380
3.66664076 0.16715980
3.81472683 0.16700716
4.21755934 0.14748451
4.46982813 0.15903248
4.24049568 0.16928941
3.80745435 0.44814467
1.76692426 0.24262674
4.53110218 0.54522520
4.44795418 0.45043924
4.17225170 0.43549225
4.23961496 0.50752836
3.80745435 0.21072470
1.76692426 0.07547182
4.53110218 0.25355282
4.44795418 0.25212201
4.17225170 0.23475987
4.23961496 0.24682198
3.80745435 0.14355125
1.76692426 0.21958011
4.53110218 0.13981448
4.44795418 0.12653209
4.17225170 0.13099037
4.23961496 0.14287640
4.15655756 0.48431018
4.37974501 0.50818390
3.83491564 0.46420026
4.09636354 0.43729141
3.71712112 0.45119372
4.15655756 0.28652933
4.37974501 0.31950423
3.83491564 0.29197004
4.09636354 0.32103345
3.71712112 0.26383933
4.15655756 0.16372223
4.37974501 0.15600105
3.83491564 0.16784547
4.09636354 0.15176587
3.71712112 0.16376175
4.24107409 0.49318925
4.29861212 0.49964535
1.80721366 0.25337374
3.72146583 0.45652175
4.24107409 0.33540165
4.29861212 0.34342846
1.80721366 0.11978456
3.72146583 0.31862596
4.24107409 0.17525999
4.29861212 0.17679405
1.80721366 0.25578824
3.72146583 0.18911360
4.49624872 0.50468713
4.31097174 0.50053954
3.06393337 0.38204992
3.99217892 0.42720342
3.82066369 0.46733645
4.49832630 0.45512524
4.49624872 0.25460738
4.31097174 0.21236920
3.06393337 0.14139099
3.99217892 0.21313994
3.82066369 0.18205523
4.49832630 0.24746484
4.49624872 0.12584099
4.31097174 0.13694136
3.06393337 0.14830917
3.99217892 0.12946026
3.82066369 0.14386989
4.49832630 0.12584037
3.68278933 0.42072824
4.40786505 0.51073849
3.64293551 0.44323340
4.57408667 0.54399550
1.77187705 0.25170279
3.69312859 0.38053668
3.68278933 0.26369557
4.40786505 0.34138235
3.64293551 0.29098827
4.57408667 0.38533869
1.77187705 0.10951165
3.69312859 0.25701299
3.68278933 0.16071914
4.40786505 0.18054660
3.64293551 0.18490504
4.57408667 0.17994018
1.77187705 0.24034040
3.69312859 0.15869151
4.30517244 0.49992946
3.71089673 0.42361498
3.09455848 0.37421331
3.78183126 0.45814601
3.73539138 0.45351979
3.15882802 0.39558598
4.30517244 0.33601460
3.71089673 0.28247488
3.09455848 0.21925439
3.78183126 0.31207317
3.73539138 0.28741094
3.15882802 0.22760634
4.30517244 0.17117058
3.71089673 0.16218276
3.09455848 0.17918588
3.78183126 0.18872027
3.73539138 0.18234454
3.15882802 0.18002118
4.51834393 0.50697750
4.46730995 0.51740789
1.78173256 0.25169125
4.27111387 0.49634740
4.05876875 0.43364966
4.60400486 0.55325276
4.51834393 0.23840608
4.46730995 0.21620221
1.78173256 0.07076959
4.27111387 0.19626360
4.05876875 0.20468056
4.60400486 0.22658186
4.51834393 0.12135183
4.46730995 0.13149625
1.78173256 0.21017005
4.27111387 0.12952019
4.05876875 0.12561017
4.60400486 0.13136493
4.01959705 0.48406470
4.24651432 0.47883186
1.88493860 0.26086542
1.83980155 0.25832516
4.14872789 0.42265156
4.01959705 0.24034889
4.24651432 0.25633749
1.88493860 0.09356467
1.83980155 0.09162080
4.14872789 0.24446990
4.01959705 0.14438720
4.24651432 0.12407842
1.88493860 0.21184959
1.83980155 0.20798619
4.14872789 0.12416551
3.37906432 0.38962147
4.13387012 0.48233274
2.84775329 0.35879898
4.57591581 0.54419380
1.81624305 0.25601968
4.15184259 0.42294034
3.37906432 0.14428835
4.13387012 0.21793596
2.84775329 0.12853961
4.57591581 0.24342163
1.81624305 0.07624506
4.15184259 0.21408194
3.37906432 0.14944069
4.13387012 0.14843091
2.84775329 0.16676217
4.57591581 0.14491883
1.81624305 0.21310662
4.15184259 0.13396667
1.82197607 0.25553244
3.43019867 0.37305436
4.61722708 0.55470926
1.82197607 0.10804338
3.43019867 0.22793572
4.61722708 0.33383787
1.82197607 0.22793941
3.43019867 0.15248157
4.61722708 0.16115992
3.84992337 0.45218325
4.31156921 0.44873652
4.35747910 0.49031278
1.81313300 0.24710850
3.48425436 0.42624545
4.05167484 0.49258634
3.84992337 0.32247213
4.31156921 0.42329085
4.35747910 0.43097195
1.81313300 0.13067903
3.48425436 0.28920981
4.05167484 0.36809364
3.84992337 0.18671578
4.31156921 0.16774820
4.35747910 0.16661137
1.81313300 0.25316277
3.48425436 0.19124429
4.05167484 0.19549118
4.55042076 0.54143012
1.85119009 0.25066304
1.86736631 0.25195813
3.51199889 0.37305447
4.55042076 0.35310876
1.85119009 0.11165092
1.86736631 0.10812267
3.51199889 0.23696469
4.55042076 0.16019678
1.85119009 0.22168148
1.86736631 0.22239542
3.51199889 0.14973745
3.85743189 0.45296812
4.31409693 0.44897699
4.36855936 0.49145988
1.81239605 0.24703990
3.48112035 0.42591047
4.06017113 0.49351656
3.85743189 0.32300344
4.31409693 0.42315796
4.36855936 0.43264028
1.81239605 0.13052405
3.48112035 0.28843081
4.06017113 0.36894146
3.85743189 0.18642433
4.31409693 0.16752695
4.36855936 0.16655336
1.81239605 0.25302500
3.48112035 0.19091780
4.06017113 0.19542116
3.62732840 0.41503593
4.13368368 0.48231316
1.85016155 0.25750157
1.83097291 0.25746012
4.37471104 0.44362962
3.62732840 0.21325316
4.13368368 0.27495801
1.85016155 0.10131175
1.83097291 0.10113109
4.37471104 0.30696562
3.62732840 0.14391188
4.13368368 0.15917940
1.85016155 0.22887610
1.83097291 0.22047134
4.37471104 0.13500576
3.51821160 0.41800556
2.81284809 0.35568285
3.45713806 0.37563792
4.55279016 0.54147583
3.51821160 0.29936680
2.81284809 0.23644330
3.45713806 0.29999757
4.55279016 0.43377414
3.51821160 0.18401301
2.81284809 0.19474761
3.45713806 0.17915948
4.55279016 0.18601499
3.85833120 0.45306215
4.00100660 0.41924191
1.80047321 0.24593122
4.04878664 0.48720932
4.22936344 0.45018768
4.59330845 0.54587597
3.85833120 0.21106924
4.00100660 0.23723675
1.80047321 0.08679485
4.04878664 0.26063243
4.22936344 0.28365508
4.59330845 0.29411450
3.85833120 0.15284835
4.00100660 0.13837352
1.80047321 0.22755849
4.04878664 0.15715916
4.22936344 0.14139436
4.59330845 0.15586893
3.62810349 0.41511548
4.13235998 0.48217425
1.84862971 0.25735384
1.83282423 0.25764140
4.37638903 0.44378558
3.62810349 0.21335931
4.13235998 0.27483377
1.84862971 0.10122094
1.83282423 0.10125668
4.37638903 0.30724886
3.62810349 0.14391117
4.13235998 0.15917666
1.84862971 0.22898799
1.83282423 0.22032790
4.37638903 0.13501821
4.21714306 0.49107945
1.83615863 0.25689259
3.20144749 0.35117793
4.21714306 0.24253367
1.83615863 0.08805492
3.20144749 0.15590341
4.21714306 0.14408557
1.83615863 0.21154131
3.20144749 0.14757128
3.72618508 0.45253277
3.20426846 0.38550606
1.78489077 0.24428348
4.13029814 0.43150795
4.22017765 0.50542545
3.72618508 0.16673599
3.20426846 0.13148190
1.78489077 0.06349184
4.13029814 0.19211513
4.22017765 0.20093648
3.72618508 0.14029299
3.20426846 0.14712097
1.78489077 0.21236177
4.13029814 0.12163375
4.22017765 0.13507050
4.17905092 0.48707724
3.55996299 0.38551176
1.83767164 0.25703791
4.07015657 0.48921123
4.01527691 0.48860243
4.17905092 0.30206773
3.55996299 0.24001049
1.83767164 0.10939875
4.07015657 0.29360506
4.01527691 0.28252685
4.17905092 0.16690260
3.55996299 0.14898665
1.83767164 0.23103152
4.07015657 0.16452663
4.01527691 0.16739058
4.02106905 0.48422325
4.24596739 0.47877529
1.87964070 0.26035178
1.84158611 0.25850013
4.15171242 0.42292830
4.02106905 0.24061339
4.24596739 0.25641769
1.87964070 0.09331125
1.84158611 0.09177732
4.15171242 0.24496555
4.02106905 0.14438947
4.24596739 0.12407902
1.87964070 0.21228553
1.84158611 0.20786083
4.15171242 0.12416478
4.28615904 0.45570067
1.79949021 0.25338280
3.70686460 0.43724808
4.29079962 0.51306868
4.52518129 0.52350861
4.28615904 0.31403771
1.79949021 0.09788712
3.70686460 0.21600761
4.29079962 0.31553587
4.52518129 0.30320156
4.28615904 0.13370977
1.79949021 0.21931832
3.70686460 0.15047380
4.29079962 0.16282256
4.52518129 0.14852704
3.97919297 0.42594695
1.82880604 0.25618705
4.50576401 0.52105427
3.48069763 0.42586532
3.96994901 0.48364389
3.97919297 0.22164740
1.82880604 0.08136897
4.50576401 0.23975635
3.48069763 0.17771745
3.96994901 0.21462686
3.97919297 0.12718153
1.82880604 0.20584029
4.50576401 0.13924412
3.48069763 0.14985736
3.96994901 0.14114693
4.01720142 0.48380664
4.24870253 0.47905815
1.88408637 0.26078275
1.84265125 0.25860462
4.15087271 0.42285046
4.01720142 0.24009122
4.24870253 0.25657538
1.88408637 0.09349530
1.84265125 0.09176571
4.15087271 0.24469374
4.01720142 0.14435069
4.24870253 0.12404815
1.88408637 0.21187527
1.84265125 0.20772947
4.15087271 0.12413606
1.84659886 0.25023302
1.87466347 0.25264233
4.52161646 0.54418111
4.43880224 0.44958815
3.36985874 0.35970387
1.84659886 0.07505713
1.87466347 0.07253668
4.52161646 0.22375487
4.43880224 0.22121485
3.36985874 0.13898326
1.84659886 0.20321594
1.87466347 0.20097797
4.52161646 0.14429735
4.43880224 0.12494126
3.36985874 0.13830756
4.34488392 0.50451410
4.24310350 0.47847915
3.76429296 0.44323900
3.64149165 0.44307861
1.78892827 0.25335798
3.49067974 0.36191857
4.57444286 0.47377738
4.34488392 0.33201835
4.24310350 0.34516546
3.76429296 0.24661332
3.64149165 0.28576061
1.78892827 0.10954332
3.49067974 0.21983640
4.57444286 0.36882010
4.34488392 0.20653196
4.24310350 0.16892587
3.76429296 0.17321883
3.64149165 0.17769961
1.78892827 0.23422624
3.49067974 0.17628209
4.57444286 0.16774166
3.47014546 0.41301394
4.03904724 0.43173996
2.85958195 0.36057115
4.55104208 0.52582884
4.01822758 0.48360634
3.31409979 0.41232333
4.41813374 0.44766617
4.51373291 0.46798882
3.47014546 0.17474790
4.03904724 0.24581861
2.85958195 0.15066022
4.55104208 0.24073248
4.01822758 0.23523927
3.31409979 0.17041625
4.41813374 0.25512400
4.51373291 0.25986770
3.47014546 0.15507384
4.03904724 0.13384801
2.85958195 0.16826172
4.55104208 0.14450431
4.01822758 0.14831746
3.31409979 0.15524407
4.41813374 0.13215129
4.51373291 0.13125513
1.81799495 0.24756134
4.34783268 0.46169081
4.05226851 0.48758450
3.50037098 0.41576162
4.50766993 0.54264611
3.79323840 0.39957467
1.81799495 0.10613821
4.34783268 0.36706445
4.05226851 0.32287696
3.50037098 0.22069241
4.50766993 0.34511700
3.79323840 0.25364530
1.81799495 0.23527575
4.34783268 0.15089928
4.05226851 0.17773239
3.50037098 0.16747691
4.50766993 0.18324125
3.79323840 0.15144669
4.29075432 0.48494735
3.27926373 0.46995425
3.74784303 0.43430221
4.29075432 0.29036826
3.27926373 0.17388187
3.74784303 0.18979257
4.29075432 0.14937922
3.27926373 0.15640414
3.74784303 0.14215873
4.38114548 0.41957566
3.48483491 0.40302157
4.38114548 0.20660716
3.48483491 0.13707279
4.38114548 0.12379573
3.48483491 0.13480209
4.36973572 0.47082439
3.79358315 0.54293412
1.76817715 0.23638356
3.87349272 0.54569137
4.36973572 0.52020657
3.79358315 0.42998779
1.76817715 0.15109430
3.87349272 0.44067881
4.36973572 0.20772193
3.79358315 0.23829709
1.76817715 0.30589345
3.87349272 0.23721498
4.31272316 0.49649832
3.58193517 0.35032818
4.55310106 0.51181406
3.72438550 0.52661818
4.31272316 0.38329908
3.58193517 0.28436726
4.55310106 0.42292765
3.72438550 0.33597878
4.31272316 0.16575818
3.58193517 0.18620510
4.55310106 0.20610648
3.72438550 0.20197053
4.42409611 0.47372517
4.16781330 0.59158832
3.68989420 0.35963118
3.52821755 0.40740147
4.42409611 0.40014169
4.16781330 0.37463114
3.68989420 0.27408072
3.52821755 0.28227779
4.42409611 0.15911229
4.16781330 0.17609143
3.68989420 0.16138309
3.52821755 0.17445864
3.70498657 0.40310475
3.70064116 0.40453660
1.86181331 0.29926279
1.83248949 0.24217427
3.21593738 0.46193302
3.70498657 0.21458615
3.70064116 0.22198229
1.86181331 0.09930947
1.83248949 0.09701419
3.21593738 0.19695236
3.70498657 0.15290000
3.70064116 0.14404432
1.86181331 0.23227489
1.83248949 0.23267353
3.21593738 0.16495089
3.62758017 0.42399657
3.54678845 0.34730378
4.01523590 0.57172513
3.04269648 0.44005218
3.62758017 0.24662139
3.54678845 0.23237102
4.01523590 0.32023799
3.04269648 0.21567452
3.62758017 0.14582317
3.54678845 0.14833973
4.01523590 0.15878089
3.04269648 0.16838638
4.60508823 0.51714665
3.77389765 0.54038113
4.60508823 0.50152445
3.77389765 0.42527208
4.60508823 0.20777400
3.77389765 0.21544214
3.93726563 0.55386072
3.14178538 0.45885846
4.45296335 0.51140493
3.93726563 0.32523435
3.14178538 0.23400933
4.45296335 0.34694028
3.93726563 0.15235244
3.14178538 0.16137801
4.45296335 0.13064878
3.62810969 0.42405236
4.31912613 0.41417527
3.98396850 0.45363751
4.36036444 0.46989259
4.09342813 0.58190036
1.83381224 0.29193476
3.56052303 0.41468003
3.62810969 0.22775750
4.31912613 0.33909038
3.98396850 0.29519629
4.36036444 0.34336543
4.09342813 0.31026462
1.83381224 0.10039300
3.56052303 0.20269038
3.62810969 0.15911818
4.31912613 0.15462942
3.98396850 0.17567547
4.36036444 0.14761935
4.09342813 0.17660211
1.83381224 0.24046028
3.56052303 0.16054296
4.00194883 0.56999701
4.12460756 0.57789594
4.22861719 0.45446923
4.25818014 0.48801330
4.00194883 0.35996440
4.12460756 0.37249109
4.22861719 0.38321888
4.25818014 0.37111607
4.00194883 0.17750393
4.12460756 0.17633276
4.22861719 0.15920173
4.25818014 0.15379629
4.32984877 0.48894605
4.52665567 0.62963516
4.47692347 0.51112515
4.32984877 0.32115307
4.52665567 0.34122026
4.47692347 0.32019937
4.32984877 0.15167339
4.52665567 0.14967090
4.47692347 0.13435097
4.05810785 0.56935829
1.81959033 0.29425743
4.44402838 0.47821438
3.56832886 0.38976395
3.93225360 0.44837293
4.05810785 0.30404240
1.81959033 0.10217764
4.44402838 0.35378289
3.56832886 0.21069454
3.93225360 0.28573018
4.05810785 0.16831912
1.81959033 0.24826787
4.44402838 0.14130615
3.56832886 0.15995021
3.93225360 0.16686696
3.32945824 0.36652613
4.23602772 0.45753741
1.80344820 0.29235148
3.10467124 0.36484256
4.06351757 0.57005256
3.32945824 0.14354220
4.23602772 0.25064215
1.80344820 0.08044202
3.10467124 0.16000961
4.06351757 0.23713623
3.32945824 0.15812756
4.23602772 0.13444173
1.80344820 0.23198988
3.10467124 0.16594808
4.06351757 0.15190034
3.70057726 0.40267384
3.70102191 0.40457416
1.86052597 0.29910979
1.83525217 0.24242453
3.22041583 0.46249989
3.70057726 0.21446009
3.70102191 0.22242080
1.86052597 0.09936818
1.83525217 0.09732001
3.22041583 0.19766039
3.70057726 0.15310529
3.70102191 0.14420645
1.86052597 0.23263071
1.83525217 0.23262250
3.22041583 0.16508143
3.61983943 0.42318127
4.31090927 0.41346005
3.98387766 0.45362830
4.35513973 0.46937311
4.09132671 0.58162677
1.82955790 0.29143831
3.55462098 0.41406277
3.61983943 0.22761802
4.31090927 0.33891174
3.98387766 0.29591706
4.35513973 0.34370264
4.09132671 0.31091973
1.82955790 0.10037216
3.55462098 0.20282097
3.61983943 0.15962227
4.31090927 0.15518723
3.98387766 0.17645407
4.35513973 0.14814150
4.09132671 0.17736745
1.82955790 0.24139798
3.55462098 0.16105761
3.62266183 0.42347851
3.54140496 0.34684071
4.01471376 0.57165724
3.04090834 0.43982685
3.62266183 0.24676003
3.54140496 0.23239017
4.01471376 0.32096192
3.04090834 0.21596964
3.62266183 0.14624739
3.54140496 0.14877415
4.01471376 0.15940304
3.04090834 0.16883333
3.37644482 0.39759949
4.10569811 0.39562073
3.99086523 0.45433989
4.13947535 0.44795391
3.14610314 0.45941171
1.86821079 0.29595926
4.23810434 0.48589453
3.37644482 0.16326849
4.10569811 0.25350851
3.99086523 0.24817921
4.13947535 0.25830469
3.14610314 0.17400169
1.86821079 0.09065165
4.23810434 0.24187563
3.37644482 0.15158260
4.10569811 0.13849829
3.99086523 0.15065975
4.13947535 0.13223185
3.14610314 0.16659869
1.86821079 0.22420986
4.23810434 0.13516884
4.04949379 0.56825286
1.81376517 0.29356912
4.43918371 0.47773233
3.56951690 0.38987979
3.92618942 0.44775581
4.04949379 0.30277112
1.81376517 0.10171348
4.43918371 0.35238278
3.56951690 0.21051425
3.92618942 0.28459588
4.04949379 0.16807997
1.81376517 0.24852972
4.43918371 0.14114089
3.56951690 0.15977721
3.92618942 0.16664478
3.93474507 0.55353767
3.13374066 0.45782778
4.45133066 0.51123130
3.93474507 0.32552305
3.13374066 0.23345315
4.45133066 0.34742114
3.93474507 0.15266500
3.13374066 0.16174333
4.45133066 0.13089080
3.05231118 0.44126394
1.86894977 0.30011153
4.13708401 0.44771668
4.20576763 0.45222092
3.91686249 0.44680682
4.21561193 0.48618737
3.05231118 0.16617791
1.86894977 0.09151389
4.13708401 0.25827995
4.20576763 0.24928822
3.91686249 0.23296893
4.21561193 0.25134915
3.05231118 0.16270383
1.86894977 0.22557616
4.13708401 0.12642719
4.20576763 0.13365103
3.91686249 0.14362520
4.21561193 0.12846711
4.19298124 0.48378596
4.13042355 0.39776775
3.99810910 0.56949764
3.90548778 0.54978913
4.19298124 0.28594068
4.13042355 0.28034574
3.99810910 0.28782511
3.90548778 0.28973541
4.19298124 0.12897433
4.13042355 0.13250142
3.99810910 0.14619230
3.90548778 0.14680846
3.81124783 0.43607116
4.52866125 0.62989372
4.64409733 0.52881759
3.81124783 0.28744543
4.52866125 0.38625243
4.64409733 0.37858132
3.81124783 0.16489674
4.52866125 0.16356754
4.64409733 0.14733522
1.88548720 0.29798731
4.48619747 0.51210600
1.89169443 0.30282167
3.61221004 0.39582002
4.46393204 0.47765374
3.09702587 0.36407909
3.69543600 0.43114808
1.88548720 0.10559630
4.48619747 0.31001028
1.89169443 0.10593206
3.61221004 0.22463113
4.46393204 0.33120343
3.09702587 0.19251597
3.69543600 0.22682784
1.88548720 0.23050217
4.48619747 0.13661608
1.89169443 0.23539191
3.61221004 0.14281163
4.46393204 0.14370136
3.09702587 0.16982742
3.69543600 0.14664938
4.26819944 0.45836523
3.35911179 0.37094685
1.87259030 0.30054483
1.88070393 0.24655831
4.24158239 0.48894385
1.92222178 0.30231392
4.27516270 0.48980594
4.26819944 0.24357826
3.35911179 0.15381037
1.87259030 0.08577138
1.88070393 0.08481850
4.24158239 0.23321576
1.92222178 0.08740386
4.27516270 0.22882424
4.26819944 0.13610607
3.35911179 0.14448629
1.87259030 0.21053834
1.88070393 0.21403806
4.24158239 0.12891901
1.92222178 0.20033689
4.27516270 0.13025217
4.16151762 0.45014086
3.75555396 0.53800291
1.79212284 0.23853163
3.06733489 0.44315812
4.35691357 0.49843946
4.16151762 0.43392888
3.75555396 0.38270834
1.79212284 0.13871002
3.06733489 0.28012791
4.35691357 0.43090403
4.16151762 0.17482372
3.75555396 0.19083638
1.79212284 0.26931050
3.06733489 0.20715816
4.35691357 0.17544353
4.07106161 0.47085842
3.36072826 0.39051580
4.05406952 0.57677752
4.23212481 0.45714983
1.83553982 0.29213643
3.41695380 0.39968279
4.07106161 0.25662151
3.36072826 0.20681991
4.05406952 0.27803665
4.23212481 0.29469410
1.83553982 0.09100588
3.41695380 0.16656534
4.07106161 0.14518702
3.36072826 0.17342134
4.05406952 0.16388480
4.23212481 0.14423382
1.83553982 0.22376503
3.41695380 0.16428941
3.62169361 0.39675418
2.93080449 0.43190157
1.84704792 0.24349433
4.45117521 0.51121479
1.89578688 0.29919848
3.84388447 0.44438410
3.62169361 0.29705015
2.93080449 0.23903430
1.84704792 0.13208519
4.45117521 0.40830863
1.89578688 0.13683686
3.84388447 0.30473736
3.62169361 0.17234260
2.93080449 0.20106919
1.84704792 0.26319572
4.45117521 0.16636647
1.89578688 0.25885653
3.84388447 0.17163472
3.61046600 0.39387414
2.98739552 0.43911648
3.93978620 0.44913945
3.61046600 0.24846353
2.98739552 0.21028475
3.93978620 0.34982455
3.61046600 0.16328718
2.98739552 0.17815338
3.93978620 0.17176473
4.29676485 0.46117795
4.19220161 0.59476632
4.03688526 0.38964927
4.01392651 0.45668912
4.29676485 0.27273253
4.19220161 0.27044985
4.03688526 0.23302972
4.01392651 0.25673458
4.29676485 0.13469332
4.19220161 0.14365922
4.03688526 0.13535254
4.01392651 0.14253271
4.12612391 0.44438872
4.14605236 0.58065045
4.01364613 0.57151836
4.15314484 0.47693285
4.12612391 0.24940379
4.14605236 0.25558284
4.01364613 0.24638657
4.15314484 0.24212015
4.12612391 0.13885023
4.14605236 0.14962570
4.01364613 0.15024866
4.15314484 0.13591002
4.40668011 0.42180017
4.40668011 0.41886720
4.40668011 0.15015134
