4.22928429 0.45208988
4.00464630 0.43756309
3.93007421 0.34477273
3.80197263 0.36325967
4.22928429 0.43279585
4.00464630 0.39222968
3.93007421 0.34369799
3.80197263 0.34143266
4.22928429 0.19100499
4.00464630 0.18770909
3.93007421 0.17704456
3.80197263 0.17583156
3.24314666 0.35785720
4.51592445 0.40072855
4.45409822 0.37687346
3.48924303 0.37015840
1.86630654 0.23476785
3.24314666 0.14353114
4.51592445 0.23970364
4.45409822 0.24365328
3.48924303 0.16215022
1.86630654 0.07168983
3.24314666 0.15946166
4.51592445 0.13456780
4.45409822 0.13399708
3.48924303 0.15637313
1.86630654 0.21057577
3.96863866 0.43836582
4.41988468 0.47045645
3.74606061 0.32260582
1.85279536 0.22391175
3.50913644 0.38925520
3.96863866 0.30866763
4.41988468 0.32594049
3.74606061 0.24173354
1.85279536 0.10352985
3.50913644 0.21982045
3.96863866 0.17738652
4.41988468 0.16832058
3.74606061 0.16145466
1.85279536 0.24883418
3.50913644 0.17704375
1.89358473 0.23908745
3.92864847 0.41087732
4.28829622 0.45777223
4.33137083 0.46960247
1.89358473 0.06733637
3.92864847 0.18620442
4.28829622 0.19767617
4.33137083 0.18073446
1.89358473 0.19420837
3.92864847 0.13951480
4.28829622 0.13421996
4.33137083 0.13370924
3.61126065 0.40309811
4.42309046 0.47076568
4.39511919 0.38146576
4.21945047 0.45861331
3.61126065 0.27328497
4.42309046 0.40304530
4.39511919 0.41357422
4.21945047 0.32929915
3.61126065 0.17786868
4.42309046 0.17786299
4.39511919 0.15909615
4.21945047 0.17681970
1.89696431 0.23939145
3.30062795 0.35278547
3.63774180 0.39536950
1.89696431 0.10202996
3.30062795 0.20576860
3.63774180 0.22770683
1.89696431 0.23605478
3.30062795 0.17155047
3.63774180 0.16759823
3.68858314 0.41071153
4.52714491 0.46674299
1.90844989 0.23522691
4.28384590 0.38191411
3.94181800 0.43141690
3.68858314 0.14387789
4.52714491 0.19583291
1.90844989 0.06473442
4.28384590 0.19285013
3.94181800 0.16819681
3.68858314 0.14377061
4.52714491 0.12898204
1.90844989 0.20369335
4.28384590 0.12864219
3.94181800 0.13898475
4.51473141 0.49257588
1.92727673 0.23687053
3.68515444 0.33360258
3.93039751 0.43030033
4.51473141 0.36796537
1.92727673 0.11344991
3.68515444 0.25098643
3.93039751 0.28828791
4.51473141 0.17252477
1.92727673 0.24336374
3.68515444 0.16411166
3.93039751 0.17830272
4.52561283 0.49365923
3.43860841 0.37639901
4.33403015 0.38597903
4.05008411 0.35422245
4.52561283 0.21364015
3.43860841 0.14111114
4.33403015 0.20855452
4.05008411 0.17890680
4.52561283 0.13510944
3.43860841 0.14801691
4.33403015 0.12795664
4.05008411 0.12808460
3.52358413 0.31288823
4.48887205 0.42247236
3.52358413 0.18394601
4.48887205 0.32218674
3.52358413 0.15620165
4.48887205 0.14558496
3.86449742 0.40491417
4.12991810 0.44983253
2.84719419 0.32857546
3.78398180 0.36171529
3.86449742 0.29413924
4.12991810 0.30047688
2.84719419 0.18771793
3.78398180 0.25750169
3.86449742 0.17596205
4.12991810 0.17377234
2.84719419 0.18325950
3.78398180 0.15688364
4.32728815 0.46152914
3.22798514 0.36204958
3.80389929 0.42208433
4.48048449 0.38822114
3.54677272 0.34139490
4.32728815 0.22446261
3.22798514 0.13410990
3.80389929 0.18639527
4.48048449 0.22481894
3.54677272 0.13950813
4.32728815 0.13599920
3.22798514 0.15089957
3.80389929 0.13825977
4.48048449 0.12485085
3.54677272 0.14307486
3.36147833 0.35838220
4.48363209 0.48457339
3.43888736 0.37642550
3.82527137 0.34487522
3.96370697 0.43787780
3.36147833 0.21639211
4.48363209 0.31791359
3.43888736 0.22000684
3.82527137 0.25093266
3.96370697 0.29870752
3.36147833 0.18017948
4.48363209 0.17135227
3.43888736 0.17875475
3.82527137 0.15626517
3.96370697 0.18033801
3.91070604 0.42148280
4.41826630 0.39280656
3.71000028 0.32748452
3.91070604 0.29788825
4.41826630 0.36699569
3.71000028 0.24346721
3.91070604 0.17247067
4.41826630 0.14904653
3.71000028 0.15299681
1.89115942 0.23886937
4.46712732 0.42059150
3.95383930 0.41322041
3.40459776 0.37911916
1.89115942 0.11269880
4.46712732 0.39525831
3.95383930 0.33709171
3.40459776 0.22094379
1.89115942 0.22174828
4.46712732 0.15330069
3.95383930 0.17543872
3.40459776 0.17097925
3.32381463 0.37489447
4.19009018 0.39666164
3.97078156 0.42724463
1.94693124 0.24193116
3.32381463 0.14724120
4.19009018 0.23050763
3.97078156 0.21014588
1.94693124 0.07301120
3.32381463 0.15410717
4.19009018 0.13420935
3.97078156 0.14396562
1.94693124 0.19409008
3.19075584 0.36190018
4.52010441 0.48012817
3.83142376 0.32912165
1.83483481 0.22240780
3.19075584 0.25814041
4.52010441 0.41437927
3.83142376 0.30478379
1.83483481 0.12338927
3.19075584 0.18954389
4.52010441 0.18263154
3.83142376 0.17159469
1.83483481 0.25843662
1.85030878 0.23520738
4.48227787 0.37904224
1.86251605 0.22472745
1.85030878 0.09454804
4.48227787 0.31635419
1.86251605 0.09261938
1.85030878 0.23984198
4.48227787 0.14580831
1.86251605 0.23805065
1.85066247 0.23020895
3.86650777 0.34819713
4.36775875 0.45182896
1.85578477 0.23383902
1.85066247 0.11463710
3.86650777 0.28765976
4.36775875 0.36640406
1.85578477 0.11455861
1.85066247 0.25576833
3.86650777 0.16312011
4.36775875 0.17897959
1.85578477 0.25485718
1.92144454 0.23636092
3.51625800 0.32004839
4.39106607 0.45400837
3.42901707 0.38148487
1.92144454 0.07286892
3.51625800 0.13911681
4.39106607 0.21901916
3.42901707 0.14465490
1.92144454 0.21803440
3.51625800 0.14536208
4.39106607 0.13997363
3.42901707 0.15302362
2.86399364 0.33019614
4.45083189 0.47344199
4.53605938 0.40236273
4.35648727 0.36936560
1.86525977 0.22495790
4.47640085 0.48386192
2.86399364 0.12037706
4.45083189 0.20664965
4.53605938 0.22412020
4.35648727 0.21809651
1.86525977 0.06909389
4.47640085 0.20210642
2.86399364 0.16683917
4.45083189 0.14475046
4.53605938 0.13550903
4.35648727 0.13304526
1.86525977 0.22562534
4.47640085 0.14404808
3.35445189 0.35773551
4.48024225 0.48423991
3.43857479 0.37639582
3.82205224 0.34461594
3.95862269 0.43737480
3.35445189 0.21601939
4.48024225 0.31805801
3.43857479 0.22038151
3.82205224 0.25110856
3.95862269 0.29858604
3.35445189 0.18059038
4.48024225 0.17186980
3.43857479 0.17918332
3.82205224 0.15660655
3.95862269 0.18082868
4.48257828 0.48937568
3.22617650 0.35625163
3.97711039 0.43486881
3.68183494 0.38796768
4.51111507 0.39064634
4.44849491 0.41898027
4.48257828 0.23899357
3.22617650 0.14081709
3.97711039 0.20350498
3.68183494 0.16274016
4.51111507 0.24518143
4.44849491 0.25487861
4.48257828 0.12876451
3.22617650 0.15036668
3.97711039 0.13627334
3.68183494 0.14045461
4.51111507 0.12199407
4.44849491 0.12548827
1.84555578 0.23478274
4.48661089 0.37937579
1.86747658 0.22514416
1.84555578 0.09426721
4.48661089 0.31699666
1.86747658 0.09289997
1.84555578 0.24014859
4.48661089 0.14577948
1.86747658 0.23765145
3.18808007 0.34245622
4.15275049 0.45207086
1.84440899 0.23468029
4.21762562 0.39903712
3.18808007 0.15984268
4.15275049 0.21475165
1.84440899 0.07972134
4.21762562 0.24163757
3.18808007 0.16066165
4.15275049 0.14419378
1.84440899 0.21215187
4.21762562 0.13574849
4.48128843 0.48924708
4.50368023 0.46454588
1.91010118 0.23537092
3.04347062 0.34430030
4.48128843 0.50767136
4.50368023 0.48838484
1.91010118 0.16117936
3.04347062 0.29848778
4.48128843 0.20438969
4.50368023 0.19854681
1.91010118 0.26891240
3.04347062 0.20426744
4.50980330 0.42428324
1.91450834 0.23575537
4.28281927 0.38183102
1.88619947 0.23652782
4.50980330 0.25083068
1.91450834 0.07186504
4.28281927 0.21354510
1.88619947 0.07113729
4.50980330 0.12555808
1.91450834 0.20431244
4.28281927 0.12583758
1.88619947 0.20415729
3.87777948 0.42938116
3.84475160 0.36693302
3.43891025 0.37642768
1.95969141 0.24307197
3.87777948 0.23574948
3.84475160 0.21932131
3.43891025 0.19312991
1.95969141 0.08933479
3.87777948 0.15092368
3.84475160 0.14405958
3.43891025 0.15305610
1.95969141 0.20324254
4.26749039 0.46799207
3.99094415 0.42917952
4.20471811 0.43659854
1.92883217 0.24031627
4.26749039 0.37933612
3.99094415 0.35843372
4.20471811 0.39233473
1.92883217 0.12466687
4.26749039 0.18279506
3.99094415 0.18878293
4.20471811 0.18026930
1.92883217 0.24189687
4.28194761 0.46942785
4.39649534 0.37244198
4.25171804 0.44098619
4.16833353 0.36354744
3.49904513 0.38827577
4.28194761 0.17821573
4.39649534 0.19367160
4.25171804 0.18764736
4.16833353 0.18579228
3.49904513 0.12722126
4.28194761 0.13696492
4.39649534 0.13024943
4.25171804 0.13935868
4.16833353 0.13065724
3.49904513 0.14419897
3.97789860 0.43928209
3.56786084 0.30903330
1.86235654 0.22471409
4.48776627 0.38879743
4.06148386 0.44312736
3.97789860 0.18817340
3.56786084 0.12727340
1.86235654 0.06526539
4.48776627 0.21690464
4.06148386 0.17616993
3.97789860 0.14093950
3.56786084 0.14413066
1.86235654 0.20601578
4.48776627 0.12949659
4.06148386 0.14061506
4.05003738 0.34584549
3.65741515 0.38570586
3.80910516 0.33526278
4.05314159 0.44231036
4.05003738 0.30420136
3.65741515 0.27985027
3.80910516 0.29072419
4.05314159 0.32614473
4.05003738 0.16116710
3.65741515 0.18271197
3.80910516 0.16647403
4.05314159 0.17931367
4.21458340 0.44907632
4.53187132 0.44631028
4.21458340 0.20040296
4.53187132 0.21396787
4.21458340 0.12872927
4.53187132 0.11655310
3.74834847 0.33779529
1.85418856 0.22997725
3.74834847 0.23125732
1.85418856 0.09834789
3.74834847 0.14792265
1.85418856 0.22506928
4.08167219 0.43635276
4.08167219 0.28525320
4.08167219 0.16129042
4.07738638 0.43594280
4.21803379 0.44940689
4.07738638 0.31825003
4.21803379 0.30986705
4.07738638 0.17385177
4.21803379 0.16282310
4.07400036 0.43561900
4.21232224 0.44885972
4.07400036 0.31788662
4.21232224 0.30919975
4.07400036 0.17392844
4.21232224 0.16289771
4.47585583 0.47414359
1.84126139 0.22886606
3.78533459 0.37860942
4.47585583 0.40896869
1.84126139 0.13056913
3.78533459 0.32470983
4.47585583 0.17137049
1.84126139 0.24571848
3.78533459 0.15326844
4.41555548 0.39155540
3.24426389 0.35679379
3.63569903 0.39383164
4.52655172 0.44582614
4.41555548 0.27183494
3.24426389 0.17331754
3.63569903 0.19727300
4.52655172 0.29184729
4.41555548 0.13006577
3.24426389 0.15839168
3.63569903 0.15008272
4.52655172 0.12804018
1.88912237 0.23299086
3.41143560 0.34494245
1.88912237 0.10239774
3.41143560 0.19914728
1.88912237 0.22538404
3.41143560 0.15903760
3.43359447 0.37466908
3.34607577 0.36639622
3.43359447 0.26992336
3.34607577 0.26427048
3.43359447 0.19189686
3.34607577 0.19394946
4.46390247 0.47299528
4.23068142 0.41893423
1.82930040 0.22783990
4.46390247 0.21047682
4.23068142 0.21367329
1.82930040 0.06970637
4.46390247 0.13263036
4.23068142 0.12496191
1.82930040 0.22051583
4.28996658 0.38140428
1.84107006 0.22884960
4.46650124 0.47324491
4.28996658 0.25336453
1.84107006 0.08210902
4.46650124 0.26015908
4.28996658 0.12699534
1.84107006 0.21594898
4.46650124 0.13619988
4.46638107 0.39566705
1.90999246 0.23479848
4.53244686 0.47958186
4.46638107 0.33786091
1.90999246 0.10676873
4.53244686 0.32014382
4.46638107 0.13480857
1.90999246 0.22556315
4.53244686 0.14812914
4.44883776 0.47154823
1.91603768 0.23532307
3.58615255 0.36064923
4.44883776 0.38053200
1.91603768 0.12534980
3.58615255 0.26650071
4.44883776 0.16469571
1.91603768 0.23746316
3.58615255 0.15920691
3.45396638 0.37659705
4.47174501 0.44083950
3.58894944 0.38939235
3.45396638 0.15557198
4.47174501 0.21645342
3.58894944 0.15576001
3.45396638 0.14665239
4.47174501 0.12244038
3.58894944 0.14627425
1.90949011 0.23475492
4.43835020 0.43780220
1.90949011 0.11194111
4.43835020 0.37686810
1.90949011 0.23332101
4.43835020 0.14576893
4.09502697 0.43763030
4.09502697 0.25053725
4.09502697 0.15347429
3.79234338 0.34132564
1.89287889 0.23331583
4.43789530 0.47049734
3.79234338 0.25199622
1.89287889 0.11050623
4.43789530 0.33295491
3.79234338 0.14352238
1.89287889 0.23119645
4.43789530 0.15818955
1.90599513 0.23445185
4.43611717 0.43759909
1.90599513 0.11170509
4.43611717 0.37639347
1.90599513 0.23345728
4.43611717 0.14565268
4.21150303 0.37506887
1.93171656 0.23668559
4.21150303 0.23872395
1.93171656 0.08622470
4.21150303 0.12148457
1.93171656 0.20909820
4.09761000 0.43787739
4.09761000 0.25066397
4.09761000 0.15334047
3.23355508 0.35578525
3.23355508 0.19572629
3.23355508 0.15688564
4.15949965 0.44380069
3.81483293 0.41087595
4.15949965 0.36894178
3.81483293 0.32383528
4.15949965 0.16691785
3.81483293 0.17167224
4.10991430 0.43905464
4.10991430 0.23426671
4.10991430 0.13777958
4.07863522 0.43606231
4.21993732 0.44958928
4.07863522 0.31810898
4.21993732 0.30981252
4.07863522 0.17361188
4.21993732 0.16261019
4.39727926 0.46659753
4.39727926 0.27655092
4.39727926 0.14587392
4.37945890 0.46488693
4.37945890 0.35563624
4.37945890 0.16606094
3.23410320 0.35583684
3.23410320 0.19578992
3.23410320 0.15689589
4.53495741 0.40121773
4.08541679 0.43671095
4.53495741 0.28901809
4.08541679 0.24101020
4.53495741 0.13060814
4.08541679 0.14838517
4.09676838 0.43779686
4.09676838 0.25046167
4.09676838 0.15326555
3.55582929 0.32237649
1.86441374 0.23085769
4.46448326 0.47305107
3.55582929 0.14359510
1.86441374 0.07319909
4.46448326 0.22581412
3.55582929 0.13838853
1.86441374 0.20985276
4.46448326 0.13066427
4.04902792 0.36196783
3.73380232 0.40315962
3.24509215 0.35687184
4.04902792 0.38832727
3.73380232 0.35509500
3.24509215 0.30619010
4.04902792 0.17367959
3.73380232 0.19320065
3.24509215 0.20479150
4.23081970 0.49877000
3.72196984 0.36719450
3.72442174 0.33695993
4.23081970 0.47567272
3.72196984 0.37234879
3.72442174 0.34910074
4.23081970 0.22882509
3.72196984 0.20098014
3.72442174 0.19439359
3.98022676 0.47391984
4.06543016 0.48105684
3.50159335 0.34776476
4.36168242 0.45687163
4.30183458 0.38355324
3.98022676 0.27200225
4.06543016 0.26992443
3.50159335 0.20673506
4.36168242 0.28388846
4.30183458 0.29953143
3.98022676 0.16437362
4.06543016 0.15849642
3.50159335 0.14062063
4.36168242 0.13461311
4.30183458 0.12971707
4.27668905 0.42557457
4.13920307 0.48895392
4.27668905 0.28686732
4.13920307 0.25500432
4.27668905 0.13496037
4.13920307 0.15137301
4.21960545 0.41128787
3.43285871 0.31358674
4.48499489 0.52819127
4.53775787 0.45708272
4.21960545 0.29013368
3.43285871 0.17622240
4.48499489 0.31218907
4.53775787 0.30223826
4.21960545 0.14567663
3.43285871 0.15959713
4.48499489 0.16205417
4.53775787 0.14718519
3.15329337 0.38583291
3.75024962 0.44739914
3.71988320 0.38136339
4.29292011 0.42705405
3.96194077 0.35608360
3.15329337 0.24698186
3.75024962 0.33455452
3.71988320 0.27968612
4.29292011 0.40529749
3.96194077 0.30566809
3.15329337 0.20243537
3.75024962 0.19937511
3.71988320 0.17428739
4.29292011 0.16790630
3.96194077 0.15989639
3.79237366 0.35954729
1.89358294 0.25629821
3.72842836 0.44507429
4.38309097 0.45893502
3.67776346 0.37748384
3.79237366 0.28135830
1.89358294 0.12472739
3.72842836 0.31883660
4.38309097 0.36007881
3.67776346 0.27077273
3.79237366 0.17952602
1.89358294 0.26831546
3.72842836 0.19560258
4.38309097 0.18131588
3.67776346 0.18012679
4.24480438 0.39802435
1.97002470 0.26383516
2.89004064 0.35649633
4.12868547 0.43443981
3.34885120 0.34727955
4.01387644 0.40165234
4.37700605 0.38964245
4.24480438 0.20604229
1.97002470 0.07714284
2.89004064 0.12484892
4.12868547 0.18355931
3.34885120 0.13257687
4.01387644 0.21665041
4.37700605 0.23394036
4.24480438 0.13623713
1.97002470 0.22066289
2.89004064 0.16257215
4.12868547 0.14016585
3.34885120 0.15465526
4.01387644 0.13751969
4.37700605 0.13287321
4.39993095 0.39150035
3.85601401 0.46061251
4.12795115 0.41906056
4.03191280 0.40329197
3.70053959 0.44210410
4.39993095 0.24287538
3.85601401 0.22343026
4.12795115 0.22528614
4.03191280 0.23859821
3.70053959 0.21613772
4.39993095 0.13846064
3.85601401 0.15966962
4.12795115 0.14552754
4.03191280 0.14459191
3.70053959 0.16233623
4.46197462 0.52357644
4.53467703 0.42277586
4.38948298 0.51790106
4.46197462 0.37180269
4.53467703 0.36714706
4.38948298 0.36898151
4.46197462 0.17982917
4.53467703 0.16123277
4.38948298 0.19860853
3.56413198 0.34022760
1.92914557 0.25979608
3.17473531 0.38638279
4.32451439 0.42061472
3.62106514 0.38576245
4.39463043 0.44378743
3.56413198 0.20487960
1.92914557 0.09990826
3.17473531 0.18558860
4.32451439 0.34868166
3.62106514 0.20682256
4.39463043 0.29479429
3.56413198 0.16162565
1.92914557 0.24514805
3.17473531 0.18049812
4.32451439 0.15238859
3.62106514 0.16669004
4.39463043 0.15131737
4.15419388 0.49055943
4.15419388 0.26765749
4.15419388 0.16150273
3.79564071 0.35982430
3.44544029 0.41680112
3.79564071 0.29402110
3.44544029 0.27213806
3.79564071 0.17455542
3.44544029 0.20212972
3.79517198 0.45410240
1.90685558 0.25625804
4.39197063 0.45979097
3.44606829 0.35023084
3.79517198 0.29559383
1.90685558 0.11337564
4.39197063 0.32555678
3.44606829 0.23972857
3.79517198 0.19954801
1.90685558 0.25348362
4.39197063 0.17148913
3.44606829 0.17571254
4.14862585 0.38982752
3.17428613 0.38805124
4.06772518 0.48130241
4.06896734 0.39791295
4.18064928 0.43943843
4.14862585 0.21910353
3.17428613 0.14702134
4.06772518 0.21592742
4.06896734 0.23041050
4.18064928 0.20860864
4.14862585 0.13287477
3.17428613 0.16604139
4.06772518 0.15087683
4.06896734 0.13107599
4.18064928 0.13603936
3.80075645 0.36025813
3.45034838 0.41732299
3.80075645 0.29437998
3.45034838 0.27249548
3.80075645 0.17428346
3.45034838 0.20181416
4.20524693 0.41906539
4.14025784 0.48906687
4.20524693 0.25078541
4.14025784 0.23012488
4.20524693 0.13663904
4.14025784 0.14966384
3.91496515 0.46692541
2.90058255 0.35759842
4.34256411 0.43895492
3.49304056 0.35446808
3.91496515 0.36757424
2.90058255 0.23477983
4.34256411 0.40731713
3.49304056 0.29945245
3.91496515 0.20751357
2.90058255 0.20625575
4.34256411 0.17866975
3.49304056 0.18456601
4.05003977 0.38143459
1.87210405 0.25419310
1.94646227 0.26015064
4.09413099 0.40014568
3.28529811 0.35375845
4.10261106 0.41671443
4.16799116 0.41567275
4.05003977 0.22478302
1.87210405 0.08248875
1.94646227 0.08512872
4.09413099 0.25838724
3.28529811 0.14369500
4.10261106 0.22167714
4.16799116 0.25536931
4.05003977 0.14582171
1.87210405 0.23897453
1.94646227 0.23159204
4.09413099 0.14655890
3.28529811 0.16798961
4.10261106 0.14668043
4.16799116 0.14430875
4.35989285 0.40784338
1.93049562 0.25992915
1.91792333 0.25734395
3.65415573 0.38892594
3.51327419 0.36235729
3.55124998 0.35972366
4.35989285 0.31302479
1.93049562 0.10481017
1.91792333 0.10531812
3.65415573 0.20970154
3.51327419 0.20933974
3.55124998 0.23788311
4.35989285 0.15275694
1.93049562 0.24190407
1.91792333 0.23970354
3.65415573 0.16500129
3.51327419 0.16350052
3.55124998 0.15906060
3.56111073 0.33997235
1.92624748 0.25951046
3.17207742 0.38610268
4.32144785 0.42034197
3.61726618 0.38539934
4.39149809 0.44349661
3.56111073 0.20505033
1.92624748 0.09991086
3.17207742 0.18570620
4.32144785 0.34894443
3.61726618 0.20696925
4.39149809 0.29507497
3.56111073 0.16193444
1.92624748 0.24563389
3.17207742 0.18084817
4.32144785 0.15270363
3.61726618 0.16701148
4.39149809 0.15163669
3.26185799 0.39731732
1.94968832 0.26046848
4.23925257 0.44507870
4.12807798 0.41907230
3.22776031 0.33058724
3.26185799 0.17666721
1.94968832 0.09183804
4.23925257 0.23347725
4.12807798 0.24364905
3.22776031 0.16349630
3.26185799 0.16844976
1.94968832 0.22035585
4.23925257 0.13847837
4.12807798 0.13853741
3.22776031 0.15392289
3.74798942 0.44905782
1.90357900 0.25593683
4.37178326 0.42482015
4.16979742 0.43839434
4.19085598 0.41775477
3.74798942 0.17788088
1.90357900 0.07046047
4.37178326 0.22747447
4.16979742 0.17966558
4.19085598 0.20229107
3.74798942 0.15982054
1.90357900 0.21303417
4.37178326 0.14063281
4.16979742 0.14646299
4.19085598 0.13827498
4.14676189 0.38966879
3.17424369 0.38804674
4.06975937 0.48152009
4.06977224 0.39798436
4.18080568 0.43945348
4.14676189 0.21908347
3.17424369 0.14713116
4.06975937 0.21631902
4.06977224 0.23077510
4.18080568 0.20887864
4.14676189 0.13298918
3.17424369 0.16617154
4.06975937 0.15103348
4.06977224 0.13117744
4.18080568 0.13615836
3.97080684 0.47290990
4.05841255 0.48030594
3.50039649 0.34765944
4.35516787 0.45624378
4.30665684 0.38394371
3.97080684 0.27090979
4.05841255 0.26903728
3.50039649 0.20665453
4.35516787 0.28303751
4.30665684 0.30047664
3.97080684 0.16445656
4.05841255 0.15856634
3.50039649 0.14067669
4.35516787 0.13466762
4.30665684 0.12979138
3.76314306 0.44877318
3.76314306 0.27304351
3.76314306 0.18540318
2.85073590 0.35400558
1.96708107 0.26218417
3.76865530 0.37131914
3.58476663 0.38229403
4.41342592 0.43804470
2.85073590 0.18148524
1.96708107 0.11103624
3.76865530 0.27205414
3.58476663 0.22162883
4.41342592 0.34965429
2.85073590 0.20165659
1.96708107 0.25116101
3.76865530 0.16229837
3.58476663 0.17771913
4.41342592 0.15942852
3.98035312 0.47393334
4.06737089 0.48126447
3.50384855 0.34796321
4.36309433 0.45700768
4.30417585 0.38374281
3.98035312 0.27191317
4.06737089 0.26997986
3.50384855 0.20687664
4.36309433 0.28388017
4.30417585 0.29973832
3.98035312 0.16422734
4.06737089 0.15835510
3.50384855 0.14053334
4.36309433 0.13451625
4.30417585 0.12963125
4.32675505 0.38557139
3.55677438 0.42865166
4.49560785 0.45316574
4.32675505 0.24286228
3.55677438 0.17165075
4.49560785 0.24374068
4.32675505 0.13047837
3.55677438 0.15496059
4.49560785 0.13091840
4.35629845 0.42344233
3.58212614 0.32553723
4.46078348 0.52558196
4.35629845 0.42837730
3.58212614 0.27603164
4.46078348 0.42210993
4.35629845 0.16310006
3.58212614 0.16199732
4.46078348 0.18295670
4.41921425 0.51898354
4.33159065 0.51166826
4.41921425 0.43131521
4.33159065 0.41009131
4.41921425 0.20046479
4.33159065 0.20949106
4.27610445 0.42552134
4.14060402 0.48910394
4.27610445 0.28727195
4.14060402 0.25548431
4.27610445 0.13513333
4.14060402 0.15160882
4.24404335 0.45004392
4.24404335 0.32857308
4.24404335 0.17048596
4.22925568 0.39626512
3.48825622 0.37804481
4.22925568 0.34433424
3.48825622 0.23578262
4.22925568 0.15245929
3.48825622 0.17703450
4.41408205 0.39925385
3.62927961 0.34533560
4.41408205 0.28619361
3.62927961 0.20552839
4.41408205 0.13009506
3.62927961 0.14199252
1.93261874 0.23498316
1.93261874 0.10544711
1.93261874 0.22956504
4.37979889 0.39642254
1.92872894 0.23464449
4.37979889 0.21818727
1.92872894 0.07584894
4.37979889 0.13255505
1.92872894 0.20863681
3.57209229 0.34050402
3.59750247 0.33211726
3.57209229 0.19887240
3.59750247 0.18554531
3.57209229 0.14474167
3.59750247 0.14266698
3.72510839 0.34255984
4.51921749 0.47643122
3.72510839 0.21655059
4.51921749 0.29175541
3.72510839 0.14527684
4.51921749 0.15998776
4.09891081 0.37326181
4.00709295 0.42738643
4.16070795 0.39042735
4.09891081 0.20402752
4.00709295 0.20326670
4.16070795 0.22361308
4.09891081 0.12569176
4.00709295 0.14750262
4.16070795 0.12859650
3.75774884 0.40362144
3.75774884 0.25571603
3.75774884 0.17014807
3.87653995 0.34242785
4.20098495 0.44592181
4.36667585 0.39533898
3.87653995 0.24910967
4.20098495 0.30744392
4.36667585 0.33250019
3.87653995 0.14982919
4.20098495 0.17241073
4.36667585 0.14817892
3.72358203 0.34243479
4.50395155 0.47496545
3.72358203 0.21642375
4.50395155 0.29019699
3.72358203 0.14541428
4.50395155 0.16008694
4.31635094 0.45697045
4.18318653 0.39234123
4.31635094 0.24023710
4.18318653 0.25090316
4.31635094 0.14014284
4.18318653 0.13100924
4.07085943 0.43347737
4.07085943 0.24526329
4.07085943 0.15945129
4.14742804 0.38929689
3.75512075 0.40337142
4.14742804 0.27322528
3.75512075 0.22468545
4.14742804 0.14019696
3.75512075 0.15906043
3.51538086 0.33571741
3.51538086 0.23524262
3.51538086 0.15951191
3.74289393 0.40220845
3.74289393 0.25440690
3.74289393 0.17054987
4.41607618 0.39941850
3.63120437 0.34549829
4.41607618 0.28609079
3.63120437 0.20546250
4.41607618 0.12995969
3.63120437 0.14186068
4.13754845 0.37644351
3.26383638 0.31454924
4.13754845 0.21786571
3.26383638 0.14411703
4.13754845 0.12738301
3.26383638 0.14621036
3.57081079 0.34039581
3.60116816 0.33241692
3.57081079 0.19863479
3.60116816 0.18588157
3.57081079 0.14468171
3.60116816 0.14260399
4.19189548 0.39308283
4.26882458 0.37342024
4.19840765 0.44567516
4.20086145 0.38166022
4.19189548 0.23310713
4.26882458 0.21971881
4.19840765 0.21854179
4.20086145 0.21885161
4.19189548 0.12986368
4.26882458 0.12837081
4.19840765 0.14453329
4.20086145 0.12903094
1.91353869 0.23332362
1.91353869 0.10855062
1.91353869 0.23475881
4.09637451 0.37305295
4.01210785 0.42786527
4.15654707 0.39007309
4.09637451 0.20337503
4.01210785 0.20345162
4.15654707 0.22274615
4.09637451 0.12554739
4.01210785 0.14729412
4.15654707 0.12843753
4.06765318 0.43317094
4.06765318 0.24469440
4.06765318 0.15920959
4.17934418 0.36633804
1.92989981 0.23474641
4.17934418 0.19904102
1.92989981 0.07655673
4.17934418 0.12809640
1.92989981 0.20213020
3.37909126 0.36772242
3.37909126 0.13041757
3.37909126 0.14700188
4.37349319 0.40856209
4.49318027 0.39120641
3.57463384 0.38622880
4.37349319 0.35486412
4.49318027 0.34720874
3.57463384 0.23990478
4.37349319 0.14575790
4.49318027 0.14458425
3.57463384 0.16718514
3.60319901 0.32093254
3.24411106 0.35499427
3.60319901 0.15808724
3.24411106 0.15753414
3.60319901 0.14454551
3.24411106 0.15655088
3.98206425 0.35074973
4.51550627 0.47607484
3.98206425 0.26784059
4.51550627 0.33750531
3.98206425 0.14969267
4.51550627 0.17034687
1.89627075 0.23182540
1.89627075 0.09107566
1.89627075 0.22326429
3.84984446 0.34032452
1.95038354 0.23653197
3.84984446 0.25172445
1.95038354 0.11355218
3.84984446 0.15442045
1.95038354 0.23226905
4.34420395 0.48051897
4.16054630 0.48204729
4.44575071 0.50298196
4.34420395 0.38504180
4.16054630 0.36019418
4.44575071 0.36807919
4.34420395 0.16064905
4.16054630 0.16370541
4.44575071 0.15316959
3.80232382 0.44452861
2.97417212 0.34443936
3.72762895 0.42921999
3.80232382 0.37263140
2.97417212 0.25354251
3.72762895 0.35489830
3.80232382 0.17423846
2.97417212 0.18386813
3.72762895 0.17758512
3.78794265 0.44302619
1.85712409 0.23833083
2.90965056 0.34627435
3.78794265 0.23382296
1.85712409 0.09194259
2.90965056 0.15212636
3.78794265 0.14361008
1.85712409 0.22100376
2.90965056 0.16278650
4.09988165 0.38399708
1.90987003 0.24311854
4.22922421 0.48067763
4.09988165 0.24278682
1.90987003 0.08570992
4.22922421 0.23367663
4.09988165 0.13243695
1.90987003 0.22316943
4.22922421 0.14617850
4.09706545 0.46708858
3.57432246 0.33954605
4.09016037 0.45506144
3.22520971 0.38452891
4.09706545 0.26297632
3.57432246 0.21745610
4.09016037 0.27898839
3.22520971 0.17763507
4.09706545 0.14958088
3.57432246 0.13890444
4.09016037 0.15321235
3.22520971 0.15458615
3.99946594 0.37547997
4.42892504 0.50124711
3.99946594 0.33272210
4.42892504 0.37882090
3.99946594 0.15635218
4.42892504 0.18031280
3.71256304 0.43515623
3.20664215 0.36726260
1.85184729 0.24307813
3.71256304 0.26886585
3.20664215 0.20383501
1.85184729 0.10122176
3.71256304 0.16827847
3.20664215 0.17109491
1.85184729 0.23536257
4.14916945 0.38818121
2.76542568 0.33731845
4.19000769 0.46505848
1.93784809 0.25113848
4.14916945 0.24194564
2.76542568 0.12703176
4.19000769 0.22229052
1.93784809 0.07985430
4.14916945 0.13162689
2.76542568 0.16658436
4.19000769 0.14181963
1.93784809 0.21361576
4.10200930 0.46759656
3.23653603 0.31118014
4.13965178 0.46001521
4.08769226 0.47440335
4.10200930 0.19165002
3.23653603 0.13470335
4.13965178 0.21329303
4.08769226 0.20312028
4.10200930 0.13614315
3.23653603 0.14059995
4.13965178 0.13808417
4.08769226 0.13665254
1.90698671 0.25197119
4.09978151 0.45602426
3.16644120 0.37214091
1.90698671 0.11240413
4.09978151 0.31892970
3.16644120 0.20928209
1.90698671 0.22966735
4.09978151 0.16598062
3.16644120 0.16670723
4.14229584 0.38759759
4.19742680 0.46580172
4.13129187 0.47897711
4.14229584 0.26820040
4.19742680 0.25891420
4.13129187 0.25180504
4.14229584 0.13160966
4.19742680 0.14682169
4.13129187 0.14665674
3.92063308 0.44898021
1.93868864 0.25501528
3.92063308 0.30248690
1.93868864 0.11085921
3.92063308 0.16660137
1.93868864 0.22483528
3.71172881 0.43506917
1.82076216 0.23505123
1.88001299 0.24570797
3.71172881 0.20558508
1.82076216 0.08317458
1.88001299 0.08150471
3.71172881 0.14608446
1.82076216 0.22918563
1.88001299 0.22044475
4.10159016 0.38414213
1.90854776 0.24299812
4.22684669 0.48043299
4.10159016 0.24310409
1.90854776 0.08566892
4.22684669 0.23352258
4.10159016 0.13246433
1.90854776 0.22329026
4.22684669 0.14621671
1.86967623 0.24840420
3.18585014 0.36521530
1.90687537 0.24822533
1.86967623 0.09423474
3.18585014 0.18089278
1.90687537 0.09417906
1.86967623 0.22358568
3.18585014 0.15995969
1.90687537 0.21920981
4.30755520 0.40164170
1.90630829 0.25190619
4.21535492 0.46759811
1.94106531 0.25144172
4.30755520 0.33501586
1.90630829 0.10701823
4.21535492 0.29949018
1.94106531 0.10549745
4.30755520 0.14445472
1.90630829 0.23390293
4.21535492 0.16465357
1.94106531 0.22843619
1.90882623 0.25214747
4.09724379 0.45577025
3.16567588 0.37206355
1.90882623 0.11250726
4.09724379 0.31850231
3.16567588 0.20914327
1.90882623 0.22952569
4.09724379 0.16591896
3.16567588 0.16669208
3.18681979 0.37420163
4.12639666 0.38624772
1.93861163 0.25500783
3.18681979 0.15549634
4.12639666 0.24280035
1.93861163 0.08189723
3.18681979 0.15814957
4.12639666 0.13032942
1.93861163 0.20003636
3.12129021 0.37380266
1.85951114 0.23854671
1.91497540 0.24898611
3.12129021 0.21363075
1.85951114 0.11270960
1.91497540 0.11210207
3.12129021 0.17266048
1.85951114 0.24075677
1.91497540 0.23317970
4.09946060 0.38396135
1.90848660 0.24299254
4.22778368 0.48052940
4.09946060 0.24299406
1.90848660 0.08570704
4.22778368 0.23375390
4.09946060 0.13253771
1.90848660 0.22335239
4.22778368 0.14631681
4.13937998 0.38734996
4.19742203 0.46580124
4.13856316 0.47974011
4.13937998 0.26733884
4.19742203 0.25864264
4.13856316 0.25220579
4.13937998 0.13144979
4.19742203 0.14663465
4.13856316 0.14645608
3.59349513 0.34116158
3.20456648 0.36705819
3.59349513 0.21698518
3.20456648 0.18999864
3.59349513 0.14080188
3.20456648 0.15963309
4.20267391 0.46632743
4.20267391 0.22026242
4.20267391 0.13017114
4.10228300 0.46762469
3.57340598 0.33946884
4.08450317 0.45449543
3.22590232 0.38460052
4.10228300 0.26413092
3.57340598 0.21782948
4.08450317 0.27891168
3.22590232 0.17798965
4.10228300 0.14995056
3.57340598 0.13912323
4.08450317 0.15360443
3.22590232 0.15480666
4.10620880 0.46802810
3.23568678 0.31110910
4.13210297 0.45925942
4.08652306 0.47428071
4.10620880 0.19210368
3.23568678 0.13470656
4.13210297 0.21270849
4.08652306 0.20315517
4.10620880 0.13619830
3.23568678 0.14064993
4.13210297 0.13817979
4.08652306 0.13674426
4.09792280 0.46717668
3.57156038 0.33931339
4.08751488 0.45479670
3.22488976 0.38449588
4.09792280 0.26355174
3.57156038 0.21758115
4.08751488 0.27916536
3.22488976 0.17790288
4.09792280 0.14988674
3.57156038 0.13910285
4.08751488 0.15354261
3.22488976 0.15479253
4.30279970 0.48825130
4.30279970 0.40128359
4.30279970 0.17339231
4.36951590 0.48305926
3.53954864 0.41002095
4.36951590 0.22065003
3.53954864 0.14881665
4.36951590 0.13642730
3.53954864 0.14649324
3.29403973 0.37588033
4.13453054 0.47931695
3.29403973 0.31569821
4.13453054 0.45740736
3.29403973 0.20350677
4.13453054 0.19647072
3.82898092 0.43958977
1.91703975 0.25293520
3.82898092 0.27259651
1.91703975 0.10652328
3.82898092 0.15370707
1.91703975 0.22742076
3.90896630 0.44778422
1.93284082 0.25445285
3.90896630 0.30112359
1.93284082 0.11045472
3.90896630 0.16659810
1.93284082 0.22507437
4.11344862 0.45739207
3.46872306 0.40976551
4.11344862 0.33151558
3.46872306 0.26479089
4.11344862 0.16688865
3.46872306 0.16675146
4.44309235 0.49247167
1.85536659 0.22429071
3.85779357 0.41898546
4.17978382 0.47896376
4.54149103 0.40643477
4.44309235 0.27421448
1.85536659 0.08445141
3.85779357 0.23883162
4.17978382 0.24460876
4.54149103 0.27906686
4.44309235 0.14831565
1.85536659 0.23354100
3.85779357 0.15525697
4.17978382 0.15797494
4.54149103 0.14056601
4.00250006 0.41656721
1.91254127 0.25032857
3.24322414 0.37279367
4.00250006 0.30983388
1.91254127 0.11633393
3.24322414 0.23575544
4.00250006 0.16289741
1.91254127 0.24272758
3.24322414 0.17066462
3.45120358 0.32280752
4.32095432 0.49361858
3.00195312 0.33712783
3.94995308 0.41170797
3.39595985 0.38788855
3.45120358 0.16434066
4.32095432 0.25622037
3.00195312 0.14484210
3.94995308 0.21567231
3.39595985 0.17947316
3.45120358 0.14708279
4.32095432 0.14244314
3.00195312 0.16519585
3.94995308 0.14312841
3.39595985 0.15597391
4.52313089 0.40029278
1.84423792 0.22965370
1.86300349 0.24078299
3.86822557 0.44670710
4.52313089 0.57904524
1.84423792 0.17300944
1.86300349 0.18115519
3.86822557 0.47909808
4.52313089 0.19257109
1.84423792 0.30469331
1.86300349 0.30051291
3.86822557 0.22809958
4.04564571 0.36166885
1.84586012 0.22979385
3.47679496 0.39589855
4.22189713 0.38021269
4.04564571 0.30002230
1.84586012 0.10882482
3.47679496 0.25694838
4.22189713 0.34860459
4.04564571 0.16477630
1.84586012 0.25828394
3.47679496 0.19448869
4.22189713 0.17492147
3.47434855 0.39565590
4.50119972 0.47830307
1.90249348 0.22822411
2.81411695 0.31940955
4.44646549 0.40535140
3.47434855 0.26808181
4.50119972 0.38507375
1.90249348 0.12504350
2.81411695 0.21369274
4.44646549 0.41349837
3.47434855 0.19350319
4.50119972 0.18130833
1.90249348 0.26226929
2.81411695 0.19704139
4.44646549 0.16308910
3.44126964 0.36488286
3.50104594 0.38233903
1.89207721 0.24341722
3.94562435 0.42746076
3.79983902 0.43964481
4.03655767 0.37122896
3.44126964 0.17745502
3.50104594 0.18195824
1.89207721 0.08796883
3.94562435 0.23507065
3.79983902 0.22867061
4.03655767 0.24669985
3.44126964 0.15951924
3.50104594 0.15696175
1.89207721 0.22747946
3.94562435 0.14834015
3.79983902 0.15203531
4.03655767 0.13518326
3.59269166 0.32524034
1.82847977 0.22829409
4.53254795 0.46575925
3.84225345 0.43226525
4.41156006 0.47257957
3.59269166 0.13781221
1.82847977 0.06924140
4.53254795 0.23568487
3.84225345 0.20050491
4.41156006 0.22453694
3.59269166 0.14186949
1.82847977 0.22799556
4.53254795 0.14067160
3.84225345 0.14953610
4.41156006 0.14044829
3.97428703 0.35591435
3.65730810 0.39723739
3.26399279 0.34867647
4.35020542 0.46662483
3.79464078 0.43910825
3.97428703 0.23973256
3.65730810 0.22472538
3.26399279 0.20426433
4.35020542 0.31836036
3.79464078 0.28487641
3.97428703 0.14080061
3.65730810 0.16343383
3.26399279 0.16936070
4.35020542 0.16543342
3.79464078 0.16839604
3.82421637 0.34383020
1.87367821 0.23220249
3.83313060 0.43135467
4.30760574 0.38723704
3.82421637 0.27567908
1.87367821 0.11440434
3.83313060 0.31938720
4.30760574 0.38315150
3.82421637 0.15935330
1.87367821 0.25344741
3.83313060 0.19537230
4.30760574 0.16404158
3.84910774 0.41558006
4.28339911 0.39176002
3.36582565 0.37174177
3.73782420 0.34067205
3.84910774 0.41954076
4.28339911 0.53975558
3.36582565 0.34017518
3.73782420 0.36981940
3.84910774 0.24565069
4.28339911 0.22271962
3.36582565 0.23465042
3.73782420 0.22339475
4.38688231 0.48682174
3.29883742 0.36313131
3.64450955 0.38354012
4.23489237 0.48468193
3.68651819 0.33649656
4.38688231 0.41411582
3.29883742 0.25936255
3.64450955 0.29806787
4.23489237 0.37575820
3.68651819 0.28828296
4.38688231 0.20548677
3.29883742 0.19944197
3.64450955 0.19738831
4.23489237 0.19892585
3.68651819 0.17545272
3.93672013 0.35288703
1.85114622 0.23025078
2.78991938 0.32837468
3.57965922 0.39222360
3.81401873 0.44110855
3.93672013 0.37033525
1.85114622 0.14968894
2.78991938 0.26419720
3.57965922 0.34780884
3.81401873 0.40761566
3.93672013 0.17238335
1.85114622 0.27705124
2.78991938 0.21662064
3.57965922 0.19173513
3.81401873 0.21241041
1.85184467 0.22399785
1.85905468 0.23217951
1.85184467 0.13793285
1.85905468 0.13962196
1.85184467 0.27789128
1.85905468 0.27796757
4.54797792 0.40230760
1.87672830 0.22607024
3.39501715 0.37453246
3.84992862 0.44481686
4.54797792 0.29530331
1.87672830 0.09409233
3.39501715 0.19926447
3.84992862 0.25062066
4.54797792 0.13490017
1.87672830 0.23654342
3.39501715 0.17058472
3.84992862 0.16655569
3.51840115 0.38399151
3.60827446 0.38020828
3.93736506 0.44176528
1.90628278 0.23631619
3.66920996 0.42617521
3.51840115 0.34325862
3.60827446 0.36767611
3.93736506 0.42455247
1.90628278 0.15081345
3.66920996 0.35264122
3.51840115 0.20982896
3.60827446 0.20011400
3.93736506 0.23179482
1.90628278 0.27825889
3.66920996 0.19937038
3.73560214 0.40471795
3.80989718 0.39877477
3.95401335 0.44342947
1.92397571 0.23787282
3.48444915 0.40717492
3.73560214 0.31065848
3.80989718 0.33607462
3.95401335 0.36211112
1.92397571 0.12717585
3.48444915 0.26705450
3.73560214 0.17927086
3.80989718 0.18382691
3.95401335 0.19436170
1.92397571 0.25006846
3.48444915 0.18544203
1.86904407 0.23305215
4.11124945 0.37743559
4.46332264 0.40001404
3.82690668 0.40034401
1.86904407 0.09495170
4.11124945 0.28396919
4.46332264 0.29508397
3.82690668 0.25945261
1.86904407 0.24348928
4.11124945 0.15446021
4.46332264 0.15435514
3.82690668 0.17055382
3.52575922 0.38705254
1.93301284 0.25226638
4.49049711 0.40224564
3.80511069 0.41136742
2.82363391 0.33165476
3.52575922 0.18763876
1.93301284 0.08752403
4.49049711 0.27045482
3.80511069 0.22374840
2.82363391 0.15096651
3.52575922 0.15556273
1.93301284 0.22203107
4.49049711 0.13245246
3.80511069 0.14513119
2.82363391 0.17415838
3.85420632 0.41606843
4.27937317 0.39142478
3.35893655 0.37108350
3.73601723 0.34052494
3.85420632 0.42086956
4.27937317 0.53921795
3.35893655 0.33939597
3.73601723 0.36988735
3.85420632 0.24624299
4.27937317 0.22294235
3.35893655 0.23490189
3.73601723 0.22372876
4.32471657 0.38421991
1.90616083 0.23502736
1.88070893 0.24238591
4.23050928 0.45501876
3.17027807 0.37503096
4.32471657 0.25063416
1.90616083 0.08647498
1.88070893 0.08994362
4.23050928 0.25246409
3.17027807 0.17175531
4.32471657 0.12754820
1.90616083 0.22331069
1.88070893 0.22108059
4.23050928 0.14222807
3.17027807 0.16290100
4.16757154 0.46480966
1.92531455 0.23013850
1.86189461 0.23242746
4.24335146 0.38842544
4.16757154 0.25047001
1.92531455 0.08925200
1.86189461 0.08895510
4.24335146 0.26098451
4.16757154 0.15489067
1.92531455 0.23000669
1.86189461 0.23727389
4.24335146 0.14161141
4.37265778 0.46880350
4.17433262 0.43248114
1.89125097 0.24831873
3.99749446 0.36185274
3.80296159 0.42834452
4.37265778 0.33027461
4.17433262 0.32184860
1.89125097 0.10518754
3.99749446 0.26337537
3.80296159 0.30052701
4.37265778 0.16829900
4.17433262 0.17569548
1.89125097 0.25008914
3.99749446 0.15294701
3.80296159 0.17863311
4.22613239 0.45459461
1.93971848 0.25290218
3.13998151 0.34810725
1.86086082 0.24058928
4.22613239 0.31988996
1.93971848 0.11227524
3.13998151 0.20768271
1.86086082 0.11212572
4.22613239 0.15467776
1.93971848 0.23342951
3.13998151 0.16306169
1.86086082 0.24055849
1.85273075 0.23162772
3.71823001 0.34484303
3.11524439 0.33513486
4.20367384 0.46842954
1.85273075 0.10052472
3.71823001 0.23539604
3.11524439 0.19260947
4.20367384 0.30891743
1.85273075 0.25016397
3.71823001 0.16017336
3.11524439 0.17638487
4.20367384 0.17605120
4.35283279 0.46687976
3.84185028 0.41488501
4.16982269 0.43206301
3.78029299 0.43762758
3.53082085 0.32384691
4.35283279 0.21978556
3.84185028 0.18765666
4.16982269 0.20527543
3.78029299 0.16984051
3.53082085 0.13833594
4.35283279 0.14351076
3.84185028 0.14704238
4.16982269 0.14308038
3.78029299 0.15342276
3.53082085 0.14692160
1.86827803 0.22536559
3.84630322 0.41787753
3.38502693 0.39697838
1.86827803 0.11565497
3.84630322 0.31448156
3.38502693 0.25134638
1.86827803 0.25373194
3.84630322 0.18025281
3.38502693 0.18636294
3.38035893 0.35930684
1.91883683 0.25092396
4.54996967 0.40713146
3.83906960 0.43194744
3.38035893 0.16932732
1.91883683 0.08296166
4.54996967 0.25572073
3.83906960 0.21989517
3.38035893 0.15761949
1.91883683 0.22211258
4.54996967 0.13009006
3.83906960 0.15081452
4.36657190 0.46531537
3.64534163 0.33881831
4.34408331 0.49602166
3.73963618 0.40760145
4.13486052 0.46153113
4.36657190 0.37178424
3.64534163 0.30624875
4.34408331 0.40695086
3.73963618 0.32696673
4.13486052 0.39337984
4.36657190 0.17197585
3.64534163 0.16415946
4.34408331 0.17656554
3.73963618 0.17937262
4.13486052 0.18494570
4.30956078 0.38299349
4.29732466 0.45864198
3.99666882 0.41602778
4.36358070 0.39844048
3.08254266 0.36609849
4.07110119 0.45514444
4.30956078 0.20318256
4.29732466 0.19864170
3.99666882 0.19717516
4.36358070 0.26089787
3.08254266 0.14237280
4.07110119 0.22299325
4.30956078 0.11648104
4.29732466 0.12862970
3.99666882 0.13245557
4.36358070 0.12355062
3.08254266 0.15379204
4.07110119 0.13756390
4.44745922 0.40543428
1.89479589 0.24865299
3.95217848 0.42545989
1.85671186 0.24021439
4.44745922 0.30521205
1.89479589 0.08737651
3.95217848 0.22975351
1.85671186 0.08802808
4.44745922 0.12416906
1.89479589 0.22221105
3.95217848 0.13505536
1.85671186 0.22547054
3.76279378 0.34852985
3.41394734 0.39994228
3.94844508 0.42773309
3.83938837 0.40149578
3.89971089 0.42042875
1.90303028 0.24441242
3.76279378 0.31518352
3.41394734 0.28475240
3.94844508 0.34259501
3.83938837 0.31322861
3.89971089 0.32723334
1.90303028 0.13017817
3.76279378 0.15467794
3.41394734 0.17857958
3.94844508 0.17960429
3.83938837 0.17745239
3.89971089 0.17757179
1.90303028 0.25727189
4.23184633 0.46925083
4.18096113 0.48654714
3.30906487 0.36964190
4.32526398 0.49604774
4.23184633 0.34277955
4.18096113 0.31701687
3.30906487 0.21234286
4.32526398 0.33481124
4.23184633 0.16714780
4.18096113 0.18055575
3.30906487 0.17320837
4.32526398 0.17191537
4.31795740 0.42017487
3.51057839 0.41159156
3.72949600 0.36135995
4.43761730 0.48002830
4.46086740 0.51617253
4.31795740 0.35514674
3.51057839 0.24093734
3.72949600 0.24986792
4.43761730 0.32503703
4.46086740 0.32964811
4.31795740 0.13815098
3.51057839 0.17362654
3.72949600 0.14459367
4.43761730 0.15546638
4.46086740 0.16368566
3.33099842 0.37953004
3.70563173 0.36571276
3.64786291 0.35427561
4.08337212 0.44518712
3.33099842 0.20502175
3.70563173 0.23434137
3.64786291 0.21989773
4.08337212 0.27640888
3.33099842 0.15848497
3.70563173 0.14034721
3.64786291 0.14059967
4.08337212 0.15193772
4.46214581 0.48244557
4.11133003 0.47919121
4.47655201 0.42644891
1.86938584 0.23944068
3.14301705 0.37387800
4.46214581 0.21863131
4.11133003 0.19870202
4.47655201 0.24842621
1.86938584 0.07540561
3.14301705 0.13538292
4.46214581 0.12486225
4.11133003 0.13146853
4.47655201 0.11906904
1.86938584 0.21072944
3.14301705 0.15274599
4.11711836 0.47980249
3.62192035 0.35206461
3.64714956 0.41086698
4.43855572 0.50785929
4.50195312 0.48636973
4.11711836 0.33833930
3.62192035 0.28496748
3.64714956 0.27847847
4.43855572 0.36445400
4.50195312 0.36371890
4.11711836 0.16880910
3.62192035 0.15459372
3.64714956 0.17234306
4.43855572 0.17036487
4.50195312 0.15861927
3.30405617 0.39445445
1.87926865 0.24033661
1.91527522 0.25188041
3.30405617 0.22839625
1.87926865 0.11373270
1.91527522 0.11368448
3.30405617 0.16852832
1.87926865 0.24777551
1.91527522 0.24427696
1.86295307 0.24878116
4.38430262 0.41838619
3.98031187 0.43507817
3.36806607 0.38319364
1.92977810 0.25325659
1.86295307 0.07505461
4.38430262 0.27005318
3.98031187 0.19713102
3.36806607 0.16945983
1.92977810 0.07773224
1.86295307 0.21010537
4.38430262 0.12806585
3.98031187 0.13982838
3.36806607 0.15629852
1.92977810 0.19906056
4.36461306 0.42433909
1.91356945 0.25363663
3.72402120 0.36090782
3.97139430 0.43420413
4.39662504 0.48578063
3.44110775 0.40444016
4.36461306 0.40784702
1.91356945 0.11558533
3.72402120 0.29147553
3.97139430 0.30242747
4.39662504 0.38169745
3.44110775 0.24005212
4.36461306 0.15483862
1.91356945 0.23935194
3.72402120 0.15900095
3.97139430 0.17455219
4.39662504 0.17761393
3.44110775 0.18423671
4.11373568 0.40196893
3.42884231 0.40747297
3.40011215 0.33290642
4.37492895 0.48360261
4.45331049 0.50939852
4.11373568 0.23505540
3.42884231 0.16174389
3.40011215 0.15671608
4.37492895 0.23576583
4.45331049 0.22965474
4.11373568 0.12206421
3.42884231 0.14415219
3.40011215 0.14012061
4.37492895 0.13176988
4.45331049 0.13238563
3.91946077 0.45895445
1.81273997 0.22946317
4.29095125 0.47517666
3.91946077 0.34207392
1.81273997 0.11924339
4.29095125 0.40768877
3.91946077 0.19283558
1.81273997 0.25240359
4.29095125 0.17558940
3.85058665 0.42237392
4.04724312 0.38898870
4.27113867 0.47318983
3.85058665 0.19718035
4.04724312 0.25492015
4.27113867 0.25689244
3.85058665 0.14739369
4.04724312 0.13633688
4.27113867 0.15023774
3.13787460 0.37717676
1.83928609 0.23180194
3.13787460 0.13731094
1.83928609 0.07039302
3.13787460 0.16466281
1.83928609 0.20711887
3.95850682 0.46306863
1.91707301 0.23870833
4.15426683 0.39835092
3.42709208 0.38903365
3.95850682 0.24946518
1.91707301 0.09398866
4.15426683 0.28242323
3.42709208 0.21039768
3.95850682 0.15995337
1.91707301 0.21344765
4.15426683 0.13947167
3.42709208 0.16674723
1.90385556 0.24257089
4.41164541 0.42085114
3.49344063 0.38753399
4.23147440 0.48627973
1.90385556 0.13958524
4.41164541 0.44389614
3.49344063 0.29236060
4.23147440 0.41203049
1.90385556 0.26011983
4.41164541 0.16165559
3.49344063 0.18469374
4.23147440 0.20876472
4.34625435 0.48072472
3.06507802 0.36592510
4.34625435 0.34661940
3.06507802 0.21773930
4.34625435 0.16942911
3.06507802 0.19203840
4.09001446 0.47156596
4.33901596 0.41443059
4.09001446 0.45876250
4.33901596 0.51101053
4.09001446 0.22062878
4.33901596 0.17507000
1.86935341 0.23943774
3.82667160 0.44918656
1.90189445 0.25061300
1.86935341 0.08187636
3.82667160 0.20534377
1.90189445 0.08164892
1.86935341 0.21873009
3.82667160 0.14236929
1.90189445 0.21893120
1.93469048 0.24538325
4.37177753 0.42497873
3.60618401 0.42144892
1.93469048 0.13489281
4.37177753 0.42265785
3.60618401 0.28898668
1.93469048 0.25636405
4.37177753 0.16363549
3.60618401 0.18133892
1.90624678 0.25102502
3.87943149 0.45473900
3.52105260 0.39834484
1.90624678 0.11209619
3.87943149 0.28763545
3.52105260 0.24369074
1.90624678 0.23764841
3.87943149 0.16798329
3.52105260 0.16743100
1.95491767 0.24723411
4.23687696 0.41294232
4.21564817 0.40371168
4.10865068 0.44766867
4.23103619 0.48623410
1.95491767 0.08914199
4.23687696 0.26155201
4.21564817 0.25322071
4.10865068 0.23092246
4.23103619 0.24929148
1.95491767 0.21026903
4.23687696 0.12364957
4.21564817 0.12326581
4.10865068 0.13427536
4.23103619 0.14021312
4.07378531 0.39841187
4.13347197 0.47608361
4.13721657 0.39682564
4.04858255 0.38912931
4.07378531 0.25030091
4.13347197 0.26048186
4.13721657 0.26462862
4.04858255 0.24152796
4.07378531 0.12305077
4.13347197 0.14160767
4.13721657 0.12436842
4.04858255 0.12227991
3.59504962 0.35592318
4.21396399 0.49003565
3.66129541 0.35547328
4.32239819 0.41304266
3.59504962 0.23523189
4.21396399 0.30722108
3.66129541 0.24696271
4.32239819 0.33862349
3.59504962 0.14153640
4.21396399 0.15788120
3.66129541 0.14444683
4.32239819 0.12815151
3.32073116 0.37851581
4.11360455 0.40195718
4.19934511 0.48849025
4.45355082 0.48159847
3.32073116 0.23899113
4.11360455 0.34341562
4.19934511 0.31565779
4.45355082 0.33715233
3.32073116 0.18533032
4.11360455 0.16072775
4.19934511 0.17799751
4.45355082 0.18305629
4.24686289 0.47075605
3.33604360 0.33306524
4.15816593 0.48413840
4.19407940 0.40178263
4.16539335 0.39932239
4.24686289 0.25888583
3.33604360 0.16364877
4.15816593 0.23884596
4.19407940 0.25680935
4.16539335 0.25512424
4.24686289 0.13635917
3.33604360 0.14108633
4.15816593 0.13677348
4.19407940 0.12336511
4.16539335 0.12172676
3.32266688 0.37870702
3.70936894 0.36604390
3.65017629 0.35447624
4.07979393 0.44483593
3.32266688 0.20409495
3.70936894 0.23476656
3.65017629 0.22011535
4.07979393 0.27579895
3.32266688 0.15847844
3.70936894 0.14023939
3.65017629 0.14049105
4.07979393 0.15175118
1.89390063 0.25174594
1.84448934 0.23226149
4.00373411 0.46260378
1.89390063 0.10944971
1.84448934 0.10430914
4.00373411 0.30179152
1.89390063 0.23762250
1.84448934 0.22582346
4.00373411 0.18281211
4.21084833 0.41062173
1.90022874 0.25235370
4.05565262 0.38972083
3.42499089 0.38088319
3.95412564 0.45745528
4.21084833 0.25529763
1.90022874 0.07656932
4.05565262 0.23333548
3.42499089 0.15545213
3.95412564 0.20302226
4.21084833 0.13761246
1.90022874 0.20841984
4.05565262 0.13795213
3.42499089 0.15638126
3.95412564 0.15450983
4.19417048 0.46547547
3.55750561 0.35260335
3.43976903 0.40861455
4.37589931 0.41765210
4.46239948 0.48247054
4.19417048 0.33273208
3.55750561 0.25100484
3.43976903 0.22046031
4.37589931 0.36375079
4.46239948 0.33040017
4.19417048 0.17493854
3.55750561 0.15469444
3.43976903 0.17161435
4.37589931 0.14432815
4.46239948 0.16005836
1.89474523 0.25182703
1.87242281 0.23473465
4.43598795 0.42298201
3.35572314 0.39566454
1.89474523 0.07581676
1.87242281 0.07435658
4.43598795 0.25823525
3.35572314 0.15211104
1.89474523 0.21206892
1.87242281 0.20543523
4.43598795 0.13461989
3.35572314 0.16255078
3.42590284 0.40716588
1.92665923 0.23956461
3.82198501 0.36939684
3.97717476 0.44376382
4.43552494 0.50754315
3.42590284 0.24041885
1.92665923 0.11848002
3.82198501 0.29161665
3.97717476 0.33208030
4.43552494 0.35297716
3.42590284 0.18215077
1.92665923 0.23695582
3.82198501 0.15686242
3.97717476 0.17819071
4.43552494 0.18139298
1.87071371 0.24952345
3.29295564 0.36808220
4.08067322 0.45411220
1.92995191 0.25327310
1.87071371 0.11011992
3.29295564 0.21615607
4.08067322 0.34878913
1.92995191 0.11442882
1.87071371 0.23986679
3.29295564 0.17352331
4.08067322 0.17906429
1.92995191 0.22917068
1.92121422 0.25244367
4.43483877 0.42288139
4.42017555 0.47830975
3.37221527 0.40156081
4.01968813 0.44801292
1.92121422 0.07895227
4.43483877 0.25006372
4.42017555 0.22227602
3.37221527 0.15078625
4.01968813 0.21405421
1.92121422 0.20594363
4.43483877 0.11728127
4.42017555 0.12912948
3.37221527 0.14547598
4.01968813 0.13482171
4.33335114 0.47753301
3.80816865 0.38323215
1.86895657 0.24550332
3.19059515 0.37121359
3.76096463 0.36862099
4.33335114 0.34420285
3.80816865 0.25075081
1.86895657 0.10754078
3.19059515 0.21245402
3.76096463 0.25546056
4.33335114 0.16126174
3.80816865 0.14968069
1.86895657 0.23955174
3.19059515 0.17183255
3.76096463 0.15500845
3.34899020 0.37949380
4.17422915 0.47712782
4.42925644 0.49615648
3.34899020 0.26096404
4.17422915 0.34947279
4.42925644 0.40140375
3.34899020 0.18635865
4.17422915 0.18541807
4.42925644 0.18180113
4.52924633 0.49718794
4.38821173 0.43598843
3.04485679 0.36126184
4.19308186 0.40180454
4.52924633 0.32917815
4.38821173 0.30089661
3.04485679 0.17694360
4.19308186 0.29819894
4.52924633 0.16160043
4.38821173 0.14633466
3.04485679 0.17420359
4.19308186 0.14192455
1.87471581 0.23812993
4.37272263 0.43457556
4.21596384 0.48144853
4.39829254 0.49300781
1.87471581 0.07203856
4.37272263 0.20355581
4.21596384 0.19000106
4.39829254 0.21375728
1.87471581 0.21593320
4.37272263 0.12173932
4.21596384 0.13400720
4.39829254 0.13145246
4.35520363 0.41599938
3.96430874 0.44898698
4.50878191 0.49513301
3.82344675 0.38461709
4.43338680 0.42782995
1.91145062 0.24949716
4.35520363 0.36915562
3.96430874 0.30239299
4.50878191 0.37351444
3.82344675 0.25482950
4.43338680 0.35455742
1.91145062 0.11258199
4.35520363 0.14725810
3.96430874 0.17239203
4.50878191 0.17185847
3.82344675 0.15617542
4.43338680 0.15137146
1.91145062 0.24026895
3.10553432 0.36274168
3.10553432 0.22493297
3.10553432 0.19170819
4.17611742 0.46178493
4.09955168 0.46268144
4.17611742 0.23687668
4.09955168 0.22703546
4.17611742 0.14135337
4.09955168 0.14211215
4.36450005 0.41681400
4.36450005 0.23843312
4.36450005 0.12546304
3.60016561 0.35011825
4.10034466 0.46948376
3.60016561 0.27792647
4.10034466 0.33889794
3.60016561 0.17366810
4.10034466 0.20523022
4.43649960 0.48787776
3.77945375 0.36570394
4.29556084 0.48256817
3.17409134 0.37438342
4.43649960 0.35656622
3.77945375 0.27503523
4.29556084 0.35869119
3.17409134 0.21834062
4.43649960 0.18137895
3.77945375 0.15864782
4.29556084 0.18441977
3.17409134 0.19124605
3.07397246 0.35242161
4.31856108 0.48490453
4.51189423 0.51213944
3.07397246 0.14512008
4.31856108 0.23855400
4.51189423 0.23671180
3.07397246 0.15864690
4.31856108 0.14309606
4.51189423 0.14270510
4.48403502 0.49264851
3.71921730 0.43016908
4.48729372 0.50206071
4.48403502 0.34550837
3.71921730 0.24827214
4.48729372 0.33690694
4.48403502 0.15096943
3.71921730 0.15223950
4.48729372 0.14691378
1.88336337 0.24462242
4.46226168 0.44274577
3.58469939 0.35318580
1.88536060 0.24704234
1.88336337 0.11630193
4.46226168 0.34879816
3.58469939 0.24480714
1.88536060 0.11267354
1.88336337 0.24596567
4.46226168 0.14886005
3.58469939 0.16436034
1.88536060 0.24362527
1.90382493 0.24650694
4.30494499 0.41648695
3.53634024 0.41138640
1.90382493 0.07934282
4.30494499 0.24364339
3.53634024 0.16510493
1.90382493 0.22103222
4.30494499 0.13398792
3.53634024 0.15569322
4.21985579 0.40414718
3.51269794 0.40345326
4.10663462 0.41033626
4.30526638 0.41651526
1.90574324 0.24895942
4.21985579 0.23843740
3.51269794 0.17070161
4.10663462 0.20038228
4.30526638 0.23253281
1.90574324 0.07833499
4.21985579 0.13025838
3.51269794 0.15539640
4.10663462 0.13335662
4.30526638 0.13423648
1.90574324 0.22134848
4.13376284 0.45754743
3.40436268 0.39258429
4.48920822 0.50978357
4.13376284 0.30441812
3.40436268 0.21298601
4.48920822 0.30796453
4.13376284 0.16004226
3.40436268 0.16294059
4.48920822 0.15656234
1.92239046 0.24247001
4.50945091 0.42952451
3.83739042 0.43615797
1.92239046 0.07919674
4.50945091 0.23530954
3.83739042 0.20404595
1.92239046 0.20552140
4.50945091 0.12352005
3.83739042 0.14349550
1.94287908 0.24434334
1.94287908 0.11323486
1.94287908 0.23330815
3.45387173 0.38986412
3.80583978 0.36800119
3.86781120 0.43923080
3.45387173 0.22600560
3.80583978 0.25266793
3.86781120 0.30186445
3.45387173 0.17721558
3.80583978 0.15378322
3.86781120 0.18673347
3.45966840 0.33793655
4.12487268 0.47202072
3.45966840 0.20693099
4.12487268 0.28390810
3.45966840 0.16371989
4.12487268 0.17954402
1.92098880 0.24809168
4.41466904 0.42617607
3.88265514 0.44700262
1.92098880 0.13724597
4.41466904 0.44236520
3.88265514 0.34648779
1.92098880 0.26209578
4.41466904 0.17147847
3.88265514 0.20066063
3.47775149 0.39222836
1.93433630 0.24932648
4.11871958 0.40006638
3.90835238 0.44965300
3.47775149 0.16391452
1.93433630 0.08262368
4.11871958 0.21386690
3.90835238 0.19631191
3.47775149 0.14673509
1.93433630 0.21304144
4.11871958 0.12670375
3.90835238 0.14085656
3.55533242 0.39991704
3.52201819 0.35735080
1.87042987 0.24564141
3.98442674 0.45102260
4.21318054 0.40839157
3.55533242 0.16882171
3.52201819 0.13782124
1.87042987 0.07215073
3.98442674 0.20043762
4.21318054 0.21003164
3.55533242 0.14685586
3.52201819 0.14382042
1.87042987 0.21346378
3.98442674 0.14038156
4.21318054 0.12876457
1.91698444 0.24197648
3.45362091 0.39752328
1.91698444 0.10857864
3.45362091 0.23522089
1.91698444 0.23131083
3.45362091 0.16731030
4.17398834 0.46157193
4.09822989 0.46254751
4.17398834 0.23715429
4.09822989 0.22736043
4.17398834 0.14161435
4.09822989 0.14236291
1.89296091 0.23978764
3.93968296 0.39516291
3.54445553 0.41221857
1.89296091 0.11324836
3.93968296 0.25964788
3.54445553 0.23306443
1.89296091 0.23197806
3.93968296 0.14903170
3.54445553 0.16717321
1.93491423 0.24361454
1.93491423 0.11285455
1.93491423 0.23398952
3.51009488 0.39543238
4.45823860 0.50656825
3.51009488 0.24888696
4.45823860 0.34130001
3.51009488 0.15989183
4.45823860 0.15461527
1.89161432 0.24538171
4.30422735 0.42832997
3.39275122 0.33643022
1.88322961 0.24684222
1.89161432 0.07838632
4.30422735 0.22210318
3.39275122 0.14507271
1.88322961 0.07577773
1.89161432 0.21208911
4.30422735 0.13147658
3.39275122 0.15270774
1.88322961 0.22409485
3.94914412 0.43910202
1.93625379 0.24950404
3.81799316 0.37362370
3.43389535 0.40089235
3.94914412 0.28537181
1.93625379 0.11222991
3.81799316 0.25045812
3.43389535 0.22126774
3.94914412 0.16240969
1.93625379 0.23148303
3.81799316 0.14825054
3.43389535 0.16559537
4.38747883 0.49922541
4.46958828 0.50025916
4.45939302 0.42513320
4.38747883 0.32559910
4.46958828 0.34950659
4.45939302 0.38060427
4.38747883 0.16457252
4.46958828 0.16172786
4.45939302 0.13948609
3.81185508 0.42541447
4.00509024 0.38537467
3.51745343 0.40393093
4.54094315 0.43733850
3.81185508 0.28242099
4.00509024 0.29515827
3.51745343 0.25791895
4.54094315 0.37811813
3.81185508 0.17478001
4.00509024 0.14938225
3.51745343 0.17656963
4.54094315 0.14775275
3.72196007 0.33278856
3.72196007 0.27828249
3.72196007 0.15318094
3.33872962 0.38406548
3.92130160 0.42911682
3.72712469 0.35786793
3.33872962 0.22645111
3.92130160 0.29457954
3.72712469 0.24999534
3.33872962 0.17606734
3.92130160 0.17089204
3.72712469 0.15108903
4.01453876 0.43824223
3.60088277 0.41035166
4.50869513 0.42518309
4.12723541 0.36509219
4.01453876 0.20449352
3.60088277 0.16918020
4.50869513 0.24059246
4.12723541 0.21001233
4.01453876 0.14179610
3.60088277 0.15185203
4.50869513 0.12808256
4.12723541 0.12609075
3.73000836 0.42334580
3.63903642 0.32893065
3.91357636 0.34803995
3.73000836 0.29498532
3.63903642 0.24494229
3.91357636 0.26356366
3.73000836 0.17463164
3.63903642 0.14817570
3.91357636 0.14606383
3.48022985 0.31361493
3.48022985 0.15710633
3.48022985 0.14275746
3.21158504 0.37136960
4.02929115 0.36024046
4.27052736 0.37655225
3.21158504 0.21653521
4.02929115 0.29811621
4.27052736 0.31192189
3.21158504 0.17525339
4.02929115 0.14921390
4.27052736 0.14880317
3.14289641 0.35348356
3.78756022 0.34106350
3.14289641 0.23360299
3.78756022 0.29864874
3.14289641 0.19088274
3.78756022 0.17799132
4.48805332 0.48473945
3.67408085 0.41771427
3.36226368 0.30684587
4.31038809 0.37974334
4.48805332 0.25145015
3.67408085 0.20249398
3.36226368 0.14095406
4.31038809 0.21489221
4.48805332 0.14053550
3.67408085 0.14863364
3.36226368 0.14194326
4.31038809 0.12373146
2.99789166 0.33954009
3.91898060 0.35137305
2.99789166 0.21665184
3.91898060 0.28632361
2.99789166 0.18816775
3.91898060 0.15498996
1.83966959 0.23167057
4.26470566 0.37932238
1.83966959 0.11945263
4.26470566 0.38845325
1.83966959 0.24244846
4.26470566 0.16585560
3.75380087 0.41275272
3.65412116 0.41570568
4.25779676 0.37864614
3.75380087 0.17197479
3.65412116 0.18154208
4.25779676 0.21695985
3.75380087 0.14282744
3.65412116 0.14256833
4.25779676 0.12138074
4.01405859 0.45202008
3.23464537 0.36233470
4.13240385 0.36869168
4.12869406 0.39238128
4.01405859 0.25249487
3.23464537 0.17997710
4.13240385 0.27218831
4.12869406 0.25384089
4.01405859 0.15158968
3.23464537 0.15621619
4.13240385 0.13099383
4.12869406 0.13071038
1.90322471 0.23732305
3.98669958 0.35700288
4.32808971 0.38431719
1.90322471 0.08026760
3.98669958 0.21798848
4.32808971 0.23126709
1.90322471 0.20449018
3.98669958 0.13875754
4.32808971 0.13362595
4.51667023 0.48755667
2.76478839 0.32711291
3.65993762 0.33060291
4.51667023 0.34756061
2.76478839 0.18416138
3.65993762 0.24212337
4.51667023 0.16788340
2.76478839 0.18120684
3.65993762 0.14386861
1.91197145 0.23810475
3.82109666 0.34374464
3.66830754 0.41713324
1.91197145 0.13842586
3.82109666 0.33451653
3.66830754 0.31098250
1.91197145 0.24029870
3.82109666 0.17208935
3.66830754 0.18814273
3.58943510 0.39673641
4.05724049 0.45638886
4.26669884 0.37624586
3.58943510 0.25758904
4.05724049 0.31090537
4.26669884 0.33867130
3.58943510 0.16477196
4.05724049 0.16887341
4.26669884 0.14181954
1.92123020 0.23893316
3.82129884 0.34376082
3.65392804 0.41568628
1.92123020 0.13906716
3.82129884 0.33404434
3.65392804 0.30882251
1.92123020 0.23956998
3.82129884 0.17187643
3.65392804 0.18779810
1.91791642 0.23863657
3.54287434 0.32154492
1.91791642 0.10325400
3.54287434 0.22201590
1.91791642 0.20903027
3.54287434 0.14904237
4.39571810 0.41541865
1.87718618 0.24213076
4.27546024 0.38007081
4.39571810 0.46432242
1.87718618 0.14590897
4.27546024 0.42751393
4.39571810 0.17639647
1.87718618 0.26140857
4.27546024 0.17400046
4.02055073 0.38306975
3.56390810 0.39425305
1.95178068 0.24902518
4.02055073 0.24932595
3.56390810 0.20436995
1.95178068 0.09643513
4.02055073 0.14233939
3.56390810 0.16247271
1.95178068 0.20997296
1.91745150 0.23859496
3.54186559 0.32146460
1.91745150 0.10323098
3.54186559 0.22188950
1.91745150 0.20906551
3.54186559 0.14904596
4.19645977 0.39822185
1.90158379 0.24437845
4.04400110 0.36142385
4.19645977 0.26428294
1.90158379 0.09272859
4.04400110 0.23274784
4.19645977 0.13140152
1.90158379 0.21273555
4.04400110 0.12838773
4.49851704 0.48576942
4.03437996 0.35767582
4.49851704 0.22080924
4.03437996 0.17888600
4.49851704 0.13139020
4.03437996 0.12156565
1.86690378 0.24118568
3.58176923 0.34542301
1.86690378 0.11278981
3.58176923 0.23926444
1.86690378 0.23598064
3.58176923 0.15341677
4.01872873 0.45249248
3.23128271 0.36200991
4.12863255 0.36838886
4.13191271 0.39265859
4.01872873 0.25303143
3.23128271 0.17975624
4.12863255 0.27173606
4.13191271 0.25439629
4.01872873 0.15157872
3.23128271 0.15624917
4.12863255 0.13097627
4.13191271 0.13071568
4.42427015 0.47846302
3.63572598 0.41385522
4.42427015 0.31387433
3.63572598 0.25220034
4.42427015 0.15205388
3.63572598 0.16162664
2.72287560 0.32299632
3.98208499 0.37976050
2.72287560 0.13692814
3.98208499 0.22158448
2.72287560 0.17153300
3.98208499 0.13037270
4.01337719 0.45195118
3.23646355 0.36251032
4.13286352 0.36872861
4.12891006 0.39239988
4.01337719 0.25235584
3.23646355 0.18011089
4.13286352 0.27216023
4.12891006 0.25378612
4.01337719 0.15153758
3.23646355 0.15616535
4.13286352 0.13096161
4.12891006 0.13067828
4.02407742 0.43917644
3.59473729 0.40973401
4.50510883 0.42487302
4.13164902 0.36544493
4.02407742 0.20473681
3.59473729 0.16817461
4.50510883 0.23916022
4.13164902 0.20974505
4.02407742 0.14143069
3.59473729 0.15155613
4.50510883 0.12774156
4.13164902 0.12581964
4.04769087 0.45542249
3.86095643 0.42321679
4.21100235 0.39947578
4.46363544 0.39526358
4.04769087 0.32416847
3.86095643 0.30646992
4.21100235 0.33338392
4.46363544 0.36702600
4.04769087 0.19488095
3.86095643 0.19074984
4.21100235 0.17462844
4.46363544 0.15749840
1.88012385 0.24240102
3.37360239 0.32765475
1.88012385 0.08848957
3.37360239 0.16048786
1.88012385 0.21000250
3.37360239 0.15053706
3.94468093 0.43140399
1.96476352 0.25023165
3.80633879 0.36466157
3.94468093 0.29467550
1.96476352 0.11824479
3.80633879 0.26664582
3.94468093 0.18025273
1.96476352 0.21960588
3.80633879 0.15663473
3.97339320 0.45439112
4.39290142 0.42167774
4.19602537 0.46558622
3.80865908 0.38596305
3.93106842 0.38254631
1.92694819 0.25668609
3.26141214 0.39727011
3.97339320 0.24198808
4.39290142 0.25987566
4.19602537 0.26004413
3.80865908 0.17684144
3.93106842 0.20569438
1.92694819 0.08290259
3.26141214 0.15539300
3.97339320 0.14965272
4.39290142 0.13730736
4.19602537 0.15213324
3.80865908 0.14759885
3.93106842 0.14490829
1.92694819 0.21583684
3.26141214 0.16294093
4.32861042 0.47890469
3.47389531 0.40333411
3.46254063 0.39280608
4.45468283 0.42710510
4.25779772 0.50372869
4.17421532 0.48937210
4.32861042 0.20815653
3.47389531 0.13841881
3.46254063 0.13258485
4.45468283 0.19609220
4.25779772 0.18989213
4.17421532 0.18588006
4.32861042 0.12991606
3.47389531 0.12525448
3.46254063 0.14502031
4.45468283 0.12502430
4.25779772 0.13593163
4.17421532 0.13553001
3.13350034 0.35977650
3.13350034 0.31693193
3.13350034 0.24739532
4.34506845 0.48055920
1.84449852 0.24239363
3.69636703 0.36073005
4.37385511 0.51621819
3.07264113 0.37316361
4.34506845 0.41794935
1.84449852 0.12582740
3.69636703 0.27472746
4.37385511 0.38599446
3.07264113 0.22815333
4.34506845 0.21375380
1.84449852 0.27382752
3.69636703 0.18446450
4.37385511 0.19953518
3.07264113 0.21022497
1.95383382 0.24656093
3.39724374 0.39553782
3.93904901 0.46950591
1.95383382 0.12677774
3.39724374 0.26805744
3.93904901 0.32981464
1.95383382 0.24501459
3.39724374 0.17880924
3.93904901 0.19343986
3.98015857 0.44422016
1.90081942 0.24170531
3.20128751 0.39090621
3.98015857 0.27181470
1.90081942 0.09796385
3.20128751 0.18393779
3.98015857 0.16862224
1.90081942 0.23046558
3.20128751 0.17273794
3.96186733 0.44239625
4.28230333 0.47425091
1.90704274 0.24824102
4.45365286 0.42701459
4.07780647 0.47912368
3.96186733 0.33212385
4.28230333 0.32830068
1.90704274 0.11574093
4.45365286 0.35198554
4.07780647 0.30033964
3.96186733 0.16531469
4.28230333 0.15565461
1.90704274 0.23429422
4.45365286 0.14007308
4.07780647 0.16314277
1.82930982 0.23647445
3.11168098 0.38143921
4.25192022 0.49764016
1.82930982 0.14843753
3.11168098 0.29090723
4.25192022 0.44350383
1.82930982 0.29587367
3.11168098 0.22314113
4.25192022 0.20827772
1.91673243 0.24437164
4.12068939 0.48899272
4.42351294 0.42597222
3.94201684 0.45117280
1.91673243 0.11661235
4.12068939 0.32725284
4.42351294 0.34311616
3.94201684 0.32416159
1.91673243 0.22499686
4.12068939 0.15559705
4.42351294 0.13157085
3.94201684 0.15352218
1.91028845 0.24854578
3.60816169 0.35305095
4.30158281 0.50843894
1.91832697 0.25584647
4.46652699 0.44634175
1.91028845 0.10280046
3.60816169 0.20591129
4.30158281 0.28900629
1.91832697 0.09819803
4.46652699 0.30478412
1.91028845 0.23099077
3.60816169 0.16790195
4.30158281 0.18151344
1.91832697 0.24535672
4.46652699 0.15799795
3.55529404 0.41162586
3.42436719 0.38903341
3.71965885 0.36275956
1.88932884 0.25588080
1.88485980 0.25259569
3.47203016 0.35526118
3.71921325 0.41786745
3.55529404 0.28120041
3.42436719 0.27295843
3.71965885 0.27874881
1.88932884 0.11702762
1.88485980 0.11645069
3.47203016 0.23298864
3.71921325 0.31761208
3.55529404 0.18359141
3.42436719 0.18579720
3.71965885 0.16632347
1.88932884 0.25783113
1.88485980 0.25718984
3.47203016 0.17752434
3.71921325 0.18991746
3.92895126 0.43911517
4.25258446 0.47126541
3.43903089 0.33943835
3.64450455 0.43321848
4.47822714 0.52746183
3.92895126 0.27941382
4.25258446 0.30549887
3.43903089 0.18382697
3.64450455 0.22584963
4.47822714 0.30933917
3.92895126 0.15575810
4.25258446 0.15281470
3.43903089 0.15577184
3.64450455 0.16495110
4.47822714 0.15563202
1.86715937 0.23988141
1.92235303 0.25912681
4.22617960 0.49490049
4.47020054 0.44667998
3.03788400 0.35036936
1.86715937 0.10347094
1.92235303 0.10081755
4.22617960 0.26756212
4.47020054 0.29951856
3.03788400 0.18055542
1.86715937 0.23893611
1.92235303 0.24149811
4.22617960 0.17143477
4.47020054 0.15126316
3.03788400 0.17945309
3.05325174 0.35253355
1.88154018 0.23994780
4.31714678 0.43259645
4.27643824 0.50025034
1.95201015 0.26205286
3.05325174 0.14972773
1.88154018 0.08016589
4.31714678 0.21437754
4.27643824 0.21369399
1.95201015 0.08150492
3.05325174 0.17237706
1.88154018 0.22535920
4.31714678 0.14179626
4.27643824 0.15477662
1.95201015 0.22751208
3.97785068 0.44398999
1.89479935 0.24115604
3.19542503 0.39028621
3.97785068 0.27194813
1.89479935 0.09774332
3.19542503 0.18368919
3.97785068 0.16891198
1.89479935 0.23107736
3.19542503 0.17301844
1.90244985 0.24780999
3.60044265 0.35237947
4.30032396 0.50830346
1.91481459 0.25550467
4.46196699 0.44592190
1.90244985 0.10256290
3.60044265 0.20583570
4.30032396 0.28971365
1.91481459 0.09823215
4.46196699 0.30529243
1.90244985 0.23213930
3.60044265 0.16844171
4.30032396 0.18240820
1.91481459 0.24608500
4.46196699 0.15863006
3.96146989 0.44235662
4.28033352 0.47405300
1.90290177 0.24785240
4.44907904 0.42661270
4.07563734 0.47889319
3.96146989 0.33281994
4.28033352 0.32880494
1.90290177 0.11568254
4.44907904 0.35228479
4.07563734 0.30079982
3.96146989 0.16598822
4.28033352 0.15630762
1.90290177 0.23498774
4.44907904 0.14054136
4.07563734 0.16380161
3.91405416 0.43763068
1.92592180 0.25001541
4.26166391 0.41015887
3.30110955 0.39706710
3.91405416 0.26008269
1.92592180 0.09242611
4.26166391 0.25135896
3.30110955 0.16777264
3.91405416 0.16088863
1.92592180 0.21791218
4.26166391 0.14044447
3.30110955 0.16825493
1.86807382 0.23996396
1.92901015 0.25978273
4.23528957 0.49587002
4.47647667 0.44725791
3.03788614 0.35036960
1.86807382 0.10343635
1.92901015 0.10110641
4.23528957 0.26827875
4.47647667 0.30008188
3.03788614 0.18035747
1.86807382 0.23854034
1.92901015 0.24091230
4.23528957 0.17123574
4.47647667 0.15111032
3.03788614 0.17927520
1.90785027 0.24356486
4.11102152 0.48795450
4.42572784 0.42616805
3.94487906 0.45146632
1.90785027 0.11615983
4.11102152 0.32661906
4.42572784 0.34427229
3.94487906 0.32495099
1.90785027 0.22601253
4.11102152 0.15590598
4.42572784 0.13182575
3.94487906 0.15380138
1.89736760 0.24261397
3.27140689 0.39832887
4.01509237 0.44744334
3.92247224 0.44916877
1.89736760 0.09440625
3.27140689 0.17391367
4.01509237 0.24255079
3.92247224 0.25362894
1.89736760 0.22390084
3.27140689 0.16320203
4.01509237 0.14667492
3.92247224 0.14836721
3.12624907 0.35968482
4.28126621 0.47414672
3.10837936 0.36627576
4.21330786 0.40740716
3.12624907 0.19402029
4.28126621 0.28723058
3.10837936 0.19457804
4.21330786 0.27197650
3.12624907 0.16433813
4.28126621 0.14313808
3.10837936 0.16336492
4.21330786 0.12982915
3.31287646 0.37803277
3.61616302 0.35491738
4.16189814 0.48806214
3.31287646 0.23348375
3.61616302 0.23654251
4.16189814 0.32336989
3.31287646 0.17096798
3.61616302 0.16299914
4.16189814 0.17542337
4.12278891 0.48390397
3.05690908 0.35289147
4.05889606 0.48235866
4.02277851 0.44821325
3.11890483 0.36733833
4.12278891 0.27808586
3.05690908 0.20574079
4.05889606 0.28439584
4.02277851 0.29258823
3.11890483 0.20096111
4.12278891 0.17617023
3.05690908 0.18063508
4.05889606 0.17921226
4.02277851 0.16843040
3.11890483 0.17651431
3.92372322 0.43859419
3.18906999 0.36525509
4.06096935 0.48258117
3.96832800 0.45387149
4.11393213 0.48296252
3.92372322 0.23522021
3.18906999 0.16299985
4.06096935 0.22712606
3.96832800 0.23289269
4.11393213 0.22228117
3.92372322 0.15548484
3.18906999 0.16236289
4.06096935 0.15711443
3.96832800 0.15077318
4.11393213 0.15455456
3.86878943 0.43280330
4.15597296 0.48743209
3.86878943 0.38704336
4.15597296 0.42420956
3.86878943 0.20728938
4.15597296 0.21447395
2.82933617 0.33822703
4.05685854 0.39221284
4.37702274 0.43810377
4.54548120 0.43676090
1.92546189 0.25654128
4.30798054 0.50912732
2.82933617 0.15243383
4.05685854 0.23944862
4.37702274 0.26247945
4.54548120 0.30732590
1.92546189 0.09000530
4.30798054 0.26408562
2.82933617 0.18329112
4.05685854 0.15318093
4.37702274 0.15337785
4.54548120 0.14472033
1.92546189 0.23346810
4.30798054 0.16850686
3.90031409 0.43595541
3.97153997 0.45420098
3.40061474 0.40751770
3.90031409 0.36613071
3.97153997 0.37236264
3.40061474 0.26888010
3.90031409 0.20600158
3.97153997 0.20631200
3.40061474 0.20347528
3.88603258 0.43483928
1.86882198 0.23879087
3.84155464 0.38897148
3.44431257 0.41211388
1.93119919 0.25999853
3.88603258 0.31041989
1.86882198 0.11283375
3.84155464 0.24051540
3.44431257 0.22246008
1.93119919 0.11212080
3.88603258 0.17734943
1.86882198 0.25349852
3.84155464 0.16231567
3.44431257 0.17734504
1.93119919 0.25038439
1.97948003 0.24892123
4.50032520 0.44945416
3.88497567 0.44532546
4.32507229 0.41727328
4.52338743 0.52657491
3.49817562 0.42241129
1.97948003 0.09075746
4.50032520 0.25424919
3.88497567 0.23906136
4.32507229 0.25547746
4.52338743 0.26532355
3.49817562 0.18787380
1.97948003 0.21411850
4.50032520 0.13717023
3.88497567 0.14751667
4.32507229 0.13330416
4.52338743 0.15131491
3.49817562 0.16770208
3.96914577 0.45395538
3.85042787 0.43129411
3.99521852 0.38681945
3.30980587 0.37718502
3.35385966 0.34452501
4.38272095 0.42236659
1.91766608 0.25578216
1.90923691 0.25783601
3.96914577 0.23478870
3.85042787 0.22850005
3.99521852 0.21908230
3.30980587 0.17776899
3.35385966 0.14183886
4.38272095 0.27036402
1.91766608 0.08038943
1.90923691 0.08032496
3.96914577 0.15655188
3.85042787 0.15902869
3.99521852 0.14388841
3.30980587 0.16750234
3.35385966 0.15984342
4.38272095 0.13930963
1.91766608 0.22080036
1.90923691 0.22320910
3.92843103 0.43906334
3.45343423 0.39142010
3.92914176 0.44985256
3.71540761 0.36361066
4.47744703 0.52167320
4.46056747 0.52555865
3.92843103 0.36165723
3.45343423 0.27351749
3.92914176 0.37644568
3.71540761 0.27514347
4.47744703 0.39375368
4.46056747 0.39463606
3.92843103 0.17465021
3.45343423 0.17132473
3.92914176 0.17268808
3.71540761 0.15454370
4.47744703 0.17739923
4.46056747 0.17739446
