2.13013983 0.14938100
3.96559095 0.16845216
2.01578593 0.17134656
4.51571226 0.08132523
3.88131571 0.08641514
4.22372150 0.06260224
3.06345630 0.16342877
2.07361388 0.15145637
4.27041769 0.08493490
2.04512024 0.15864849
4.47162151 0.06101625
2.09415054 0.12891449
3.61313343 0.12923737
4.44252491 0.08351638
2.11108899 0.13152933
2.08717537 0.16519947
4.04671717 0.09559517
3.94036651 0.11430458
3.15854979 0.14987557
2.12719965 0.15936550
4.57882977 0.11104979
2.97672081 0.16580297
3.79157758 0.13100083
2.05338597 0.15756840
3.28778434 0.16762863
4.45598125 0.08937990
2.03490829 0.13404410
4.60233021 0.05846063
4.34797907 0.07640045
4.10715103 0.10874835
2.05571866 0.16448808
3.90557170 0.10860477
4.43054771 0.08515374
3.44383049 0.14790635
4.51952839 0.06197739
2.81865740 0.20511563
4.17226696 0.12209644
2.05164433 0.15024160
3.94663405 0.12118121
2.12206793 0.16449387
4.64960909 0.06627616
3.70870185 0.17995310
3.41045499 0.15953697
3.61438155 0.12599532
4.37419891 0.06294745
3.81239128 0.10560858
2.13528800 0.17495579
3.33955598 0.17090976
4.16013718 0.06505855
3.81882930 0.10593540
2.18072629 0.12192693
4.51799440 0.06923904
2.11543727 0.13551866
4.48933697 0.09601516
2.64943218 0.20910706
3.94668698 0.08103511
3.97370410 0.13968936
2.07131672 0.16438238
4.44008827 0.11399963
4.18875933 0.12643239
2.77690315 0.20738892
3.93060684 0.11108535
3.84449005 0.12941729
3.81786251 0.11191600
2.11498237 0.15533888
3.90387654 0.08772546
4.45818472 0.07913814
3.50834346 0.10373536
2.81760693 0.19865702
3.93629861 0.14556606
3.42887783 0.15426405
2.10146379 0.15034907
4.48290253 0.06246014
3.47518826 0.13917056
4.45362949 0.08512612
4.32688141 0.08590852
4.67076635 0.09745682
3.95069957 0.20936424
3.74391985 0.20544440
3.10518098 0.17485428
3.98913121 0.15589376
4.04001427 0.09668636
4.49193907 0.06438004
4.16931438 0.08190996
4.09545135 0.11139328
2.88585329 0.19267230
4.02498055 0.08251439
4.39740610 0.06409005
4.06228399 0.08962545
3.38535166 0.16147102
4.09983253 0.10238715
2.81699944 0.18180360
3.86736679 0.11560573
4.46359873 0.12643267
3.89089561 0.10922951
3.45759487 0.17335135
4.48333216 0.09650543
2.65128970 0.20893903
3.95037055 0.08100255
4.23754072 0.08587722
3.53193045 0.11702099
3.66845894 0.20732713
2.01369286 0.15689504
4.47552633 0.07644533
3.98734856 0.15599081
4.03336048 0.09710362
4.48806524 0.06437659
4.16483498 0.08189881
4.10215998 0.11086138
4.19636631 0.08057921
3.11671424 0.16177055
4.25616455 0.06239164
4.19208813 0.07994520
3.11091137 0.19786781
4.02301645 0.13537784
2.01722884 0.17964877
3.88996577 0.19103105
4.46073866 0.09057238
3.29096437 0.15878402
2.06051254 0.14175169
4.40603924 0.08341691
4.52885199 0.09673137
4.08831215 0.07974943
4.24114704 0.06191427
4.04655647 0.08129794
3.98555803 0.08831453
2.03182650 0.14499426
4.69987249 0.06225602
3.40934968 0.13653454
3.60195112 0.14765680
2.91535974 0.17296077
4.03271770 0.09186983
3.89344311 0.08971644
3.84760618 0.10995438
2.06448817 0.15335113
2.11454630 0.16426358
4.35134077 0.08200158
4.55584812 0.06082853
2.08791399 0.12273580
4.44047260 0.05979510
4.03052139 0.12939735
2.12534046 0.13325527
3.15808940 0.13175289
4.28210688 0.09145587
4.69605350 0.09889115
4.41994095 0.09876895
4.51351261 0.11910950
2.03781366 0.15325408
2.96029210 0.16833200
3.46423459 0.16394144
4.53960657 0.08609050
2.07137203 0.18952161
3.76695204 0.10438934
2.09607959 0.10469896
4.27932978 0.07581194
2.15654802 0.10674370
4.47403479 0.05757278
4.53496552 0.05797936
2.13575101 0.10502031
3.65724611 0.11254612
4.36542177 0.06529886
2.05090117 0.17037112
4.69576693 0.08366217
3.98553181 0.12614755
3.47685695 0.13199444
2.29890442 0.21819173
4.65495729 0.05948742
4.41109943 0.06856216
4.34074926 0.06663354
4.08500099 0.09347881
3.67002535 0.15137592
3.10782743 0.13406722
4.15538931 0.07993615
4.33926964 0.06686334
4.08970213 0.09306905
3.66975570 0.15132082
3.10874891 0.13397944
4.15219736 0.07994948
4.42602634 0.06354831
4.25215006 0.07869577
2.08182621 0.15815485
4.34688997 0.07690533
4.12201977 0.07636564
4.16035652 0.06613298
4.35452318 0.08784131
2.12025785 0.14216965
2.92158866 0.14493005
4.12983370 0.07731307
4.05505800 0.09625763
2.19664478 0.16809665
4.49572468 0.10212019
4.13449287 0.08179330
3.24784446 0.16242106
4.40274763 0.07606936
4.36060715 0.08645607
3.47041392 0.16342406
4.05098677 0.14607231
4.52067852 0.07830144
3.60269880 0.17472382
3.74843645 0.08812527
4.47281027 0.07355414
4.11915827 0.07725538
3.27589607 0.14610220
4.67278767 0.07570516
4.46815205 0.05879594
4.69963884 0.06255292
2.03104186 0.15267514
3.50760889 0.13745479
2.11164713 0.15336926
3.99172211 0.09161189
3.13921952 0.14918689
3.52505159 0.15369646
4.16901445 0.08144216
3.83871603 0.14291766
2.78060865 0.14892429
4.26364279 0.06385524
3.66215539 0.10070009
4.19255495 0.07865236
4.67055416 0.06364590
4.09397268 0.07872485
3.70627499 0.08185949
4.06030512 0.06855506
3.85912561 0.13820772
4.52575588 0.08004941
3.62768078 0.12402251
3.80244064 0.09671270
4.02734327 0.09979510
3.05489564 0.18322383
4.52794266 0.06285451
4.01958275 0.09098428
3.50937557 0.14122912
3.44021034 0.14083476
3.38453770 0.15835604
3.93604994 0.08098515
3.85720897 0.13864034
4.52561426 0.08004167
3.63440871 0.12319586
3.79990292 0.09685212
3.24339390 0.19613904
4.15671206 0.09057783
4.15726185 0.08902151
3.99606967 0.08306027
4.02344561 0.10009580
3.06026673 0.18293126
4.53002596 0.06284496
4.02280521 0.09054095
3.10924029 0.13446142
4.19573832 0.08589760
3.60402560 0.15116137
3.64228654 0.10160962
2.17556262 0.14395823
2.16028094 0.15656450
4.33746481 0.06504468
4.03533792 0.07754926
4.16502762 0.07258969
4.06983900 0.07665363
4.25464916 0.06445725
3.98554206 0.07518803
4.34256935 0.06641469
4.08460999 0.09335297
3.67207456 0.15111960
3.10845685 0.13384128
4.15677118 0.07993490
3.44639707 0.09215710
4.47368288 0.07450150
2.02400017 0.12554832
4.55262470 0.05811287
4.69285917 0.06207358
4.16361856 0.08142141
4.62843990 0.07671042
2.18017554 0.16884029
4.35929728 0.07700510
3.11094689 0.13431931
4.19829082 0.08571310
3.60399580 0.15121026
3.40742159 0.13196304
2.18741035 0.19450480
4.57511806 0.05903257
4.39784575 0.06387829
4.02419996 0.10001204
3.05981755 0.18288688
4.53114605 0.06284199
4.02316904 0.09042422
4.18333006 0.07344671
4.21092033 0.06303034
2.05639696 0.14947318
4.33318853 0.05852578
4.34488726 0.08710361
4.14011860 0.07482097
2.05435491 0.19541013
4.38454008 0.07833609
2.12092710 0.16503084
3.98241305 0.12266154
3.75133157 0.10496277
3.22644210 0.20014943
2.97170305 0.19511338
3.15425968 0.18910952
4.15642452 0.13931970
4.68964958 0.06417168
2.13925719 0.18413748
4.60711765 0.09641729
3.26874018 0.19670808
4.43792009 0.07420471
2.86946988 0.15864912
2.07764125 0.15196790
4.22525835 0.09121402
2.07607102 0.18229894
4.48019934 0.07841570
4.59698963 0.09528548
2.03987288 0.15850325
3.71241832 0.15351968
3.96899724 0.11889913
2.08995676 0.15470076
4.50499249 0.10414383
4.42366457 0.08944193
3.85199308 0.18599640
4.56467199 0.09028670
3.82743382 0.16620384
3.33672857 0.19936697
4.63901997 0.06213839
3.07848334 0.19587766
4.60305309 0.06200768
4.66741467 0.10801905
3.29021573 0.20308407
4.21124935 0.10491818
3.83574057 0.11835704
4.58598137 0.07528559
4.26245546 0.14614525
4.41482019 0.06629790
3.85334873 0.12682544
4.06821537 0.11753889
2.18805003 0.19687116
3.54397821 0.20477428
4.67173481 0.09571954
4.35989666 0.14538376
3.48402834 0.23932242
4.56286764 0.08936086
4.42100620 0.08515432
4.37398624 0.16851133
3.43889380 0.16992353
3.44354916 0.20727105
4.14674139 0.08463011
3.84119105 0.14058618
3.96820092 0.13696440
3.48505902 0.23947783
4.56991386 0.08887064
4.42208433 0.08516631
4.37484074 0.16847999
4.43622637 0.07526052
2.47674441 0.19151579
3.98332381 0.09422717
3.98911810 0.12819393
2.98286009 0.18888329
4.02510834 0.09414890
3.99198222 0.12144399
3.03299022 0.19371974
4.41318274 0.06631581
3.85143995 0.12737606
4.06695509 0.11790916
4.01914215 0.12193619
4.01804638 0.14520432
4.02773857 0.15107955
2.06699944 0.11101851
4.53629637 0.06101221
4.43196678 0.10534293
4.14344168 0.08499693
3.84411526 0.14045645
3.96817279 0.13714913
2.97038889 0.19511662
3.16210771 0.18883294
4.16521215 0.13819878
2.21201515 0.20448776
3.69495392 0.18459325
4.50204992 0.10416725
4.46873760 0.12809296
2.06123400 0.13144763
2.97489619 0.19493413
3.15376282 0.18902363
4.15802288 0.13897057
3.67038918 0.14189340
2.07298517 0.11771133
2.05896735 0.11684387
3.74890518 0.14143978
2.21996832 0.16003825
2.08133221 0.16697419
3.94433212 0.11807819
4.48736334 0.10125542
3.93771577 0.12002182
2.01435781 0.14689620
3.27514338 0.15713616
4.68732786 0.06416868
2.13736629 0.18350072
4.60531998 0.09652897
3.75628710 0.14438605
2.12804556 0.16521254
3.77543068 0.12800300
3.61225319 0.14332150
4.13597250 0.10614896
4.33724070 0.06339753
2.90260935 0.16315781
4.17867041 0.11535982
3.63835096 0.13111627
4.35585594 0.06532988
4.28394461 0.06371470
4.06078434 0.12784900
3.72216320 0.14215136
4.30396414 0.07626095
4.58461809 0.09935350
3.82373881 0.13946754
3.49550247 0.17373674
4.35283947 0.06543326
4.29244614 0.06366188
4.59413290 0.06306452
4.17555285 0.08114500
2.16779375 0.16086553
4.48696232 0.06429385
3.20888042 0.20337343
3.44968796 0.18198760
3.78493094 0.16531537
4.55751038 0.06291690
4.65047789 0.08744728
3.93717670 0.10661471
4.39180326 0.06498876
3.44361305 0.18117400
3.72437954 0.14178090
4.29191685 0.07755387
4.59508896 0.09887508
3.44790339 0.18277825
3.78825116 0.16527456
4.15646315 0.06310330
4.14924908 0.12133788
4.17382908 0.11584816
3.63883519 0.13113008
3.15972161 0.20554358
3.26929688 0.19549005
4.47311401 0.06440349
2.14385843 0.16253363
4.07028246 0.12664187
4.48933315 0.06410505
3.20693493 0.20337898
2.16649508 0.16195332
4.14073896 0.07526569
4.26542377 0.07968451
4.32666016 0.06923354
2.22170162 0.17792998
2.26774979 0.19596232
3.53401732 0.17297512
3.80899835 0.14980662
4.47149754 0.06710394
4.13188076 0.07608850
4.08183765 0.10503695
3.42759538 0.17167427
2.88166046 0.18132670
3.83173537 0.13286188
4.37642336 0.07072271
4.25045443 0.07989819
2.13353395 0.11183719
2.03850865 0.13247487
3.64496112 0.11338537
2.09480572 0.15627839
3.71092367 0.11688108
3.33906531 0.15579590
2.16102624 0.13669832
4.48616791 0.08251857
4.18163776 0.06609040
4.05669403 0.15157585
3.15192413 0.16877140
3.12618184 0.20611751
3.61114550 0.15259798
4.12815285 0.08238926
4.14249420 0.07907268
3.87747860 0.09716641
3.67166877 0.14491619
4.55011320 0.09882376
3.97309446 0.06561998
4.58083868 0.08214148
4.05177879 0.12734114
4.15607691 0.07349603
4.44959974 0.06589886
3.05539250 0.15441233
4.36370611 0.06661548
4.08315420 0.12345736
3.16448331 0.17142452
4.01665068 0.11147985
3.32583714 0.14007993
3.62402034 0.11752046
2.11916757 0.17158131
4.61690998 0.08233783
3.94571662 0.06595476
4.62710953 0.09610748
3.73493624 0.09268697
4.18151283 0.06608670
4.05401182 0.15193354
3.15359354 0.16857482
4.20280695 0.06577721
3.98674679 0.08295050
4.10698795 0.06744025
4.05074310 0.10963755
3.57883120 0.10100964
4.04759645 0.08317163
4.45129776 0.06589568
3.05850458 0.15417409
4.36195803 0.06661613
4.08022070 0.12373701
4.02406120 0.12623191
4.09865522 0.10606561
3.29407406 0.17621917
3.17542839 0.13823129
3.49119425 0.13704683
3.10505199 0.15390971
4.18051147 0.06609255
4.05496073 0.15189438
3.15236926 0.16877609
3.17209530 0.17077380
4.15086174 0.09356925
4.00237465 0.10998409
4.52256155 0.05841015
2.07716417 0.07567851
4.18496943 0.07770076
2.12380338 0.07271871
3.11730933 0.20718054
3.60852218 0.15282828
4.12389374 0.08305628
4.13430882 0.07908399
4.04252577 0.12838562
4.15359259 0.07359345
3.12279224 0.20671362
3.60825324 0.15289766
4.12678576 0.08269950
4.13979053 0.07906976
3.37610579 0.14901099
4.12873840 0.10346813
2.02359366 0.11699054
4.17215967 0.08018395
2.02337885 0.07399534
3.33698845 0.14926063
3.78052354 0.07857311
2.08573389 0.19098265
4.53379583 0.07992052
4.35311413 0.06446300
2.15789509 0.16834390
4.01607323 0.11203015
3.33504748 0.14009194
3.61774492 0.11913491
2.13108110 0.17419772
4.50293446 0.07864775
2.16993594 0.18754075
4.62138557 0.06180630
2.03685045 0.14120898
4.40184975 0.06446610
2.11555290 0.14541942
3.00231767 0.16044943
2.18762612 0.15514983
3.58165836 0.21717614
3.84683537 0.19540499
4.55004787 0.09125911
4.03815794 0.09656594
4.24627924 0.09321720
3.36986566 0.22685523
3.56770372 0.17907847
3.42723608 0.19914384
3.97927547 0.12378176
4.26099396 0.08810117
4.54499865 0.10022429
4.53580189 0.14088224
2.71933961 0.19652657
4.20087862 0.05858798
4.44823408 0.08974209
4.18206167 0.06018476
4.30492783 0.05916540
3.10251141 0.16663440
3.82769585 0.12674935
4.63501930 0.06191423
4.36113548 0.07027422
4.56365728 0.09095892
3.48829174 0.19770098
3.91890621 0.14835300
3.91355276 0.12511040
4.28175783 0.09119006
3.53668070 0.16806762
3.77508211 0.17065750
2.13333750 0.17112251
3.55330801 0.19869338
4.44998217 0.06772383
3.73712254 0.15208389
4.38314724 0.06062469
3.99573278 0.10882931
3.76228023 0.13944022
4.13839245 0.12004462
2.79476047 0.19370127
4.35620785 0.07905556
4.22599363 0.08927777
3.29374027 0.21431629
3.83660626 0.14783131
4.30212021 0.06941096
3.39402509 0.18021965
4.47693396 0.10256753
3.71891713 0.15211056
4.30205536 0.06137221
3.91232634 0.10714378
4.53345060 0.06156137
4.54971457 0.10425068
4.21460056 0.06234060
3.35494113 0.20957617
3.89620781 0.07692578
3.35165882 0.16759397
4.03604937 0.09742860
3.91165400 0.12533945
4.28355694 0.09092897
3.53754902 0.16810395
3.31212282 0.24275516
4.28150940 0.10553077
4.13991117 0.09631518
4.06763029 0.11311779
4.19124985 0.09067307
4.06787920 0.14057334
4.18437290 0.08529159
4.04081631 0.13322698
3.67203045 0.11410919
3.88930464 0.07608942
2.05043221 0.14134325
4.40490913 0.06909396
3.60765576 0.17429803
3.22861505 0.17171840
4.02215099 0.10626166
3.60192776 0.21265201
4.42942905 0.06522242
3.28046799 0.17310077
4.10187054 0.10371877
4.49495029 0.06093256
2.16322088 0.15509310
4.14282894 0.10730965
2.09033728 0.16642578
4.20440102 0.06464689
2.99805212 0.15742867
2.12012577 0.14717932
2.18530512 0.17361332
2.12126017 0.09306643
3.85935473 0.10512824
4.16029930 0.06399409
2.11694741 0.13691111
4.01136017 0.08348138
4.13791370 0.09648329
2.15363050 0.15495345
4.37431288 0.06445213
4.02208662 0.10618193
2.02436113 0.13348742
4.67304230 0.06034962
2.12865734 0.17746240
4.42107201 0.06313882
3.69780731 0.14970873
3.05415988 0.21067291
4.11039162 0.11436374
4.45226622 0.06367105
4.44285059 0.06165431
4.57986593 0.06235867
2.07836032 0.13795494
4.36893225 0.09225202
4.30902290 0.06358535
2.08670139 0.16730814
3.76568103 0.12967561
2.07829547 0.16962366
3.77575088 0.17619829
4.41071224 0.06852026
4.14367437 0.12754159
4.16975737 0.06744783
2.07595229 0.15092818
4.04860735 0.08177623
3.52655053 0.21655907
4.34600782 0.06380968
3.08387208 0.17287494
4.49388981 0.06123706
2.09218097 0.14557065
2.88819385 0.14294045
3.92338347 0.15486814
3.63602901 0.14394276
4.21601391 0.09338028
2.15209627 0.17235617
4.02906179 0.09534952
4.55810022 0.08565256
4.31348944 0.06125483
4.25285578 0.06714448
4.44039583 0.06067174
3.75513864 0.13453165
4.08282089 0.13444470
3.18438959 0.14967127
4.54114246 0.12241266
3.88416481 0.11762246
4.60098600 0.06198055
4.34770727 0.07695122
3.53255892 0.19382286
3.06440687 0.22531466
4.24805117 0.05832094
4.26557112 0.05954536
4.56315660 0.06373401
4.56681776 0.05973607
2.06704187 0.13010128
4.37164164 0.06189317
3.94718885 0.09839642
4.14480639 0.10009705
3.41118574 0.21136989
4.59215546 0.06669638
4.18606949 0.09102965
4.55371428 0.12248298
4.33603287 0.07800288
2.89155173 0.18626606
3.57389569 0.15142111
4.01452398 0.15098971
3.78372669 0.15512452
3.55753207 0.16166611
3.54187036 0.20301181
4.47247171 0.06837728
3.89861965 0.12873761
3.63771081 0.13071541
4.05819559 0.14532895
3.73822355 0.14347209
3.81377459 0.16347428
3.78775716 0.15169267
4.24104071 0.06622805
4.40476418 0.07154059
4.48588800 0.10495058
4.09403038 0.11044797
2.83877254 0.15776227
4.13350630 0.09880022
3.51006770 0.15105109
3.35119939 0.18880804
4.16326857 0.10000378
2.87913632 0.18667382
4.46623516 0.06223361
4.12096882 0.10079248
4.49560118 0.09969074
3.66088033 0.17018247
3.31051397 0.17504321
4.04106140 0.16430253
4.09206295 0.13137962
4.14158392 0.09776962
4.13608646 0.12712763
4.10546398 0.13601199
3.03646398 0.21557252
4.21954966 0.07519437
4.20333672 0.07020289
3.27195692 0.16922514
3.91652751 0.12129438
4.02638721 0.08015920
4.47862005 0.05888380
4.48117733 0.06139656
4.14082050 0.08299773
2.11562443 0.17593651
4.33960199 0.06915101
4.20407438 0.06372047
4.05880117 0.12934294
3.99504352 0.12542783
3.14001513 0.17169738
4.22008896 0.05918508
3.69501066 0.15039054
3.05733967 0.21065111
4.11124325 0.11469076
4.44844770 0.06370594
3.64712644 0.14836225
4.45979691 0.06412090
4.06459808 0.08915602
2.07870913 0.14144777
4.61277819 0.05828911
3.82658482 0.13484086
3.05077147 0.15829010
4.33745527 0.06290346
2.85852551 0.18483798
2.10904813 0.14546728
4.25682306 0.09026623
3.43820310 0.20428030
4.19413090 0.09422620
4.34662151 0.06449511
4.00593615 0.13021521
2.14637685 0.17269333
3.79953480 0.12540115
3.41921854 0.20936640
4.28611469 0.06462324
4.08121109 0.09504592
3.04765439 0.13545932
4.43145180 0.05972702
4.26564789 0.06401566
2.09512401 0.15127675
3.81590462 0.14773603
3.61740613 0.16219042
4.18042707 0.07998259
4.48845196 0.06387144
2.12032652 0.15277509
3.72605419 0.16247022
3.07004976 0.17467982
4.08070183 0.08199057
3.76583242 0.15843955
4.55365658 0.06396268
2.06147575 0.16129930
2.15831971 0.14925896
4.36645174 0.06678946
4.41618013 0.06897358
4.10541153 0.11024484
4.02379322 0.09909663
4.45062208 0.06490973
2.05865884 0.14571829
4.68942642 0.07163817
2.18984437 0.14904664
3.19322562 0.18704231
4.17726088 0.12021501
2.05624771 0.14690575
4.16146946 0.12213386
4.50397825 0.06134208
4.24530077 0.11865690
2.17358279 0.16046174
3.13327694 0.16535945
2.12119007 0.10342669
2.16461015 0.14384758
3.49235487 0.14699377
3.59398341 0.17724220
4.12304211 0.09186941
3.84964848 0.13621368
4.46177387 0.05986335
4.17294645 0.09117240
4.10431480 0.12371832
4.19050932 0.08450469
3.14366293 0.20871352
3.29313087 0.22960557
4.24167156 0.11024144
4.64324331 0.10078213
2.67945361 0.20597728
4.03169632 0.09675754
3.49931574 0.18337066
3.67654490 0.13601589
4.30631876 0.06324202
3.39319515 0.18125437
4.40435982 0.08530418
4.07091570 0.13876736
3.88454294 0.15768018
4.45442581 0.10010911
3.81561065 0.11938921
3.82599640 0.14823997
3.98555374 0.12708795
4.64681721 0.05986524
3.78213668 0.12601347
4.22782898 0.08929401
3.52637148 0.18962556
2.15042877 0.16873901
4.35021305 0.06522401
4.15976191 0.08894133
2.31925821 0.17792977
4.19801188 0.07627600
4.60467100 0.10224111
4.09466887 0.08446760
3.98911905 0.11766977
3.81926894 0.14423841
2.88864875 0.18561913
4.55398369 0.06350388
4.23170996 0.08067834
4.10751867 0.09669951
4.50344801 0.07183983
2.82490587 0.16785850
3.95950294 0.11481064
3.43493199 0.18122943
4.12223864 0.08832642
4.47565556 0.08721945
3.85219383 0.12993933
3.63351178 0.17795591
3.86775661 0.14840142
4.17846727 0.07556380
3.98265886 0.12893862
4.19818020 0.07656195
4.43891239 0.06807361
3.94976187 0.08692002
2.96076035 0.17240895
4.37831402 0.08666904
3.68958044 0.17303216
4.00885725 0.09280505
3.48995256 0.16912739
2.80600762 0.20088895
4.44244957 0.06168175
3.80197453 0.13968034
4.25501919 0.08261029
4.03022146 0.13688909
4.10698223 0.11320602
4.35961771 0.09999041
4.51774406 0.06660344
4.63879156 0.07933879
4.30530453 0.08150157
4.12956381 0.09550071
4.58921003 0.12290016
4.04977751 0.09518070
2.83665514 0.19335686
4.23347950 0.06389432
3.13059759 0.17499106
2.13381934 0.10763242
2.10158634 0.11260193
4.32575464 0.06327536
4.01997948 0.12830511
4.18293524 0.07923140
3.52537465 0.14396270
4.10427237 0.12365651
4.18877220 0.08454877
3.14218950 0.20880221
3.28968549 0.22967066
4.23805046 0.11053637
4.37663603 0.12674899
2.12932754 0.13871120
2.13285708 0.14570588
2.95650482 0.17247818
4.37866735 0.08644810
3.68929768 0.17290169
4.00109434 0.09302514
3.40531421 0.16329227
4.46034622 0.06202185
2.20247006 0.17871183
3.60290194 0.17548372
4.47351074 0.07419168
4.48350811 0.09949037
4.10305405 0.10887912
3.43851185 0.19824205
4.14010715 0.09100137
4.39527893 0.09759619
2.09314537 0.15960962
4.50234318 0.12254584
3.75505781 0.13959979
2.14400434 0.16564889
2.14834070 0.17289126
3.79844975 0.12883751
3.61781907 0.16535869
3.31786180 0.17922916
4.38815260 0.06273463
4.32546902 0.07314784
4.63245106 0.07984523
3.36058116 0.19530694
2.28985691 0.21048540
2.12887144 0.16337019
4.00458670 0.14642216
2.25879979 0.16744487
3.76391649 0.13625078
2.19456220 0.17433488
3.91154242 0.16210900
2.24979186 0.17054774
4.06226063 0.11838546
4.52778101 0.11698209
4.64900732 0.09136998
2.09884238 0.17961599
3.08334756 0.20399751
3.30676317 0.21117769
2.18093395 0.16362447
4.49659729 0.11261349
2.08502221 0.16707337
3.12155795 0.19026393
2.17614031 0.17326993
4.65003395 0.10606848
3.07149768 0.21127991
3.25168061 0.18382944
4.59867001 0.08377817
4.47113180 0.11331155
3.02086735 0.19422323
3.04107380 0.19508834
4.06702995 0.11452840
3.19921994 0.17302193
4.09599733 0.14427160
3.95387173 0.16782886
4.03988171 0.12229044
4.03272581 0.14895059
4.57046843 0.08269036
3.45060754 0.19481193
2.88584256 0.20463838
4.06642389 0.10665637
4.02732801 0.14851072
4.55717278 0.08260518
4.03373289 0.16539921
4.06616068 0.12765819
4.14175463 0.15221405
4.03551912 0.08621056
3.35706830 0.19212693
2.69310951 0.16469407
4.54131603 0.11332461
4.03258276 0.16559917
4.06381512 0.12791763
4.14374113 0.15196259
4.10088634 0.11016917
3.96382141 0.18431880
4.04911327 0.13961086
2.17906570 0.13682516
3.90498614 0.13825010
3.03591800 0.15921675
2.98328018 0.20760930
3.14514923 0.14099768
3.03831148 0.19526844
4.06111717 0.11527046
3.20507693 0.17295189
2.12905216 0.15398403
4.51144028 0.09015229
2.15548921 0.18040043
4.53739452 0.10441122
3.74752808 0.12353208
3.03799558 0.19515134
4.06476450 0.11473665
3.20080757 0.17284559
3.92334580 0.16066115
2.24232674 0.16880995
4.06655407 0.11736768
2.14817882 0.15009408
3.68870640 0.13805948
2.16640472 0.12961082
2.18394518 0.13991736
4.67987394 0.06218096
2.08215761 0.12992442
2.07287645 0.12548642
4.65324831 0.06084795
4.49506664 0.05614692
4.51699114 0.05592122
4.31986523 0.09916570
3.74723268 0.15835969
3.09253526 0.17997624
4.33308029 0.06517110
2.81365180 0.18077134
3.48046923 0.19806014
4.39835739 0.07411752
4.12956762 0.08275714
4.52925825 0.06047749
4.48739672 0.06157367
4.05257797 0.13665661
4.43090439 0.06199645
3.57616520 0.14088051
4.13296270 0.12405690
4.43817663 0.06000851
4.39364481 0.06789050
3.75574946 0.16130401
4.38598108 0.09834116
3.65540910 0.14456962
3.67287374 0.15261689
3.61307144 0.15345022
4.12456560 0.13516805
4.27396584 0.11527953
3.01331711 0.16093725
4.11547613 0.11930012
3.73158407 0.13442923
2.73022056 0.16770709
4.22546959 0.07851986
4.29699183 0.05994690
4.25300074 0.06969322
2.10400891 0.15709060
2.18035841 0.14272670
4.26117945 0.07504596
3.61661220 0.15649410
4.47461653 0.06357925
4.04073429 0.10399210
4.11411953 0.08154483
3.25539494 0.14290494
4.26933432 0.06764389
4.39683628 0.07433111
4.12275648 0.08331977
4.52365112 0.06050158
4.48933029 0.06136735
4.05801487 0.13630438
3.01382709 0.16099636
4.11619616 0.11925355
4.42764759 0.06202736
3.57146502 0.14148451
4.13173866 0.12465941
4.43406534 0.06004431
4.16908598 0.07060940
4.11442327 0.07231126
4.03261471 0.10586642
3.61456656 0.15697099
4.47601557 0.06357556
4.04672050 0.10361353
3.64904857 0.14564571
3.66899300 0.15317664
3.61324906 0.15337661
4.13191843 0.13450517
4.27776289 0.11511701
3.32920623 0.17697687
4.25000477 0.06474961
4.16796494 0.07480877
4.23322773 0.06919857
4.20889902 0.07159653
3.32765079 0.16695082
3.30807352 0.18050267
4.28955460 0.09180263
4.19979334 0.08708114
3.83886218 0.16138650
3.96291375 0.12168514
4.38609505 0.06699635
2.91342044 0.20848870
2.16568708 0.18116127
4.02224159 0.10459483
3.60741901 0.15212686
4.38765049 0.06291093
4.13627672 0.06776768
4.25257492 0.05865516
3.17262554 0.17968078
3.58139586 0.16698863
4.45214701 0.10716630
2.11075878 0.17893630
4.44004011 0.06191531
3.52094913 0.15447830
2.14891529 0.15591323
3.82409453 0.11661913
4.49826241 0.09010219
2.15107322 0.18741192
2.09733343 0.15529473
4.34726954 0.12080357
3.78180981 0.15324141
4.22274160 0.08211991
2.10462213 0.16161196
4.38354206 0.13061704
3.31800103 0.21068037
2.10913920 0.12710373
3.32240987 0.17400046
4.33865833 0.08039559
4.46417236 0.06012255
3.65140510 0.13004133
2.15086818 0.17494906
3.42119670 0.14848836
3.70885062 0.14607452
