4.23891735 0.27012017
4.31724739 0.22246207
4.48024893 0.21527539
4.19405270 0.28753662
4.36390448 0.27660125
3.49698234 0.30026561
4.39800358 0.26296201
4.11786604 0.23347111
4.19660425 0.22766775
3.64248371 0.29548135
4.28060961 0.25870311
4.14928722 0.29826102
3.58283019 0.30152872
3.53662992 0.31513327
4.24168062 0.28746060
4.01226377 0.23540120
4.19193935 0.22843380
4.30423450 0.26962012
3.58078241 0.30153826
3.28173232 0.30289719
3.65145159 0.31498733
3.37968087 0.30693716
4.41668224 0.24004561
3.80564427 0.30774572
4.49682713 0.26005957
4.48752689 0.20124917
4.36681986 0.11336539
3.45238447 0.21356820
3.42268133 0.23135747
3.81845856 0.28436092
4.10652828 0.26112553
3.83835959 0.30958620
2.68396974 0.30274507
3.91349387 0.29278782
1.81631744 0.24456386
4.06610775 0.25378558
3.52576613 0.30628303
3.05120826 0.29342845
3.98942971 0.26012036
4.10838556 0.24081551
1.86924672 0.27195075
3.52716804 0.30629799
3.05529237 0.29337105
3.98992610 0.26017272
4.11420250 0.24005137
1.86520731 0.27124003
3.65879846 0.28648183
3.23911977 0.29267114
3.26824665 0.29830214
1.81741846 0.21177839
4.53986216 0.13699622
3.83809066 0.20302312
1.81251156 0.24626891
4.20541525 0.23471861
3.96082473 0.29877049
4.39359760 0.18591516
3.91738081 0.30605537
4.19855690 0.22282670
4.19063044 0.22470881
4.51289415 0.19609870
4.43170404 0.12846409
4.46094370 0.21161467
3.18779850 0.27617404
3.17068505 0.27016145
3.79363990 0.27029279
3.54384065 0.31195849
4.10461521 0.23311095
4.02015448 0.29654065
4.35172462 0.19411403
4.11864805 0.20410080
4.11876106 0.21884446
2.86995316 0.29954231
3.81105947 0.30129430
3.30409479 0.29363641
4.35296106 0.24480349
3.80604386 0.23621239
1.79744756 0.24653761
4.20574760 0.23276389
3.97832847 0.25078458
4.48249102 0.24759001
1.80786407 0.24935292
3.97283220 0.28301910
3.69204283 0.24981339
3.49627757 0.29036173
4.27425766 0.22314386
1.77905428 0.25621215
3.54089642 0.30535534
1.90308344 0.25517401
4.13603210 0.23769765
1.84949267 0.25738561
4.08335495 0.23852645
1.80948138 0.24276443
4.52360392 0.17151858
4.44407368 0.24848497
3.85625792 0.21465524
3.50033212 0.29005852
4.26837492 0.22404271
1.78496897 0.25787064
1.87162638 0.24509667
4.20491934 0.27160269
3.97778010 0.25150618
4.11811066 0.27528825
3.15985870 0.28537539
3.54084516 0.30539772
1.90014529 0.25464532
4.13153982 0.23842193
1.85330737 0.25830707
4.08344412 0.23848476
3.55313206 0.30294290
1.90658391 0.23931409
1.90969145 0.25635618
4.11501408 0.23690270
3.97266746 0.24787544
3.30277610 0.25749764
4.54661322 0.14724891
1.83735001 0.21935362
3.26200438 0.30237338
1.89577997 0.25584704
3.17468548 0.30032846
3.27438831 0.29258826
3.08724308 0.29591200
3.52736282 0.30631655
3.05111361 0.29342651
3.98985052 0.25999954
4.10777235 0.24088453
1.87156570 0.27239162
3.66952395 0.30525830
3.31159782 0.26020697
4.05884552 0.17627037
4.16486645 0.21032113
3.97315526 0.28290388
4.19138432 0.26258337
1.81140339 0.22345132
3.09589887 0.29518494
3.09582877 0.30477107
3.55172110 0.30295035
1.90569079 0.23919375
1.91149104 0.25665534
4.11344767 0.23710285
3.97019577 0.24821776
2.79507685 0.29969081
3.96845126 0.28593507
1.83134162 0.24489315
4.07841921 0.24218671
3.54233098 0.30539170
1.90152991 0.25490862
4.13294601 0.23826380
1.85294759 0.25823179
4.08462143 0.23831888
3.26721549 0.29053637
3.60654593 0.28092012
4.18923998 0.26533842
3.74619818 0.23707354
1.79474604 0.25090089
4.18550301 0.27206048
1.78737235 0.21501189
3.41313243 0.30169666
1.85211122 0.23921873
4.37727880 0.21933316
3.00227380 0.28882036
4.34151459 0.18584193
3.68216300 0.27561304
3.50810504 0.26187012
3.32133985 0.30755875
3.81721592 0.26746672
1.90261781 0.24075967
3.96800590 0.28072774
1.82958460 0.21168776
3.83911300 0.23580033
3.77389193 0.25383028
3.28816891 0.29154950
4.48655128 0.14692734
3.85670328 0.21906625
4.10124540 0.18479769
4.51743364 0.14274216
3.37641287 0.30388388
4.49502754 0.17416085
4.48354864 0.17422289
4.27881479 0.23271531
4.45927095 0.15871343
3.03753257 0.28872496
3.33832455 0.30797568
3.98482800 0.20786549
1.84115160 0.23316716
3.80393100 0.24715625
4.19622517 0.27931842
1.89894760 0.26219991
1.79893446 0.24081729
4.19990873 0.25096145
3.95887613 0.26107320
3.07817316 0.28564662
4.18977404 0.24303155
1.86440623 0.23384339
4.32782412 0.19093406
1.90024495 0.26257911
3.80213284 0.25929612
3.71558261 0.24054724
3.22943640 0.30438057
3.58263397 0.27265993
1.89381421 0.23069699
1.87516785 0.24847688
3.69800949 0.29846171
4.13598442 0.12678514
4.00444126 0.19013543
3.01717114 0.26453009
3.18056345 0.28372398
4.04601622 0.21116656
3.98359561 0.20846643
1.83974159 0.23285335
1.86467016 0.24510455
4.04639673 0.27354056
3.22375131 0.27344707
4.19831085 0.16745579
3.95831537 0.26112565
3.07994938 0.28564331
4.18718958 0.24336012
1.86150467 0.23326226
4.32569599 0.19143414
3.41585350 0.30170164
1.85778308 0.24048258
4.37771893 0.21926646
2.99468446 0.28890511
4.34522390 0.18521072
4.55126572 0.19106448
4.22778034 0.21713549
4.15776253 0.28046241
4.12358856 0.13816357
3.36714864 0.26136771
3.67777944 0.21186513
3.41378546 0.30167750
1.85448551 0.23976286
4.37602425 0.21946873
3.00074172 0.28883412
4.33939219 0.18620169
4.26489353 0.14885573
3.28466439 0.24275352
4.36959028 0.21354358
4.52060080 0.13049553
3.69309163 0.29444328
1.85714662 0.22453637
4.49497128 0.13325553
3.35179281 0.28088516
4.17025614 0.18176998
4.49561262 0.17504038
3.67867279 0.27555707
3.50502849 0.26190785
3.31883478 0.30747524
3.81480217 0.26761308
1.90255916 0.24063335
3.74167585 0.28861433
3.95681787 0.28889465
1.88379622 0.24265911
3.34849191 0.29807839
3.78228140 0.29176554
1.96348739 0.23598993
4.37369442 0.18384014
3.74728775 0.28884223
3.82468343 0.27377132
4.30266333 0.25245500
4.04696941 0.23611291
3.40713954 0.29259250
4.07442999 0.25440446
3.06981659 0.27420422
4.39060640 0.22255476
4.41717148 0.20904118
3.44157386 0.30192071
4.08412886 0.24031456
3.18756843 0.27192298
4.25871897 0.24033082
4.11685228 0.23481317
4.19246817 0.24861686
3.72459435 0.29594076
3.71307325 0.27119923
3.78200388 0.28609094
3.44460511 0.30171362
3.24310589 0.27794275
4.30388927 0.24702114
3.49191046 0.30097574
4.37716770 0.24376549
4.01998472 0.21317561
4.48176527 0.24436128
3.57163572 0.29774147
3.71187925 0.28604612
4.26529837 0.24781680
1.87823904 0.24336572
3.24128699 0.31120357
3.95466256 0.28952613
4.42767572 0.23816156
1.90647864 0.23442183
3.63865280 0.30221671
4.42914295 0.25034419
3.70235562 0.29123464
4.19233608 0.24864338
3.71977854 0.29617444
3.70906281 0.27177131
3.71122599 0.28650436
4.27312469 0.24741010
1.96450496 0.23617041
4.37485409 0.18360762
3.74892426 0.28880188
1.92465758 0.24360262
4.06096745 0.24788661
4.24319601 0.25310421
4.11617374 0.24493967
3.06554127 0.27434024
4.38695765 0.22305076
4.42145443 0.20846337
4.09012461 0.16769327
4.12621832 0.26048329
4.16872931 0.24957572
3.58733034 0.29147050
3.75802732 0.28228322
4.08782578 0.23984915
3.18194366 0.27209044
4.25897455 0.24017893
4.12500429 0.23391984
4.37632418 0.24383755
4.02236366 0.21262236
4.48544073 0.24392684
3.57268739 0.29776445
4.44933844 0.24581642
4.35475397 0.23566167
4.53719950 0.23125039
4.24556684 0.24870081
3.41173363 0.29152974
4.51290226 0.21448815
4.08164358 0.19106103
3.76200461 0.28935650
4.51378632 0.13512416
4.40300131 0.22953622
3.18599272 0.26489908
3.83963752 0.29307470
4.14012718 0.25018525
3.50864935 0.27731541
4.14412689 0.25740641
4.50302172 0.23126073
4.50053501 0.22288232
4.49169540 0.16784494
3.48218513 0.28834742
4.16496801 0.22084153
3.18613434 0.29439336
1.82379889 0.23591042
3.99568772 0.22872348
4.26151896 0.15275125
4.45886755 0.21074666
1.87209463 0.23313950
4.06004429 0.26857299
1.87042308 0.23672031
4.21446705 0.26427349
4.03458261 0.24091358
4.26640892 0.14770918
4.50675535 0.20483981
4.08022690 0.21884747
3.62948751 0.30138868
3.51885390 0.27201465
3.94809437 0.26851237
3.15983486 0.29968536
4.45708799 0.13558801
3.58943939 0.30276695
4.47704649 0.21692632
3.68066478 0.28435341
4.49099636 0.18328679
3.81842351 0.19697826
4.50044060 0.18878113
3.43419027 0.29660210
3.83198380 0.18070923
4.14667130 0.24777913
4.23019171 0.23323351
4.10086441 0.22544871
3.18319702 0.28720656
4.24357796 0.24285264
4.19119310 0.20027822
3.99265718 0.26326579
4.31065798 0.25981995
1.84994864 0.25007671
1.83011067 0.25329933
4.00311899 0.21092319
4.09923935 0.25179037
3.16677237 0.30619869
1.86220455 0.25414547
1.86846519 0.26165667
4.08594275 0.18494461
4.37485218 0.24959528
4.49327898 0.18094945
3.46840882 0.27693829
4.20985270 0.24203622
3.64213610 0.27548072
2.78631639 0.28986844
4.05987167 0.26859704
1.86894643 0.23646803
4.21625042 0.26409265
4.03367662 0.24104430
4.26580477 0.14772971
3.16455221 0.28203797
4.21434641 0.24067485
1.82053232 0.25163618
4.21110678 0.14494513
3.61933589 0.28504404
3.25705075 0.25767311
3.99462962 0.26295659
4.31160641 0.25967041
1.85113144 0.25033224
1.82808816 0.25290287
4.08958817 0.17622472
4.23747587 0.25688013
4.15220213 0.27245221
4.19144440 0.18210335
4.04639292 0.22475123
4.37300873 0.20427294
4.24604654 0.18067408
1.85948634 0.25402498
4.05868006 0.26864073
1.86867809 0.23634034
4.21420622 0.26419106
4.03356934 0.24106599
4.26586008 0.14771973
4.00736237 0.20997156
4.09764814 0.25201258
3.16881299 0.30628440
1.86494434 0.25466239
1.87442112 0.26284096
4.43384743 0.23938616
3.58409452 0.30278000
1.91206574 0.25172654
4.50624943 0.23396145
3.29355359 0.30384514
4.36392069 0.12289160
4.36431360 0.14276865
3.55789900 0.19262671
4.54243803 0.14690314
4.50932407 0.20452678
4.07985973 0.21926492
3.62249565 0.30146334
4.15139246 0.24701174
4.23339367 0.23281318
4.10196400 0.22508438
3.18110895 0.28723189
4.23707581 0.24371015
4.19485426 0.19953661
4.50560570 0.20511608
4.07888794 0.21933323
3.62520766 0.30143359
4.37956381 0.18960656
4.44453144 0.17479599
3.92929029 0.28186348
4.39267254 0.15001287
4.43122435 0.14723864
4.43342304 0.13948192
4.03844309 0.27828690
1.77632022 0.23895504
2.88775086 0.30440500
2.79303765 0.29124370
4.21738100 0.26376015
3.37163353 0.29965356
1.81220734 0.23209441
4.08221912 0.18625569
4.37118149 0.25052640
4.50584459 0.17940529
3.47441769 0.27683768
4.01724863 0.22342658
3.52139831 0.30478391
1.82759786 0.25378641
1.84741068 0.24781537
3.25533414 0.30908093
4.17162800 0.25016585
3.77792144 0.27903333
4.22873497 0.23776697
4.05163860 0.21681707
4.32369804 0.21185052
4.50226212 0.17456537
1.85421693 0.22839941
2.84902072 0.31824046
3.56431794 0.31281260
4.02353096 0.24769180
1.79419458 0.27615499
4.50630856 0.23602790
4.07375336 0.26152822
1.81910908 0.27444318
4.19444895 0.27859917
3.14829659 0.29742754
4.50177479 0.18434201
4.48795938 0.20265739
3.66216946 0.28870139
4.05277538 0.24758919
3.93963623 0.26381066
4.53331566 0.20030081
1.77700508 0.25940561
2.89942813 0.31538647
3.57488966 0.29813656
3.86178732 0.29926801
4.09403610 0.26843515
4.54786491 0.21132044
3.35736370 0.31152728
4.11659431 0.26479006
1.76258326 0.26714805
4.11666870 0.24289854
1.79534256 0.26298487
3.64571142 0.28855351
2.79826307 0.30931023
4.26457214 0.23988537
1.78701484 0.25438738
3.93417931 0.26448998
1.80395377 0.26231894
4.29717779 0.26233822
4.44790363 0.26952529
1.80958521 0.26192486
4.32492161 0.23977150
4.31433439 0.26025209
4.48010397 0.18400021
3.13733983 0.30173180
3.86553788 0.30648664
1.80580020 0.26824901
4.29224396 0.26397619
4.29378605 0.24227674
1.82665873 0.25163177
4.54720402 0.16770166
4.08786869 0.26742390
3.49800658 0.30003092
4.15532494 0.24975598
4.09903860 0.25645009
4.04186630 0.21845597
2.93814135 0.29252163
4.25917387 0.13604496
4.03045321 0.15936027
4.26239443 0.12362953
3.58273292 0.30509126
2.99900889 0.30539286
3.44736457 0.30083296
3.92520642 0.29173890
4.08926868 0.24906945
1.81927383 0.26286367
4.55850840 0.13980494
2.79294038 0.29375485
1.90372694 0.22397326
3.74920654 0.27122375
3.98300719 0.23934628
1.92635155 0.24480022
3.52597499 0.30820161
3.70021105 0.25270560
4.19087791 0.24531466
1.82991028 0.22315949
3.75759554 0.20768833
3.94669151 0.28724715
3.68497229 0.31019941
4.45000458 0.21822350
3.57131505 0.30863279
4.44830418 0.24115662
4.39631319 0.21016210
4.29407215 0.24867441
4.17303467 0.26727960
4.36851168 0.27535665
3.30103564 0.28326875
4.00521231 0.19583286
1.85628867 0.20824832
2.99953413 0.28215379
4.41409588 0.26131386
3.86366844 0.28321162
4.35625601 0.27057669
1.79584336 0.23327440
3.75213122 0.22881021
4.51379824 0.26469639
3.88622260 0.21947861
3.79148412 0.22996026
4.42317247 0.25643012
3.85289669 0.31137201
4.42813921 0.25123554
3.17068863 0.30274817
3.86599207 0.22415937
4.07034445 0.27925974
1.84407139 0.25216347
2.92805624 0.29997775
4.29922295 0.26445746
3.39940596 0.31200323
4.01358032 0.29125679
4.30812836 0.24968980
3.76236463 0.22805865
3.85784340 0.29771620
4.41425419 0.24971108
3.99290705 0.25907940
3.97921991 0.23242617
3.51635456 0.30417359
3.82088065 0.29968962
3.20431709 0.28444451
4.22882938 0.26216081
4.18565464 0.28223270
1.84219110 0.24138497
1.90409291 0.24176644
4.08084488 0.26888421
1.85144782 0.22827959
1.87490392 0.23752330
3.62457991 0.21357222
4.57192230 0.21181887
3.03548050 0.27368113
1.87781429 0.23111938
3.99260688 0.23790409
1.93414080 0.24629103
3.80428195 0.25809851
3.98227334 0.20504971
3.72077894 0.23536392
2.82418489 0.28443643
4.37113810 0.17253689
4.35166264 0.25895759
3.36964512 0.25315562
4.50556564 0.24699366
4.35916758 0.18370627
3.70932913 0.30325797
3.99604392 0.23521359
3.49580097 0.23976535
3.37091827 0.30105671
4.17683125 0.26280335
3.95110416 0.28671035
3.49507499 0.29353568
4.34666157 0.18095018
3.94620180 0.29090223
3.55674028 0.28598675
4.49019670 0.16781205
4.35599136 0.18916953
4.44393826 0.18826251
4.50071526 0.13460708
4.11527348 0.16508378
4.01351833 0.29077479
4.28962326 0.24258457
3.13137650 0.30905572
3.47932100 0.30932027
1.76391494 0.24320950
4.10414743 0.29907054
4.27586985 0.26663452
1.87016118 0.25700387
4.05192423 0.29606909
4.20446253 0.26810262
1.85809052 0.25929198
4.11530733 0.26655102
1.85042965 0.23001617
4.53962517 0.23296420
3.52207184 0.28771016
3.56310844 0.29255915
4.51227236 0.16301931
4.38356209 0.22808242
3.88918591 0.24533284
4.16840458 0.23780261
3.19877481 0.28090224
3.66878939 0.29657930
1.76395428 0.20936175
4.46318245 0.22794509
3.80133367 0.27087104
3.68598509 0.31251162
4.35639524 0.26201031
3.43794227 0.29922646
3.26439810 0.31291205
3.94808960 0.28021887
3.99489331 0.27979359
3.88203454 0.29658353
1.79963040 0.25735861
4.46807575 0.25074401
4.57444525 0.17203116
3.73722553 0.30650339
2.93797398 0.31289771
4.32380152 0.27349797
4.46907616 0.23422678
1.86189294 0.26103112
3.96811724 0.27220193
4.31801462 0.22201069
3.88983250 0.27303132
3.57906938 0.29128441
3.99042797 0.26624295
4.33192348 0.23746222
3.94835329 0.25143942
3.92479515 0.28040057
3.36838126 0.31668732
3.74045348 0.30193105
3.96173763 0.28822523
3.65089512 0.30892810
1.77223575 0.25493968
4.17530918 0.26530644
3.36650538 0.31037858
4.38803005 0.24933864
3.50465322 0.28193960
4.33123589 0.22408946
4.16251707 0.20589046
4.36887169 0.21207750
3.71974516 0.29493567
4.51645565 0.16659084
4.40872717 0.22238499
4.10114861 0.29909310
4.27350140 0.26651761
1.86890280 0.25648552
4.04984379 0.29606497
4.20122290 0.26804242
1.85600150 0.25859690
4.18405342 0.22110856
3.66533518 0.28443426
3.89101768 0.27278623
3.57444143 0.29122970
3.99546003 0.26575646
3.90233445 0.28434315
1.83953595 0.22426546
3.82203007 0.27407566
2.89253426 0.30828330
4.00951195 0.29462692
4.20705462 0.26571557
4.39908838 0.20477952
4.44934940 0.23242147
3.98447824 0.24122447
4.31046247 0.26375440
3.53912878 0.30504557
4.47897387 0.17977916
3.98010826 0.23514561
3.86974406 0.27682194
1.85806561 0.22784309
3.87348151 0.26539722
4.22998333 0.26233920
3.57420325 0.27043241
3.73366928 0.28467339
4.47413015 0.15897106
4.39413404 0.15748309
3.43378663 0.29594782
4.36800766 0.25796926
1.90102458 0.23278083
4.13723707 0.27235338
4.05408192 0.27144784
4.52525425 0.12785174
3.55841470 0.31031957
1.81027830 0.24604273
4.54055452 0.24019225
4.15490913 0.27812210
3.83113146 0.25872344
3.40301800 0.31145635
1.82197928 0.24821883
3.95356345 0.29808590
3.73254037 0.26212928
4.32222795 0.23438704
3.90172267 0.21312970
4.26082993 0.23213451
3.96768355 0.26514557
1.77841592 0.23163271
4.11533689 0.24321787
3.85199976 0.26281053
3.81751537 0.24341571
3.70629168 0.28941131
4.51660633 0.13904506
3.92101145 0.28011328
3.81742167 0.19701613
4.32470512 0.19400632
4.00687170 0.24507600
3.42571211 0.29373682
4.50372696 0.18235759
3.11775732 0.26392686
3.16244864 0.30114350
4.15472841 0.26834306
1.93734360 0.24427485
4.44570446 0.21571176
4.25996971 0.20746569
3.89528751 0.23705836
4.52826643 0.13820730
3.89783597 0.21045096
3.86128378 0.24853915
4.19742584 0.27110445
3.68305659 0.30386934
4.22805119 0.25847107
1.86304665 0.25515905
3.55123425 0.30916160
3.86365366 0.30089399
3.78850365 0.30292881
3.55967546 0.30881467
4.43881416 0.23708780
3.47783518 0.30460748
3.25456643 0.29978999
3.89211392 0.21849304
3.66474390 0.30890432
1.81040394 0.25047475
3.82448792 0.21450233
4.34965277 0.25266767
4.45562458 0.22862291
3.48724461 0.26174054
4.43845224 0.23715770
3.47811365 0.30460557
3.25509763 0.29978195
3.26771975 0.29352620
4.02744436 0.29505804
4.05788088 0.29280499
4.04949570 0.29331079
1.87281382 0.24862921
4.46537638 0.21837360
4.55526829 0.20166266
3.55499887 0.28605086
4.56619596 0.19508775
4.46797752 0.11107448
3.22477555 0.28021297
4.33923721 0.25899848
4.34794855 0.21585119
3.47058415 0.30981797
1.91466522 0.24141069
3.16214299 0.30109444
4.15480804 0.26827714
1.93985724 0.24468176
3.80486393 0.24849908
3.70159793 0.29888958
4.01425743 0.27436641
3.66946721 0.29540822
3.12416649 0.27442411
3.82252669 0.24171525
4.19158030 0.27326840
4.48254395 0.21889178
4.21338224 0.23584320
3.32249451 0.30596039
1.89238703 0.22858156
3.16297102 0.30115610
4.15313005 0.26850757
1.93629408 0.24409758
4.14773893 0.27118537
4.06543875 0.27053079
4.51496410 0.12846918
3.89477468 0.24187009
2.92057443 0.27177930
3.90868807 0.16333616
4.12932730 0.22216214
3.96887350 0.27184460
1.85209048 0.22072913
3.85234904 0.19040455
4.46755505 0.23216122
3.46901226 0.24765293
3.66153097 0.27374938
4.42999077 0.16835777
4.48723030 0.17529021
4.29895115 0.14634156
3.57658625 0.29330972
4.34856319 0.15264502
4.39718246 0.19083978
4.00912476 0.30133951
4.41990471 0.22304283
3.10433412 0.28814301
3.83907557 0.29391184
3.82770681 0.16807991
3.71948195 0.29553160
1.80789518 0.24923229
3.98684645 0.25024980
4.32853556 0.19480294
4.07717609 0.22395110
3.05880356 0.30475613
1.85482013 0.24134003
1.84448063 0.23983072
3.77800560 0.31317040
3.88698387 0.30662325
3.87340808 0.24719061
3.19473600 0.31360084
4.57246971 0.25719634
3.04469538 0.30360207
1.84399390 0.24701314
1.86031306 0.25276199
4.04631758 0.21057618
3.19868302 0.27897701
3.73760128 0.30739692
1.83793616 0.21560131
3.09870076 0.28360134
3.88809180 0.24889986
3.72647691 0.30922022
3.22163010 0.29323131
4.10260773 0.25152561
4.26802540 0.25316325
4.35703850 0.17335087
4.03361654 0.20765753
4.32351589 0.19554073
4.07887411 0.22403806
4.04072046 0.21116216
3.19354081 0.27936041
3.05756545 0.30488619
1.85124171 0.24053593
1.84181392 0.23911214
3.90765667 0.26002797
3.07885146 0.28935224
1.84937632 0.23318835
3.73122287 0.30911437
3.21489215 0.29339370
4.10034752 0.25181171
4.56423807 0.25816181
3.05124688 0.30357829
1.84266579 0.24673879
1.86363864 0.25339535
4.36605263 0.25622413
3.94441485 0.25420424
1.86109078 0.23869985
3.14420795 0.29925418
1.86450279 0.24436815
1.85978675 0.24158759
1.84439981 0.23804937
1.78220057 0.23633905
3.64422584 0.29515505
3.83773303 0.26914600
3.97115827 0.22446120
1.88693094 0.24633731
3.96612692 0.23524626
3.12579584 0.28129560
3.88495564 0.26181558
3.81641698 0.20003806
3.86088395 0.20366324
4.47580767 0.24657606
4.43145323 0.22557621
3.53170633 0.29539493
3.23389482 0.29577875
1.82844567 0.22549315
3.99017763 0.23148198
4.01947165 0.25763652
4.51850748 0.14326356
4.51881266 0.13582613
1.81817198 0.23246098
1.85003042 0.23372801
2.99453449 0.29529339
