4.23891735 0.13683583
4.31724739 0.12788661
4.48024893 0.15033779
4.19405270 0.12961487
4.36390448 0.15664576
3.49698234 0.16463292
4.39800358 0.12661509
4.11786604 0.12829308
4.19660425 0.15334408
3.64248371 0.16099577
4.28060961 0.13283531
4.14928722 0.13426794
3.58283019 0.15682255
3.53662992 0.17166676
4.24168062 0.13151492
4.01226377 0.13708386
4.19193935 0.15367652
4.30423450 0.12744255
3.58078241 0.15678829
3.28173232 0.15306401
3.65145159 0.17863680
3.37968087 0.14680566
4.41668224 0.13451840
3.80564427 0.14430168
4.49682713 0.16541459
4.48752689 0.11386263
4.36681986 0.12266668
3.45238447 0.13459329
3.42268133 0.13912745
3.81845856 0.15357412
4.10652828 0.15293418
3.83835959 0.14200886
2.68396974 0.17946446
3.91349387 0.14197935
1.81631744 0.22835349
4.06610775 0.16213718
3.52576613 0.14648277
3.05120826 0.16876781
3.98942971 0.16661650
4.10838556 0.16707659
1.86924672 0.23213427
3.52716804 0.14654489
3.05529237 0.16876541
3.98992610 0.16669647
4.11420250 0.16720949
1.86520731 0.23247869
3.65879846 0.16829337
3.23911977 0.17348319
3.26824665 0.17118800
1.81741846 0.21637954
4.53986216 0.14153901
3.83809066 0.13823043
1.81251156 0.23028766
4.20541525 0.15396400
3.96082473 0.15923458
4.39359760 0.18211482
3.91738081 0.16520946
4.19855690 0.18771695
4.19063044 0.18838517
4.51289415 0.12007567
4.43170404 0.13072973
4.46094370 0.12410478
3.18779850 0.14871606
3.17068505 0.15192237
3.79363990 0.13722433
3.54384065 0.14230324
4.10461521 0.13864282
4.02015448 0.15914518
4.35172462 0.18441874
4.11864805 0.17639230
4.11876106 0.17762990
2.86995316 0.16382883
3.81105947 0.13892989
3.30409479 0.15797389
4.35296106 0.13295738
3.80604386 0.15216939
1.79744756 0.24500704
4.20574760 0.16721791
3.97832847 0.13518538
4.48249102 0.12409964
1.80786407 0.21419834
3.97283220 0.12500872
3.69204283 0.13579483
3.49627757 0.16448253
4.27425766 0.17076592
1.77905428 0.23993002
3.54089642 0.14117208
1.90308344 0.20595722
4.13603210 0.15181173
1.84949267 0.21881568
4.08335495 0.15508510
1.80948138 0.23786722
4.52360392 0.15443051
4.44407368 0.13833767
3.85625792 0.15993422
3.50033212 0.16436145
4.26837492 0.17055601
1.78496897 0.23937565
1.87162638 0.21307094
4.20491934 0.12117801
3.97778010 0.13500594
4.11811066 0.12167963
3.15985870 0.14922796
3.54084516 0.14108816
1.90014529 0.20609282
4.13153982 0.15165189
1.85330737 0.21841459
4.08344412 0.15494846
3.55313206 0.13692194
1.90658391 0.20737962
1.90969145 0.21807343
4.11501408 0.14679416
3.97266746 0.15033038
3.30277610 0.16799124
4.54661322 0.16543387
1.83735001 0.24111158
3.26200438 0.13912463
1.89577997 0.19576089
3.17468548 0.14922617
3.27438831 0.14650728
3.08724308 0.15015200
3.52736282 0.14636301
3.05111361 0.16862720
3.98985052 0.16640036
4.10777235 0.16685008
1.87156570 0.23184079
3.66952395 0.14107305
3.31159782 0.15306623
4.05884552 0.13934602
4.16486645 0.14482357
3.97315526 0.14092654
4.19138432 0.14158896
1.81140339 0.23492484
3.09589887 0.17220564
3.09582877 0.17301784
3.55172110 0.13694037
1.90569079 0.20745993
1.91149104 0.21795182
4.11344767 0.14682220
3.97019577 0.15035416
2.79507685 0.16802096
3.96845126 0.13385542
1.83134162 0.21442373
4.07841921 0.14905551
3.54233098 0.14104266
1.90152991 0.20595394
4.13294601 0.15158057
1.85294759 0.21841528
4.08462143 0.15487407
3.26721549 0.14491826
3.60654593 0.14034142
4.18923998 0.12244791
3.74619818 0.18598723
1.79474604 0.27400967
4.18550301 0.19279025
1.78737235 0.29150712
3.41313243 0.14000203
1.85211122 0.22847883
4.37727880 0.12554963
3.00227380 0.16736384
4.34151459 0.15236263
3.68216300 0.13630883
3.50810504 0.15136001
3.32133985 0.14766826
3.81721592 0.16459131
1.90261781 0.22116876
3.96800590 0.14175186
1.82958460 0.22946733
3.83911300 0.18354540
3.77389193 0.19282322
3.28816891 0.19555385
4.48655128 0.19413388
3.85670328 0.14763671
4.10124540 0.14861505
4.51743364 0.14513139
3.37641287 0.17790823
4.49502754 0.17165600
4.48354864 0.15967555
4.27881479 0.13595749
4.45927095 0.15703209
3.03753257 0.16532874
3.33832455 0.18726851
3.98482800 0.17336594
1.84115160 0.24975489
3.80393100 0.15842517
4.19622517 0.16313381
1.89894760 0.25073853
1.79893446 0.25907049
4.19990873 0.16116737
3.95887613 0.12972392
3.07817316 0.15974201
4.18977404 0.12653051
1.86440623 0.22627908
4.32782412 0.14344190
1.90024495 0.25049016
3.80213284 0.13405304
3.71558261 0.14728415
3.22943640 0.14981377
3.58263397 0.16078180
1.89381421 0.21488076
1.87516785 0.26067370
3.69800949 0.16638401
4.13598442 0.15666555
4.00444126 0.16155599
3.01717114 0.17540537
3.18056345 0.17136236
4.04601622 0.17728449
3.98359561 0.17378311
1.83974159 0.25016698
1.86467016 0.22400667
4.04639673 0.13275234
3.22375131 0.15820332
4.19831085 0.15084751
3.95831537 0.12982552
3.07994938 0.15982129
4.18718958 0.12663889
1.86150467 0.22659464
4.32569599 0.14359653
3.41585350 0.14002162
1.85778308 0.22813545
4.37771893 0.12559877
2.99468446 0.16756476
4.34522390 0.15246229
4.55126572 0.17866814
4.22778034 0.17994583
4.15776253 0.19141074
4.12358856 0.17870647
3.36714864 0.18494646
3.67777944 0.19306803
3.41378546 0.13992457
1.85448551 0.22822697
4.37602425 0.12545896
3.00074172 0.16729407
4.33939219 0.15219802
4.26489353 0.13652925
3.28466439 0.15557922
4.36959028 0.13057667
4.52060080 0.14016457
3.69309163 0.15910639
1.85714662 0.24906100
4.49497128 0.16761161
3.35179281 0.18701220
4.17025614 0.19057995
4.49561262 0.19734983
3.67867279 0.13646643
3.50502849 0.15155697
3.31883478 0.14783420
3.81480217 0.16485213
1.90255916 0.22129636
3.74167585 0.15582411
3.95681787 0.14656620
1.88379622 0.22189347
3.34849191 0.15721853
3.78228140 0.15376632
1.96348739 0.19857062
4.37369442 0.12798311
3.74728775 0.13923983
3.82468343 0.15063030
4.30266333 0.14340401
4.04696941 0.16649024
3.40713954 0.14940563
4.07442999 0.13365643
3.06981659 0.16426028
4.39060640 0.13354927
4.41717148 0.13212261
3.44157386 0.14942025
4.08412886 0.12750904
3.18756843 0.15725157
4.25871897 0.12599675
4.11685228 0.12716451
4.19246817 0.14003056
3.72459435 0.14273022
3.71307325 0.16284293
3.78200388 0.14674456
3.44460511 0.14953807
3.24310589 0.15394314
4.30388927 0.12560599
3.49191046 0.14130579
4.37716770 0.13237335
4.01998472 0.15406395
4.48176527 0.13088892
3.57163572 0.14164932
3.71187925 0.14559568
4.26529837 0.14632738
1.87823904 0.20704128
3.24128699 0.15371405
3.95466256 0.13770133
4.42767572 0.13875687
1.90647864 0.21923198
3.63865280 0.14748076
4.42914295 0.14816996
3.70235562 0.14982231
4.19233608 0.14041629
3.71977854 0.14301889
3.70906281 0.16325627
3.71122599 0.14543253
4.27312469 0.14620392
1.96450496 0.19838999
4.37485409 0.12784670
3.74892426 0.13911162
1.92465758 0.19703577
4.06096745 0.12559240
4.24319601 0.12793981
4.11617374 0.12711285
3.06554127 0.16425739
4.38695765 0.13345094
4.42145443 0.13207547
4.09012461 0.14323053
4.12621832 0.12657563
4.16872931 0.12516409
3.58733034 0.15787691
3.75802732 0.14995290
4.08782578 0.12735891
3.18194366 0.15715565
4.25897455 0.12583730
4.12500429 0.12701209
4.37632418 0.13222013
4.02236366 0.15387730
4.48544073 0.13075916
3.57268739 0.14152192
4.44933844 0.12514214
4.35475397 0.12848918
4.53719950 0.12603883
4.24556684 0.12224754
3.41173363 0.13739485
4.51290226 0.11854827
4.08164358 0.16552782
3.76200461 0.14486147
4.51378632 0.13690870
4.40300131 0.12904404
3.18599272 0.17338319
3.83963752 0.15329152
4.14012718 0.13812415
3.50864935 0.15864675
4.14412689 0.13538308
4.50302172 0.13414475
4.50053501 0.15203851
4.49169540 0.16185312
3.48218513 0.16504009
4.16496801 0.16298987
3.18613434 0.17292540
1.82379889 0.24579917
3.99568772 0.13889778
4.26151896 0.13762957
4.45886755 0.12533523
1.87209463 0.21901792
4.06004429 0.13251448
1.87042308 0.22132266
4.21446705 0.13258420
4.03458261 0.14711253
4.26640892 0.14656772
4.50675535 0.12461007
4.08022690 0.14970991
3.62948751 0.13810046
3.51885390 0.18064183
3.94809437 0.15714808
3.15983486 0.18198943
4.45708799 0.16739146
3.58943939 0.15802434
4.47704649 0.14574562
3.68066478 0.14572017
4.49099636 0.16893965
3.81842351 0.16532041
4.50044060 0.12374833
3.43419027 0.14259492
3.83198380 0.14140971
4.14667130 0.11810296
4.23019171 0.11807674
4.10086441 0.12228594
3.18319702 0.15182209
4.24357796 0.12125290
4.19119310 0.13362391
3.99265718 0.16484495
4.31065798 0.13538975
1.84994864 0.23181129
1.83011067 0.23403937
4.00311899 0.14389439
4.09923935 0.12723055
3.16677237 0.15098751
1.86220455 0.22000350
1.86846519 0.21444510
4.08594275 0.16610868
4.37485218 0.14273123
4.49327898 0.16114613
3.46840882 0.16624805
4.20985270 0.12730174
3.64213610 0.14973623
2.78631639 0.16544107
4.05987167 0.13253774
1.86894643 0.22149003
4.21625042 0.13261811
4.03367662 0.14714386
4.26580477 0.14659791
3.16455221 0.15588778
4.21434641 0.12706681
1.82053232 0.22543436
4.21110678 0.16293691
3.61933589 0.14725100
3.25705075 0.16415675
3.99462962 0.16481483
4.31160641 0.13536942
1.85113144 0.23169760
1.82808816 0.23415850
4.08958817 0.14299004
4.23747587 0.12661472
4.15220213 0.12879013
4.19144440 0.14124991
4.04639292 0.16741805
4.37300873 0.13982761
4.24604654 0.16611144
1.85948634 0.23790823
4.05868006 0.13261265
1.86867809 0.22155362
4.21420622 0.13269678
4.03356934 0.14724654
4.26586008 0.14670956
4.00736237 0.14371176
4.09764814 0.12709342
3.16881299 0.15083899
1.86494434 0.21965782
1.87442112 0.21381252
4.43384743 0.12735307
3.58409452 0.14220351
1.91206574 0.21565197
4.50624943 0.13219202
3.29355359 0.15703805
4.36392069 0.12646881
4.36431360 0.11745705
3.55789900 0.13797653
4.54243803 0.11272343
4.50932407 0.12486567
4.07985973 0.15005876
3.62249565 0.13836448
4.15139246 0.11813080
4.23339367 0.11811224
4.10196400 0.12233466
3.18110895 0.15190828
4.23707581 0.12131441
4.19485426 0.13370524
4.50560570 0.12482407
4.07888794 0.15001100
3.62520766 0.13832331
4.37956381 0.17869787
4.44453144 0.17922430
3.92929029 0.15163712
4.39267254 0.12059175
4.43122435 0.12083635
4.43342304 0.13191552
4.03844309 0.18184079
1.77632022 0.28015372
2.88775086 0.21291445
2.79303765 0.17231870
4.21738100 0.13569085
3.37163353 0.16382624
1.81220734 0.23287010
4.08221912 0.16605030
4.37118149 0.14269172
4.50584459 0.16126749
3.47441769 0.16621281
4.01724863 0.16477963
3.52139831 0.15205739
1.82759786 0.24330766
1.84741068 0.23951048
3.25533414 0.16893254
4.17162800 0.13881958
3.77792144 0.14646424
4.22873497 0.14009172
4.05163860 0.15751220
4.32369804 0.16023277
4.50226212 0.12603948
1.85421693 0.23168373
2.84902072 0.22401303
3.56431794 0.21149707
4.02353096 0.18842638
1.79419458 0.27422309
4.50630856 0.16011034
4.07375336 0.14681834
1.81910908 0.23671919
4.19444895 0.13234021
3.14829659 0.15656859
4.50177479 0.12826814
4.48795938 0.16721271
3.66216946 0.15198962
4.05277538 0.18446748
3.93963623 0.27635738
4.53331566 0.19942391
1.77700508 0.28226897
2.89942813 0.20713191
3.57488966 0.18629199
3.86178732 0.17653362
4.09403610 0.16507356
4.54786491 0.15432760
3.35736370 0.16230012
4.11659431 0.22769968
1.76258326 0.28609446
4.11666870 0.18910967
1.79534256 0.25832388
3.64571142 0.16629447
2.79826307 0.19031827
4.26457214 0.13178888
1.78701484 0.23328321
3.93417931 0.27664283
1.80395377 0.23244925
4.29717779 0.14407216
4.44790363 0.13063689
1.80958521 0.24310821
4.32492161 0.15103012
4.31433439 0.13711886
4.48010397 0.14889897
3.13733983 0.17458375
3.86553788 0.14493112
1.80580020 0.24118079
4.29224396 0.15832143
4.29378605 0.17039055
1.82665873 0.25517258
4.54720402 0.14411996
4.08786869 0.18820238
3.49800658 0.16703504
4.15532494 0.13396023
4.09903860 0.13317452
4.04186630 0.14224342
2.93814135 0.19058241
4.25917387 0.12198278
4.03045321 0.12213854
4.26239443 0.13489647
3.58273292 0.14110304
2.99900889 0.15669017
3.44736457 0.14927678
3.92520642 0.15304480
4.08926868 0.18033725
1.81927383 0.26513815
4.55850840 0.16590099
2.79294038 0.18082826
1.90372694 0.23630251
3.74920654 0.14923193
3.98300719 0.15239798
1.92635155 0.21385789
3.52597499 0.13809435
3.70021105 0.14012606
4.19087791 0.12410591
1.82991028 0.25593987
3.75759554 0.17430609
3.94669151 0.14434360
3.68497229 0.15075140
4.45000458 0.16058470
3.57131505 0.15899956
4.44830418 0.14535920
4.39631319 0.14261524
4.29407215 0.13043545
4.17303467 0.13106437
4.36851168 0.12846397
3.30103564 0.18627264
4.00521231 0.18765397
1.85628867 0.20770532
2.99953413 0.15685327
4.41409588 0.11799898
3.86366844 0.18083678
4.35625601 0.13372238
1.79584336 0.22392766
3.75213122 0.15144674
4.51379824 0.13846625
3.88622260 0.15613997
3.79148412 0.18670839
4.42317247 0.16753572
3.85289669 0.16437992
4.42813921 0.15193109
3.17068863 0.18713208
3.86599207 0.16985457
4.07034445 0.15880434
1.84407139 0.27673402
2.92805624 0.20689999
4.29922295 0.17678986
3.39940596 0.14766391
4.01358032 0.12819670
4.30812836 0.12740472
3.76236463 0.18422054
3.85784340 0.16844825
4.41425419 0.15969317
3.99290705 0.16788816
3.97921991 0.17116427
3.51635456 0.15336986
3.82088065 0.14424185
3.20431709 0.15574127
4.22882938 0.12512733
4.18565464 0.12232132
1.84219110 0.21969730
1.90409291 0.21170206
4.08084488 0.12480488
1.85144782 0.22979821
1.87490392 0.22626269
3.62457991 0.17893620
4.57192230 0.15442669
3.03548050 0.15522969
1.87781429 0.20424213
3.99260688 0.15223958
1.93414080 0.21314567
3.80428195 0.15703727
3.98227334 0.15592323
3.72077894 0.17271613
2.82418489 0.18296005
4.37113810 0.15257899
4.35166264 0.13870205
3.36964512 0.18371917
4.50556564 0.15170835
4.35916758 0.17306672
3.70932913 0.15634148
3.99604392 0.13610101
3.49580097 0.14569734
3.37091827 0.14065717
4.17683125 0.12058020
3.95110416 0.14742589
3.49507499 0.16616760
4.34666157 0.18318856
3.94620180 0.15491880
3.55674028 0.18553001
4.49019670 0.15356719
4.35599136 0.12132622
4.44393826 0.11810190
4.50071526 0.12843159
4.11527348 0.12197945
4.01351833 0.16089480
4.28962326 0.16137190
3.13137650 0.19036795
3.47932100 0.17069554
1.76391494 0.25670254
4.10414743 0.12706681
4.27586985 0.12611973
1.87016118 0.21357302
4.05192423 0.12562139
4.20446253 0.12607241
1.85809052 0.21376903
4.11530733 0.12765305
1.85042965 0.20598356
4.53962517 0.12352282
3.52207184 0.14785248
3.56310844 0.18388569
4.51227236 0.18096668
4.38356209 0.12923922
3.88918591 0.14303438
4.16840458 0.12885697
3.19877481 0.15693577
3.66878939 0.14344209
1.76395428 0.22836381
4.46318245 0.12878484
3.80133367 0.15146406
3.68598509 0.15491137
4.35639524 0.14862727
3.43794227 0.17139553
3.26439810 0.15099570
3.94808960 0.13102470
3.99489331 0.14385425
3.88203454 0.13088074
1.79963040 0.22753251
4.46807575 0.13165347
4.57444525 0.14426219
3.73722553 0.14246057
2.93797398 0.16872095
4.32380152 0.13436773
4.46907616 0.13678430
1.86189294 0.23307665
3.96811724 0.12979630
4.31801462 0.12628306
3.88983250 0.17194331
3.57906938 0.15616317
3.99042797 0.16697907
4.33192348 0.15745033
3.94835329 0.18668203
3.92479515 0.17449565
3.36838126 0.17557053
3.74045348 0.16515934
3.96173763 0.19618809
3.65089512 0.16460252
1.77223575 0.26862642
4.17530918 0.12443029
3.36650538 0.14228737
4.38803005 0.12043583
3.50465322 0.14599217
4.33123589 0.12619962
4.16251707 0.13789867
4.36887169 0.12490930
3.71974516 0.14749359
4.51645565 0.15581514
4.40872717 0.14124620
4.10114861 0.12724735
4.27350140 0.12630820
1.86890280 0.21383242
4.04984379 0.12579100
4.20122290 0.12626062
1.85600150 0.21409245
4.18405342 0.15775672
3.66533518 0.14774674
3.89101768 0.17228334
3.57444143 0.15638016
3.99546003 0.16728006
3.90233445 0.13919498
1.83953595 0.22242917
3.82203007 0.13976660
2.89253426 0.16897404
4.00951195 0.13319302
4.20705462 0.13189141
4.39908838 0.14273542
4.44934940 0.13050126
3.98447824 0.14330192
4.31046247 0.13926126
3.53912878 0.15115520
4.47897387 0.15901822
3.98010826 0.16049981
3.86974406 0.14574766
1.85806561 0.23154724
3.87348151 0.16458063
4.22998333 0.15624060
3.57420325 0.17857774
3.73366928 0.15347666
4.47413015 0.17188482
4.39413404 0.17197406
3.43378663 0.15438373
4.36800766 0.14518940
1.90102458 0.21933466
4.13723707 0.12376133
4.05408192 0.12481308
4.52525425 0.14644660
3.55841470 0.15648647
1.81027830 0.23651458
4.54055452 0.12955692
4.15490913 0.13029702
3.83113146 0.14712374
3.40301800 0.16365248
1.82197928 0.23580639
3.95356345 0.16443215
3.73254037 0.17897741
4.32222795 0.16751866
3.90172267 0.17638654
4.26082993 0.12279884
3.96768355 0.13121188
1.77841592 0.22097449
4.11533689 0.15937348
3.85199976 0.18600111
3.81751537 0.18318349
3.70629168 0.15899639
4.51660633 0.18127505
3.92101145 0.15384807
3.81742167 0.13854453
4.32470512 0.11938762
4.00687170 0.12614772
3.42571211 0.13633731
4.50372696 0.12062454
3.11775732 0.15285757
3.16244864 0.14708322
4.15472841 0.12702636
1.93734360 0.20009218
4.44570446 0.13059507
4.25996971 0.13217579
3.89528751 0.13833193
4.52826643 0.14701885
3.89783597 0.14920159
3.86128378 0.16909111
4.19742584 0.14348103
3.68305659 0.14084412
4.22805119 0.14729422
1.86304665 0.23514073
3.55123425 0.16909617
3.86365366 0.14183636
3.78850365 0.14303999
3.55967546 0.16891497
4.43881416 0.13449956
3.47783518 0.14925636
3.25456643 0.16501874
3.89211392 0.20084028
3.66474390 0.17485531
1.81040394 0.26448810
3.82448792 0.16104537
4.34965277 0.13511388
4.45562458 0.13768937
3.48724461 0.16628645
4.43845224 0.13449813
3.47811365 0.14925958
3.25509763 0.16501845
3.26771975 0.15882657
4.02744436 0.13201535
4.05788088 0.12585263
4.04949570 0.13177545
1.87281382 0.21786666
4.46537638 0.11882686
4.55526829 0.11728769
3.55499887 0.13426645
4.56619596 0.12151863
4.46797752 0.13250516
3.22477555 0.16504508
4.33923721 0.13637197
4.34794855 0.14657263
3.47058415 0.15229073
1.91466522 0.22744673
3.16214299 0.14708351
4.15480804 0.12702525
1.93985724 0.19991662
3.80486393 0.15680769
3.70159793 0.13480328
4.01425743 0.13292365
3.66946721 0.14318620
3.12416649 0.16274510
3.82252669 0.14190297
4.19158030 0.12138345
4.48254395 0.12133007
4.21338224 0.12791441
3.32249451 0.14245582
1.89238703 0.20251274
3.16297102 0.14705069
4.15313005 0.12699631
1.93629408 0.20014526
4.14773893 0.12347740
4.06543875 0.12451673
4.51496410 0.14594544
3.89477468 0.16920352
2.92057443 0.19613624
3.90868807 0.14826825
4.12932730 0.13788524
3.96887350 0.13666715
1.85209048 0.21055885
3.85234904 0.17547637
4.46755505 0.14969762
3.46901226 0.17580211
3.66153097 0.15713274
4.42999077 0.15118913
4.48723030 0.12518127
4.29895115 0.13323201
3.57658625 0.13920346
4.34856319 0.13299793
4.39718246 0.23976345
4.00912476 0.21036769
4.41990471 0.24789155
3.10433412 0.20356102
3.83907557 0.17659980
3.82770681 0.18966490
3.71948195 0.18954174
1.80789518 0.25522813
3.98684645 0.17732130
4.32853556 0.15894397
4.07717609 0.16129519
3.05880356 0.17064457
1.85482013 0.23769939
1.84448063 0.23828351
3.77800560 0.19907737
3.88698387 0.18619691
3.87340808 0.20318323
3.19473600 0.21967965
4.57246971 0.13440062
3.04469538 0.16475692
1.84399390 0.22409153
1.86031306 0.23145038
4.04631758 0.17762612
3.19868302 0.18232512
3.73760128 0.16312261
1.83793616 0.21556127
3.09870076 0.16807590
3.88809180 0.15269600
3.72647691 0.15881258
3.22163010 0.17583258
4.10260773 0.17521311
4.26802540 0.13977987
4.35703850 0.15263928
4.03361654 0.15459470
4.32351589 0.15916093
4.07887411 0.16153908
4.04072046 0.17838015
3.19354081 0.18293422
3.05756545 0.17113668
1.85124171 0.23838411
1.84181392 0.23896761
3.90765667 0.16041972
3.07885146 0.16903861
1.84937632 0.22282499
3.73122287 0.15862681
3.21489215 0.17573039
4.10034752 0.17497639
4.56423807 0.13463292
3.05124688 0.16484793
1.84266579 0.22460906
1.86363864 0.23144011
4.36605263 0.13068545
3.94441485 0.14860819
1.86109078 0.22185184
3.14420795 0.16231586
1.86450279 0.21451032
1.85978675 0.21382408
1.84439981 0.20820542
1.78220057 0.23897158
3.64422584 0.16963945
3.83773303 0.16376136
3.97115827 0.17153172
1.88693094 0.22332077
3.96612692 0.17710578
3.12579584 0.16243590
3.88495564 0.18672682
3.81641698 0.16288105
3.86088395 0.19067033
4.47580767 0.15495183
4.43145323 0.17686498
3.53170633 0.17555393
3.23389482 0.16628642
1.82844567 0.22417299
3.99017763 0.14598517
4.01947165 0.14102030
4.51850748 0.16362201
4.51881266 0.15936573
1.81817198 0.23728029
1.85003042 0.23740906
2.99453449 0.17389320
