4.28681564 0.19642210
4.07488394 0.18387133
3.42876840 0.30835792
4.64356375 0.20438735
3.05224752 0.30729702
3.98819709 0.18595292
4.23579216 0.20718038
4.40466738 0.16978788
4.30124664 0.24424423
4.50264931 0.22854285
4.12946701 0.20330107
4.31103516 0.18483807
3.23787642 0.28117910
4.60173464 0.20282684
3.83936763 0.28155980
4.08790207 0.21973659
3.86194754 0.19841450
3.20512509 0.28116712
4.40036726 0.19057713
4.57234526 0.20757157
3.53562212 0.28241745
4.35230112 0.17887776
3.37949014 0.28982511
3.83920193 0.28180829
1.85146868 0.25453034
3.85859394 0.21931541
3.85183716 0.23330440
4.30903578 0.22192298
4.10034513 0.25211126
3.03043485 0.28706840
4.16398954 0.20431316
1.83880329 0.24521911
4.02799225 0.25621775
3.39745307 0.30023733
4.49879551 0.24333942
1.94822395 0.25448921
4.02630854 0.23000331
4.35685349 0.25900897
1.87362111 0.24008282
4.18569279 0.26470912
3.08448195 0.29724199
4.18493652 0.17475791
4.34263182 0.26939619
1.77329528 0.24543875
4.35949707 0.24646407
4.33186102 0.20793571
4.42871428 0.23433571
3.47687626 0.29083583
1.89444566 0.24996553
4.42570257 0.17804481
3.82271123 0.28258801
1.83647370 0.23908442
4.29770231 0.18183196
3.16778970 0.27119157
4.33242846 0.17748319
4.37242651 0.21799220
1.82911634 0.21337007
3.72596574 0.28283465
1.85093629 0.26690668
1.88733387 0.26544455
3.86874843 0.24384533
3.56892228 0.29643968
3.79081202 0.26075247
1.93252003 0.26342764
3.47134972 0.27389666
4.48408794 0.25997946
1.86658216 0.25947368
3.81400180 0.28388467
4.36891413 0.19706877
2.90208268 0.29972133
1.81979668 0.22427066
4.46930885 0.15494211
4.03415966 0.23106776
1.85318017 0.23708324
4.48869801 0.23393071
4.45095205 0.17196988
3.75919199 0.26879710
4.45148230 0.26071712
4.22204781 0.23091894
4.13514137 0.27094948
1.81604791 0.26624212
4.47809410 0.26016721
3.17829585 0.30663890
3.66875482 0.30963212
4.00811577 0.25199339
3.28416586 0.30980489
4.44035435 0.22539203
1.80473089 0.25315228
3.47397447 0.29562807
3.91232705 0.25917393
4.33954000 0.25742671
4.39636660 0.26421833
3.40033746 0.29506758
1.80699265 0.24027263
4.31814289 0.21368460
3.83093643 0.21883915
3.46811557 0.30293882
3.71972871 0.28313357
1.85187244 0.26693022
1.88197422 0.26447612
3.87333536 0.24311410
3.56628203 0.29641068
3.78919578 0.26094323
4.33673191 0.14853348
4.09131956 0.19843532
4.13770819 0.27065149
1.81625247 0.26624662
4.47835159 0.26009095
3.17280197 0.30668181
3.67162085 0.30955055
4.24945354 0.26875880
4.16249514 0.24973772
1.86233556 0.24924727
4.22435379 0.27612451
1.87266910 0.24473505
4.14222431 0.24296363
3.95082450 0.23738046
3.42134380 0.27838781
3.90782285 0.24952579
4.07401705 0.23007287
1.88248432 0.24099554
3.27620792 0.29170984
3.92702889 0.29273680
3.45617604 0.30411568
4.35496426 0.16636147
4.16389561 0.20904410
3.55749369 0.28054592
1.85723209 0.22128426
3.78055549 0.24225074
4.45914555 0.25067466
4.19902515 0.26098138
3.54170585 0.29580587
4.18671751 0.22034706
3.75813079 0.29948184
1.82408965 0.25814167
4.45902634 0.17967290
3.67759109 0.26722699
4.32508612 0.14664298
4.45933580 0.18781865
3.95781469 0.26893261
4.40431690 0.23925836
4.36447239 0.27620003
3.86694813 0.29180706
3.77120471 0.26084676
1.83852625 0.24393801
1.86186373 0.26468489
3.60075116 0.30751169
1.89520729 0.25791362
1.86044991 0.26437172
3.59753561 0.30759105
1.89950728 0.25878844
3.83237457 0.30923936
3.96119046 0.28901771
4.60440588 0.22493924
3.50505948 0.30685252
3.81982660 0.24629532
4.08060312 0.26768273
4.22250509 0.25702307
4.31194973 0.26757199
4.46548367 0.23676668
3.84742951 0.29859295
3.77982211 0.27899292
4.41363001 0.26036584
4.01840019 0.27408332
4.27457619 0.23087908
4.29107189 0.22119920
4.36462593 0.20830406
4.29533434 0.18451057
4.24185514 0.22394697
4.33495092 0.26890144
3.06196380 0.30951333
4.63446951 0.22330618
3.90425372 0.28837624
4.27303362 0.21543904
3.79782367 0.29778072
1.82216489 0.25423044
4.01732111 0.24303424
4.44700336 0.25274938
3.62167573 0.30774781
3.38391089 0.30427909
4.01946592 0.26181239
3.40423155 0.31057844
1.82182789 0.25282452
2.81245852 0.30442050
3.56982183 0.31304678
3.69909167 0.30438617
3.97305012 0.27307996
4.43037987 0.23978700
3.47868681 0.30864170
3.24981666 0.29615751
4.48482513 0.25956205
1.86658382 0.25564638
3.76815295 0.29938170
2.86563826 0.29612225
4.34978104 0.23884194
3.57168913 0.31300953
3.70170641 0.30427191
3.97990322 0.27238479
4.21015263 0.25768760
4.19691706 0.28121156
1.83823025 0.24814278
4.17070627 0.24884097
4.02874947 0.25690791
4.42814779 0.24016820
3.47952151 0.30867454
3.24697113 0.29621649
4.48851919 0.25926027
1.86847210 0.25613672
3.63077354 0.29397976
4.36725998 0.23982048
4.48456001 0.23624943
1.84191394 0.24763437
4.47762156 0.25654396
3.11177468 0.30380875
3.76041079 0.28328648
3.93327475 0.28486684
3.70597839 0.29312062
3.81988072 0.23839568
4.21618748 0.23764355
4.14940596 0.24469788
1.87185228 0.26291063
4.21388388 0.27145404
1.87354279 0.25734499
1.86337888 0.26504409
3.60335040 0.30749974
1.89564037 0.25805658
4.34751225 0.22007729
4.38519955 0.23969720
4.47996759 0.22219174
3.71436524 0.28930071
3.65744972 0.30268168
3.66973948 0.26438826
3.63714361 0.27847165
3.63127685 0.29397574
4.36651373 0.23992406
4.48608732 0.23606856
1.84021389 0.24730706
4.47604084 0.25666979
3.10918260 0.30387324
4.34488153 0.27470073
3.92094350 0.28331962
3.85593104 0.24870251
1.86097765 0.24150319
4.42947197 0.24009436
3.48027158 0.30867854
3.24857998 0.29618415
4.48837852 0.25933555
1.86956918 0.25638756
4.59198141 0.23012815
4.46827221 0.22493429
3.93993449 0.22684483
4.41262436 0.18635333
3.88178015 0.30840641
4.25103521 0.25887194
3.03792405 0.29886937
3.81770897 0.29261342
3.61953735 0.25792250
3.03487301 0.29046047
4.53642845 0.17287017
3.61980677 0.29470739
1.87277448 0.24219729
1.89472759 0.24096961
4.47994184 0.25166968
1.89573526 0.25098619
4.20075560 0.22822379
3.67577744 0.29161787
3.77857375 0.28052399
4.54606438 0.16004585
3.63873386 0.25583273
3.93049717 0.25558767
3.78730893 0.27150536
4.61772108 0.21921761
1.83918023 0.25087443
3.72599411 0.29947498
4.37681055 0.19399899
3.82570362 0.22439407
3.01707625 0.29248795
4.40780687 0.18962049
3.88994431 0.20850623
1.83317590 0.21557699
4.16673899 0.25533339
4.24448109 0.23400825
4.00109863 0.29202893
1.75601590 0.26635134
3.80527592 0.28955346
4.36000156 0.18563001
3.45364141 0.30506670
3.72669888 0.29012042
1.77740943 0.23866294
1.74025977 0.25580409
4.52501011 0.23777163
3.66408491 0.30455449
3.13384962 0.29579294
1.84423923 0.23987718
4.07734251 0.21822238
4.09586763 0.25799903
1.77423704 0.25907478
4.28593111 0.27527547
4.45142984 0.16818547
4.62030554 0.20658374
4.51185131 0.24540861
4.31181288 0.26060149
3.61440277 0.27808380
3.87642789 0.25025687
1.82705128 0.28116092
4.61746883 0.16326414
3.77973223 0.30091086
3.76339602 0.30127993
4.12759018 0.20234996
2.67828059 0.29560167
4.21411467 0.22607033
3.38685441 0.30722696
1.88715732 0.24057348
1.88429224 0.24227379
4.10284090 0.22837824
4.31277466 0.26060861
3.61075425 0.27835229
3.87692213 0.25029764
1.82835352 0.28152820
4.39575338 0.25232580
1.86613798 0.24167548
4.16996145 0.22527678
4.43858051 0.22261558
4.57273626 0.16022365
3.81610274 0.26832569
3.55633426 0.28732336
4.32489300 0.24163216
1.83143342 0.26214293
3.67849612 0.29283568
3.59555745 0.27774686
4.44557810 0.17577523
4.17363930 0.23496108
4.05416393 0.24886544
3.99978471 0.20688456
1.83986557 0.21703617
3.18117213 0.27227575
4.35316277 0.25558025
3.22264385 0.27501798
1.80546165 0.24099346
4.31110620 0.25682580
3.66114807 0.30463064
3.13327885 0.29587701
1.84138095 0.23914464
4.07527542 0.21873808
4.09623623 0.25829157
4.11855316 0.27575672
4.10955000 0.27864522
4.15521860 0.20688550
1.84160745 0.25179842
4.06088972 0.27009282
4.24329472 0.22691198
3.70080352 0.28409392
3.52173185 0.30959532
4.47887611 0.22135462
3.10011506 0.26079127
3.76301312 0.20474453
3.38531828 0.30719939
1.88564086 0.24026757
1.88564837 0.24253392
4.09929991 0.22926240
3.61589980 0.29477927
1.87317848 0.24231313
1.88724375 0.23920059
1.76654434 0.25906497
4.02858257 0.29777619
4.47592163 0.17794549
4.53033590 0.13813323
4.42070913 0.21512526
3.72478938 0.29044357
3.99652100 0.20374139
1.86816978 0.22169621
3.82815695 0.21890515
3.61999154 0.29471305
1.87111139 0.24183555
1.89598405 0.24137156
4.43772411 0.16086595
4.43400717 0.20820494
4.10050297 0.19951023
4.24822092 0.19312869
3.20660377 0.28645039
3.97384501 0.24037765
4.18117380 0.24290513
3.52601480 0.31497702
3.88776016 0.28714061
4.14940882 0.20703731
4.47647142 0.25193474
1.89220655 0.25013849
4.19767475 0.22861923
3.67395806 0.29154816
3.77964091 0.28038707
4.44486809 0.22063100
1.82252347 0.24741060
4.44886971 0.23706622
3.89383817 0.24193436
3.25294185 0.30306691
3.13068843 0.29339442
4.36928511 0.21264076
3.70910192 0.26205501
4.50413322 0.20940758
3.99735570 0.26203296
4.52742004 0.17593379
1.84785497 0.27872527
3.73135734 0.25761452
3.36424422 0.29327306
3.91931105 0.23506971
3.99657297 0.20320737
4.17813110 0.21711273
3.22508907 0.27275774
4.06201696 0.20681681
4.47653389 0.19365557
1.89458597 0.25073183
3.26923060 0.28461072
1.85352278 0.25194946
4.47889090 0.19328626
3.43062663 0.28077516
3.78942704 0.28693396
4.41294336 0.17817958
3.35477066 0.30229008
4.04380608 0.22756527
1.82639420 0.26116511
3.37983418 0.29370075
3.95913935 0.23764856
3.74097252 0.24947000
1.81151283 0.24052113
4.44954157 0.19310059
4.41914463 0.15490864
4.46550989 0.17436469
4.01799965 0.20109183
3.47400165 0.27707848
1.87230802 0.26497665
3.96216726 0.24088021
4.14522266 0.23421814
1.94665217 0.26509666
3.34545088 0.30099416
1.89242566 0.26631555
4.12142658 0.24013053
3.47917604 0.29032874
4.55925846 0.17624317
4.06060791 0.22297992
3.86518645 0.27512574
3.83433557 0.27835777
1.84245205 0.25645176
3.96226454 0.25839666
1.85756922 0.26052859
3.53601170 0.29642716
4.02238894 0.21601208
4.13549042 0.18571551
3.12565327 0.30357489
4.19012499 0.23534846
1.90107882 0.25640491
1.93188763 0.26093921
1.89075363 0.25968394
3.53112125 0.30471721
3.77436304 0.28134277
3.59682250 0.29712179
1.83291006 0.27038690
1.86575902 0.27581427
4.61723709 0.17797959
3.90497446 0.25340489
2.89116526 0.29927379
1.86427319 0.26694688
1.82794356 0.25856695
4.55578184 0.17020196
4.55311537 0.17537695
3.42637658 0.29690722
3.47868848 0.28997520
4.54916716 0.17756134
4.07051945 0.22130565
3.88042665 0.27331546
3.82646537 0.27860522
1.85132861 0.25794286
3.96487904 0.25798050
1.85308468 0.25941050
3.52115417 0.29682109
4.51720858 0.15865849
3.75805902 0.26169363
4.61864090 0.18728083
3.09623075 0.30675760
3.73414040 0.25133592
4.32572031 0.23391843
1.81627500 0.23212068
3.86013150 0.24810874
1.88151360 0.27776772
3.63557816 0.30122682
1.88130128 0.27680349
4.23784304 0.24866961
1.92583501 0.27769372
3.14531016 0.30849281
4.51362991 0.17820878
4.41747141 0.22641705
3.48538446 0.28865713
1.87753916 0.26261011
3.79467463 0.28676331
3.51200914 0.29692304
1.86661971 0.26120082
4.08330202 0.23852025
3.90367126 0.28512418
4.42165136 0.24572998
3.71356487 0.28835768
1.83401239 0.27695322
3.44150114 0.29196239
3.64987636 0.27101043
3.92061996 0.25201499
4.62628031 0.17425291
4.60937262 0.18192893
4.10297537 0.24479355
3.76550269 0.24903364
3.41898108 0.30465585
1.84119248 0.25144121
3.83355093 0.25622407
2.85749483 0.30623636
3.52345896 0.30478653
3.77367926 0.28143141
3.60824108 0.29682276
1.83536959 0.27078700
1.85376835 0.27341262
4.62144279 0.17735384
4.52022362 0.17761171
4.40740395 0.22795285
3.48103380 0.28935564
1.88829839 0.26500931
3.80524158 0.28653726
3.53009629 0.29643670
1.85574961 0.25938547
4.09708405 0.23712213
3.88685322 0.28644118
3.99769354 0.20286644
4.17812634 0.21700136
3.22597051 0.27266207
4.06278276 0.20651101
4.47801876 0.19336838
1.89584649 0.25111568
3.27056050 0.28452751
1.85541964 0.25242171
4.12612963 0.22722392
3.06416297 0.30010846
4.14123297 0.24576761
1.90671337 0.25155425
3.16640139 0.30419406
4.19737768 0.22652209
1.85855687 0.26103494
1.87385333 0.26528695
3.96156454 0.24088229
4.14896822 0.23369761
1.94230747 0.26432988
3.34459949 0.30103382
1.89686871 0.26717564
4.12773800 0.23913960
3.27740955 0.30712453
1.94230020 0.26019639
1.91064787 0.27499688
1.87003446 0.26442480
4.09859991 0.24484424
3.92288208 0.27039886
4.00603819 0.25786224
3.24505258 0.28706667
1.81245542 0.24425100
4.55311346 0.16242614
3.48225188 0.28753725
3.94693685 0.25259089
4.01483297 0.21708097
4.12655067 0.18708581
3.13564277 0.30328804
4.19637489 0.23466246
1.90431476 0.25702727
1.93930984 0.26227018
1.88453746 0.25846010
1.88369477 0.27813053
3.63937807 0.30115369
1.88501215 0.27744511
4.24069977 0.24821730
1.92429376 0.27742398
3.14535093 0.30847695
3.47384834 0.27703056
3.46276331 0.27952194
4.44927311 0.18625444
1.81282985 0.25351015
3.88068891 0.26463637
4.07308865 0.24265681
4.48076534 0.18898696
1.85071003 0.23769177
4.15656567 0.24930777
2.93023634 0.30569777
4.22991085 0.22353943
1.86109698 0.23226847
3.88047147 0.24819922
4.59283304 0.14036651
3.86377931 0.24612409
1.87542927 0.23379813
4.59120464 0.14904520
4.57876301 0.14908330
1.84805119 0.25616327
2.77953100 0.30447865
3.89716506 0.23884134
1.78043079 0.26418245
4.28480434 0.23538339
3.15257454 0.29815540
4.44673777 0.19524759
4.50802755 0.21736729
3.62468028 0.28311369
4.25454283 0.22133605
3.60780430 0.29180402
4.28776979 0.20330019
4.49346495 0.12394045
3.09727407 0.29925507
3.72342157 0.28664675
1.78645849 0.25056604
4.29002523 0.18362069
3.88321209 0.24350609
3.79997396 0.24397810
4.13828135 0.25828370
3.92687082 0.27564418
3.91248107 0.24465609
3.47728586 0.28673151
1.80402207 0.26360941
4.46943569 0.20061272
3.95599961 0.25936696
3.96071053 0.24958485
1.80547023 0.26983151
3.40211678 0.30096421
4.07596302 0.25164130
4.38737106 0.22164024
4.12256432 0.24560787
3.29668880 0.27846402
4.07185555 0.26670760
4.42922449 0.18713175
4.18796873 0.20271558
3.68147850 0.30174452
3.91697598 0.26781470
4.28294802 0.24846202
4.42911577 0.17814732
3.50082207 0.27233264
4.10211754 0.25293419
4.16807413 0.25369665
4.38202524 0.21420397
3.99327612 0.25425205
4.50239992 0.16752720
1.87193787 0.25517398
4.25787163 0.24987294
3.02523327 0.30564010
4.13947010 0.23941761
4.06981039 0.26039094
1.87925303 0.26226857
3.17997408 0.29875258
4.58887434 0.19839196
1.93319845 0.27171329
1.87066042 0.26918960
3.58169770 0.27753559
1.74404275 0.24402906
4.36048174 0.21514815
3.10562062 0.31460536
4.31232500 0.20387423
3.06534481 0.30074653
3.75243163 0.30141535
4.02649641 0.28907520
4.26058149 0.19832443
3.97631717 0.22674870
3.51405549 0.28242296
1.78739595 0.24423046
4.28732109 0.21961792
4.54018068 0.20691694
3.99736118 0.21458472
3.74861670 0.24584879
1.90286636 0.26859781
1.91251802 0.25644997
3.22252011 0.30205157
1.89837432 0.27339637
4.10764599 0.26084590
4.14045238 0.24044470
3.54162073 0.31267598
3.57684255 0.29373774
4.14199352 0.22352265
4.01392460 0.25651866
3.25384855 0.30660698
1.84819794 0.26527956
4.17328978 0.24266548
3.91770172 0.26645091
3.98237491 0.25574768
1.84421146 0.24374543
2.94356441 0.30412766
4.45320845 0.21540548
4.07714081 0.24796130
4.12150002 0.22552718
3.41569185 0.31496802
4.61839485 0.23860121
3.92628884 0.25665042
1.87458503 0.25564805
4.25588369 0.25007322
3.02663326 0.30562493
4.14257336 0.23890544
4.07287455 0.26002139
3.26093721 0.29904196
4.16488361 0.26074395
4.16652632 0.27835053
3.25206637 0.30223131
4.14518309 0.21011966
3.99924302 0.24400012
4.09305286 0.23724680
1.80945492 0.25159609
4.43041992 0.21291518
3.61601591 0.27557376
3.14788127 0.28440753
4.10787773 0.26080510
4.14169073 0.24032009
3.54115343 0.31267634
3.57681894 0.29374993
4.14471865 0.22316401
4.11183929 0.24388736
3.15462184 0.30879113
4.36587381 0.25073507
1.88672459 0.24764393
1.84401560 0.24468957
4.17842484 0.23323546
4.12776184 0.23394930
4.12723684 0.22052211
3.57960725 0.30423501
4.36370611 0.23844494
3.50095987 0.29067525
1.87228870 0.25517339
4.25582218 0.25000319
3.02518249 0.30562326
4.14058971 0.23924172
4.07080030 0.26028365
4.01689768 0.25600082
3.24964476 0.30668533
1.84392011 0.26432136
4.16665983 0.24335219
1.88117266 0.27426019
1.86948669 0.26489356
4.10588646 0.23838593
3.20979309 0.30559656
4.42135763 0.14423856
4.17387438 0.13657095
4.46943092 0.15383042
3.61217332 0.24327083
4.51842737 0.12509416
3.24416327 0.21495433
4.50163984 0.13368416
1.87517309 0.26129183
3.18368745 0.29872134
4.58199310 0.19949818
1.92626977 0.27043808
1.87433898 0.26983854
1.89528549 0.26743060
1.91658616 0.25728217
3.21580243 0.30226102
1.89906156 0.27350417
1.87613475 0.26161167
3.17962408 0.29886016
4.58526134 0.19900267
1.93002331 0.27113596
1.87009561 0.26908854
3.50589895 0.29172817
3.85851717 0.27897581
4.14188004 0.19745773
3.86365747 0.28470466
4.28645706 0.23860578
4.27413940 0.16015516
4.27106810 0.15890421
4.33517838 0.14629240
4.53964615 0.12465078
4.51683283 0.17630249
4.15334749 0.12338116
3.64543724 0.26899680
3.83896637 0.27506891
4.59647942 0.21652840
3.60027504 0.26431563
4.47693014 0.17321126
4.02577400 0.28333524
4.05851364 0.24740998
3.53100753 0.26711321
4.14439440 0.21633713
4.07123327 0.23676296
3.90792179 0.26766750
3.98579884 0.25598204
1.84096003 0.24357770
2.92936277 0.30444881
4.44701576 0.21669805
4.32651567 0.25032723
3.90553784 0.27808869
2.87504911 0.30695200
4.52894163 0.16464968
3.59970999 0.28991944
3.09353757 0.30241632
4.32294035 0.23315929
3.78624797 0.26824632
1.87230551 0.24564464
3.59383178 0.28006408
4.33177948 0.19747521
4.12104034 0.20617051
4.42124701 0.15337616
4.35971165 0.16329570
4.29205418 0.20643203
1.86875153 0.23907638
4.19949341 0.22523440
3.42328238 0.31875584
1.80618358 0.27320632
4.04872131 0.28999558
3.85597515 0.26544413
4.49856997 0.22938193
4.15910244 0.24921863
3.66706276 0.28503555
4.55545759 0.23531349
3.63901615 0.28818265
3.15644073 0.30218720
4.54866219 0.18152390
3.61983562 0.29736409
4.45830441 0.21996605
4.28933764 0.19642335
4.47668362 0.19279476
3.77910423 0.27489176
1.79263353 0.26596987
4.33906984 0.21706085
4.25393105 0.20221223
1.81387186 0.27357784
4.56593132 0.20257802
3.83324504 0.30332190
3.49086070 0.29773310
1.81594920 0.28281972
3.52536416 0.31476593
1.88463092 0.28293869
3.70440149 0.30959973
3.92057276 0.25285608
4.41708469 0.21752699
1.79739833 0.27377814
4.41317081 0.19049984
4.15172482 0.25292408
4.52331924 0.21148051
3.39752746 0.31004229
4.48404789 0.25028923
3.78416109 0.26449731
4.37237453 0.24206412
1.83645344 0.27567682
4.05437899 0.27841404
3.94140029 0.30753770
3.70718098 0.29699156
4.53906870 0.20663308
3.82427406 0.30231196
3.52265763 0.29449806
1.81209755 0.26560572
4.25552940 0.27420685
3.38950229 0.31431922
3.46053100 0.31304625
4.56658554 0.18649960
4.49293327 0.23251438
4.49304008 0.25387067
4.09354496 0.19997178
4.27870274 0.22531249
1.81835437 0.28318042
3.52370334 0.31474048
1.87960398 0.28210074
3.69918585 0.30969664
4.17690229 0.26746574
4.16210890 0.25251815
4.21700859 0.27946389
3.01512313 0.30843309
4.59771442 0.15272254
3.63939738 0.30211911
3.09739041 0.29331291
3.73784542 0.27650312
4.11716938 0.24497211
4.44055271 0.23249634
1.87050617 0.26448348
4.46674967 0.24847317
4.13526344 0.27627021
3.68912554 0.30765265
3.35605836 0.29185852
4.25927925 0.22558135
1.79667008 0.26372173
4.38714457 0.23175375
4.44912720 0.18348198
4.60655928 0.18628742
4.46967459 0.21591842
4.50663757 0.21304469
1.85070205 0.25489244
3.75147939 0.28552893
4.51044273 0.21685563
4.19806290 0.23126705
1.85587692 0.23261519
3.40689135 0.29413968
3.26728368 0.30135635
3.97425056 0.23161317
3.64428234 0.26830804
3.82331228 0.27587050
1.82130802 0.25384593
4.34507799 0.20142190
4.45776844 0.11566975
3.52086878 0.24547334
1.84547806 0.21060257
4.58145857 0.12713137
4.13083458 0.13791348
3.56086612 0.22503631
4.42883825 0.21392505
3.30734062 0.29425171
4.23489761 0.21409577
4.33195305 0.20565154
4.43794298 0.19770743
3.24755764 0.30459541
3.34930539 0.29440233
4.22099304 0.19402206
3.87947917 0.30266860
3.90638208 0.29067531
3.60092688 0.29538900
3.85206151 0.22275215
3.51276875 0.29421327
3.74692464 0.23753844
3.33929014 0.30086300
1.86426377 0.23211072
1.85902894 0.25986061
4.42030382 0.24572657
3.28004265 0.29653117
4.63285303 0.23176633
1.87874210 0.26215050
4.03495693 0.25777230
4.27157068 0.20334937
3.97148252 0.22674300
3.31628060 0.30635938
4.26752424 0.23076494
2.88545990 0.29211089
3.80977416 0.26033452
4.60029125 0.15892945
4.32363749 0.23397766
4.01623678 0.26632074
4.13408852 0.26482269
4.00562906 0.26134053
3.38272333 0.28465036
3.97873712 0.24597025
3.91203427 0.25882933
1.85793483 0.21696179
3.91143870 0.23921667
4.07974339 0.26612815
1.85608089 0.21119954
3.88290930 0.26225814
3.71138287 0.30926853
4.48928547 0.22393461
3.14790177 0.31189522
4.58965826 0.23401861
4.05219984 0.26946157
3.60561681 0.24988239
3.04418492 0.30978611
4.58419514 0.20454822
4.38696289 0.19637541
4.25185633 0.18389654
3.46664310 0.30165634
4.43758488 0.23278831
4.52655315 0.20711367
3.99435210 0.22780271
4.28581095 0.27006662
3.92258573 0.26474366
1.80809581 0.23880631
2.73858523 0.30631524
1.79207051 0.25570729
4.63255501 0.23244710
4.14859200 0.27257010
1.74755514 0.25397715
3.50874949 0.31125808
3.72574067 0.26271275
1.82422245 0.26900941
3.50798559 0.30167872
4.48596573 0.25276750
4.11379242 0.23728782
3.50500083 0.29299173
1.79504418 0.25624382
4.10360765 0.24092986
3.84751010 0.30306986
2.82967401 0.30610088
4.33270025 0.25872943
1.80769396 0.25268266
4.63472605 0.19574165
1.86654210 0.24608910
4.20504093 0.22635062
4.29518414 0.26500484
1.85823584 0.24665415
3.87879705 0.24459219
3.22382474 0.30599555
3.05893397 0.29483756
3.99578834 0.26516148
1.88830972 0.25234547
3.07617569 0.29235482
3.56599259 0.29340103
1.89888072 0.23495483
4.01853132 0.25637266
3.11720872 0.29412290
1.77368045 0.23335682
3.04832530 0.29552498
4.61932135 0.23968108
3.65994334 0.30757728
3.78354120 0.27855200
1.87914455 0.24617577
4.13251686 0.24879046
1.92247391 0.23580401
4.33300495 0.22665495
3.21997476 0.30294719
4.02502728 0.23221278
1.85768354 0.25968486
4.42741680 0.24508171
3.28681278 0.29650685
4.63178825 0.23217255
1.87398601 0.26135862
4.04326391 0.25696051
4.41155863 0.21338516
3.44344354 0.27032432
3.73196363 0.30789962
3.98693681 0.26181862
3.38430738 0.29487690
1.87818503 0.21807350
4.46565723 0.27163967
4.45546627 0.25682297
1.85538816 0.24381928
1.87991226 0.22899558
3.88063097 0.27747974
3.87227893 0.27024689
4.10456848 0.19276287
4.16286707 0.27390975
3.33046937 0.30345890
4.26147366 0.24653567
4.45646954 0.23794222
3.90978932 0.25892112
1.82827485 0.23735543
4.32165098 0.22277230
4.10180426 0.20686372
4.28006077 0.26452231
3.26142430 0.30934530
4.22137737 0.25422120
4.42313290 0.22848618
1.82794857 0.23208642
4.22423553 0.24897170
3.99041700 0.24861883
4.32023191 0.22642148
4.35393524 0.23277134
3.31517768 0.30984795
4.19040823 0.21666074
4.21865892 0.22961968
3.87799549 0.28112242
3.90608191 0.29108718
1.75461912 0.24951725
3.17994523 0.31329510
4.59601641 0.22413118
3.55620956 0.30851242
4.36187601 0.16883270
3.21283412 0.27393448
3.43424416 0.28244433
4.44153404 0.18863684
4.21574783 0.15667392
3.89111471 0.16780692
3.71410847 0.29694101
4.01092958 0.24891162
1.81539488 0.25261036
4.61154127 0.20260674
4.32911062 0.19227882
3.66588044 0.28648758
4.17909575 0.21375167
4.05680275 0.25540572
1.88183546 0.27684227
4.59541512 0.23457663
3.91401482 0.27293438
1.84455788 0.26048774
3.58965826 0.30337808
4.00791788 0.26874885
3.80814719 0.30316466
3.98569512 0.29346448
1.85568750 0.27081230
1.84062850 0.27589414
4.36570454 0.23772079
4.33449697 0.22790097
3.13854933 0.30749103
3.67656326 0.29656631
1.79300869 0.27401224
4.27556038 0.21493159
4.49231625 0.15270211
4.42204285 0.20706700
1.78125155 0.24048360
3.65842319 0.29010472
4.26679420 0.23958206
2.97891259 0.31115058
3.20245624 0.31268838
4.41038275 0.22515334
3.43422437 0.30455336
3.86103225 0.29052320
3.33232236 0.31412941
4.59130192 0.19829001
3.78525829 0.27850142
4.00162411 0.27650487
4.00512934 0.26079342
4.50714827 0.21295850
1.79316401 0.25115064
1.85335886 0.28122798
4.53177309 0.20524688
1.80733228 0.25520447
3.45547223 0.30160215
3.99600697 0.26023862
3.45891261 0.30229506
3.55526042 0.28933135
4.47667027 0.22038360
3.50616241 0.29447398
4.51064348 0.19490944
4.40347242 0.22759299
3.85590410 0.28501835
1.80680656 0.25848898
4.37723923 0.22798532
1.90988910 0.26560196
1.86229312 0.26111150
3.88008356 0.28844866
4.56917429 0.20542167
3.40721941 0.31042755
4.05267334 0.28744793
3.56366444 0.29684991
1.83963418 0.25858369
4.62524462 0.21617402
1.84900510 0.27038452
3.64741373 0.30253676
3.46779370 0.29788467
4.44079685 0.23670457
4.31118584 0.24369825
1.79362416 0.25522682
3.89302278 0.26145634
3.21263981 0.29135844
4.44906092 0.20580314
4.31267071 0.23267609
4.29789543 0.21615769
1.80142045 0.26233286
3.90038753 0.28403866
3.73691416 0.29272485
3.58818007 0.30077443
3.94037604 0.25772050
4.05727911 0.25516912
1.87864459 0.27607596
4.38198614 0.22792287
3.96787000 0.23913644
3.68842196 0.29323167
4.63182497 0.23087192
4.41632080 0.21519952
3.12986660 0.30998275
3.50086546 0.29462728
4.51026917 0.19483490
4.39580011 0.22800620
3.85085773 0.28517255
1.80838370 0.25865045
4.38086510 0.22743289
4.04943848 0.26294652
1.86201680 0.25280541
3.97960663 0.25285974
3.33588004 0.30667302
4.37855387 0.22037812
4.45745802 0.24007976
1.83010244 0.25135067
3.40031242 0.29960898
3.55569553 0.28580061
1.87227452 0.26128283
3.94403529 0.28706360
4.01220512 0.27455309
4.08792210 0.28605673
3.74107122 0.29740912
1.89155495 0.25755763
1.82070291 0.25142977
4.16385508 0.22351642
3.82051969 0.28724131
1.81178951 0.23315275
4.33322477 0.23949194
3.64436030 0.27909896
4.39072371 0.21493439
4.01080179 0.22908245
4.45655298 0.22165960
4.47136736 0.17335705
2.92935991 0.30668521
1.83713913 0.24752314
3.72960472 0.28402176
1.84108996 0.24164057
1.86683047 0.23723207
4.53154135 0.16491152
4.44158649 0.21827076
3.36497331 0.28482878
3.66664076 0.28518352
3.81472683 0.27754360
4.21755934 0.26010221
4.46982813 0.18529296
4.24049568 0.22703840
3.80745435 0.28386459
1.76692426 0.23222263
4.53110218 0.19240759
4.44795418 0.23352748
4.17225170 0.26321480
4.23961496 0.23205751
4.15655756 0.22385259
4.37974501 0.20907480
3.83491564 0.26068980
4.09636354 0.26601318
3.71712112 0.26336884
4.24107409 0.22055070
4.29861212 0.23610862
1.80721366 0.25216579
3.72146583 0.25752589
4.49624872 0.19049035
4.31097174 0.18734296
3.06393337 0.30071935
3.99217892 0.24765106
3.82066369 0.27016214
4.49832630 0.20085591
3.68278933 0.29270792
4.40786505 0.19349842
3.64293551 0.27244022
4.57408667 0.18257202
1.77187705 0.25526965
3.69312859 0.30035189
4.30517244 0.18220954
3.71089673 0.27508825
3.09455848 0.29715475
3.78183126 0.21975154
3.73539138 0.27446041
3.15882802 0.28110787
4.51834393 0.16553436
4.46730995 0.15252127
1.78173256 0.21718188
4.27111387 0.14760259
4.05876875 0.21413128
4.60400486 0.12354898
4.01959705 0.21981037
4.24651432 0.23777114
1.88493860 0.25345328
1.83980155 0.24815536
4.14872789 0.26122060
3.37906432 0.29181188
4.13387012 0.17627127
2.84775329 0.27972779
4.57591581 0.15472800
1.81624305 0.22885914
4.15184259 0.23237203
1.82197607 0.26656833
3.43019867 0.30777153
4.61722708 0.17633863
3.84992337 0.27498734
4.31156921 0.24392885
4.35747910 0.21675374
1.81313300 0.27718487
3.48425436 0.29248342
4.05167484 0.23006678
4.55042076 0.18854029
1.85119009 0.27167153
1.86736631 0.26377115
3.51199889 0.30242953
3.85743189 0.27416977
4.31409693 0.24335788
4.36855936 0.21535802
1.81239605 0.27688074
3.48112035 0.29257664
4.06017113 0.22887830
3.62732840 0.29887214
4.13368368 0.25710306
1.85016155 0.25473800
1.83097291 0.25520557
4.37471104 0.26086190
3.51821160 0.29279995
2.81284809 0.30104572
3.45713806 0.30273941
4.55279016 0.15580346
3.85833120 0.25935969
4.00100660 0.26769450
1.80047321 0.26072124
4.04878664 0.20219935
4.22936344 0.21438056
4.59330845 0.16162053
3.62810349 0.29883155
4.13235998 0.25727174
1.84862971 0.25444520
1.83282423 0.25558650
4.37638903 0.26070815
4.21714306 0.25629541
1.83615863 0.25404772
3.20144749 0.31065217
3.72618508 0.24772720
3.20426846 0.30122104
1.78489077 0.20796330
4.13029814 0.23069447
4.22017765 0.18973511
4.17905092 0.23744197
3.55996299 0.28904065
1.83767164 0.24551360
4.07015657 0.24621594
4.01527691 0.23771308
4.02106905 0.21966563
4.24596739 0.23770978
1.87964070 0.25238952
1.84158611 0.24856554
4.15171242 0.26098204
4.28615904 0.23756568
1.79949021 0.23420434
3.70686460 0.26867232
4.29079962 0.20975311
4.52518129 0.20073701
3.97919297 0.26388919
1.82880604 0.23826708
4.50576401 0.17267068
3.48069763 0.29431251
3.96994901 0.22880293
4.01720142 0.22019441
4.24870253 0.23737650
1.88408637 0.25328344
1.84265125 0.24878143
4.15087271 0.26097459
1.84659886 0.24272974
1.87466347 0.23887049
4.52161646 0.16567491
4.43880224 0.21828698
3.36985874 0.28478155
4.34488392 0.19149940
4.24310350 0.22173940
3.76429296 0.24301207
3.64149165 0.23680045
1.78892827 0.22997516
3.49067974 0.30095109
4.57444286 0.15220131
3.47014546 0.28515497
4.03904724 0.21007709
2.85958195 0.27495506
4.55104208 0.13805121
4.01822758 0.21721280
3.31409979 0.28202164
4.41813374 0.20174891
4.51373291 0.18423079
1.81799495 0.24852099
4.34783268 0.18898799
4.05226851 0.19061606
3.50037098 0.27349836
4.50766993 0.14735888
3.79323840 0.25663885
4.29075432 0.15989734
3.27926373 0.26240256
3.74784303 0.27278805
4.38114548 0.15268926
3.48483491 0.23951246
4.36973572 0.26055455
3.79358315 0.27224150
1.76817715 0.27105895
3.87349272 0.25200096
4.31272316 0.17326255
3.58193517 0.28972521
4.55310106 0.12878193
3.72438550 0.18457901
4.42409611 0.22696371
4.16781330 0.21579425
3.68989420 0.30788681
3.52821755 0.28986916
3.70498657 0.29505417
3.70064116 0.30526829
1.86181331 0.26278350
1.83248949 0.25732353
3.21593738 0.29982200
3.62758017 0.29872784
3.54678845 0.29742274
4.01523590 0.24414182
3.04269648 0.28371581
4.60508823 0.18220027
3.77389765 0.27501497
3.93726563 0.23371415
3.14178538 0.30095163
4.45296335 0.23002349
3.62810969 0.28412253
4.31912613 0.19893819
3.98396850 0.21203227
4.36036444 0.20387322
4.09342813 0.20967276
1.83381224 0.23294406
3.56052303 0.27652076
4.00194883 0.21374685
4.12460756 0.16776113
4.22861719 0.22462074
4.25818014 0.19442762
4.32984877 0.17594610
4.52665567 0.12624335
4.47692347 0.19008206
4.05810785 0.21585912
1.81959033 0.25414947
4.44402838 0.22568993
3.56832886 0.29357079
3.93225360 0.23418351
3.32945824 0.29777500
4.23602772 0.25167391
1.80344820 0.23456496
3.10467124 0.29050544
4.06351757 0.21613298
3.70057726 0.29511422
3.70102191 0.30529287
1.86052597 0.26244491
1.83525217 0.25786760
3.22041583 0.29975620
3.61983943 0.28429556
4.31090927 0.19989435
3.98387766 0.21222888
4.35513973 0.20470543
4.09132671 0.21032691
1.82955790 0.23156933
3.55462098 0.27652937
3.62266183 0.29887325
3.54140496 0.29757196
4.01471376 0.24430369
3.04090834 0.28385171
3.37644482 0.30300519
4.10569811 0.23539807
3.99086523 0.21431305
4.13947535 0.23773275
3.14610314 0.30073616
1.86821079 0.24207111
4.23810434 0.22992067
4.04949379 0.21745448
1.81376517 0.25279018
4.43918371 0.22666027
3.56951690 0.29363629
3.92618942 0.23533730
3.93474507 0.23396616
3.13374066 0.30118841
4.45133066 0.23028851
3.05231118 0.28940466
1.86894977 0.25317153
4.13708401 0.24506946
4.20576763 0.25174609
3.91686249 0.22378738
4.21561193 0.24526773
4.19298124 0.25467506
4.13042355 0.26676413
3.99810910 0.24495125
3.90548778 0.22653359
3.81124783 0.28193295
4.52866125 0.16810636
4.64409733 0.21477039
1.88548720 0.24825619
4.48619747 0.18126480
1.89169443 0.25780889
3.61221004 0.28730327
4.46393204 0.20408086
3.09702587 0.29357150
3.69543600 0.28822809
4.26819944 0.22785652
3.35911179 0.29647279
1.87259030 0.26149538
1.88070393 0.26063153
4.24158239 0.19655627
1.92222178 0.25891325
4.27516270 0.20339060
4.16151762 0.26737785
3.75555396 0.26277134
1.79212284 0.25497666
3.06733489 0.28683171
4.35691357 0.21594159
4.07106161 0.23731105
3.36072826 0.28413558
4.05406952 0.21392398
4.23212481 0.22950800
1.83553982 0.22244292
3.41695380 0.29281852
3.62169361 0.30006865
2.93080449 0.30969414
1.84704792 0.25245366
4.45117521 0.19819488
1.89578688 0.23857187
3.84388447 0.26555517
3.61046600 0.29805532
2.98739552 0.30188569
3.93978620 0.23392510
4.29676485 0.21990937
4.19220161 0.18375872
4.03688526 0.27627888
4.01392651 0.20975405
4.12612391 0.18621363
4.14605236 0.12619646
4.01364613 0.16255878
4.15314484 0.16278265
4.40668011 0.22753786
