4.22929001 0.12588653
4.00464869 0.14083757
3.93007278 0.26525384
3.80197167 0.26690605
3.24314666 0.22432606
4.51592445 0.16736476
4.45409822 0.18071149
3.48924303 0.25596526
1.86630654 0.16392908
3.96863866 0.10668763
4.41988468 0.08999392
3.74606061 0.26444718
1.85279536 0.21470539
3.50913644 0.21140157
1.89358473 0.16446452
3.92864847 0.15413673
4.28829622 0.14503317
4.33137083 0.09660777
3.61126065 0.20155376
4.42309046 0.09738099
4.39511919 0.15374947
4.21945047 0.11031408
1.89696431 0.19472648
3.30062795 0.26997721
3.63774180 0.24291967
3.68858314 0.18400364
4.52714491 0.11909667
1.90844989 0.17354076
4.28384590 0.19451487
3.94181800 0.13247590
4.51473141 0.09412644
1.92727673 0.20102477
3.68515444 0.28116873
3.93039751 0.17263050
4.52561283 0.08989244
3.43860841 0.23953933
4.33403015 0.20920567
4.05008411 0.23718522
3.52358413 0.29189953
4.48887205 0.19850343
3.86449742 0.19590630
4.12991810 0.13740340
2.84719419 0.27457806
3.78398180 0.25642937
4.32728815 0.11255553
3.22798514 0.21368550
3.80389905 0.13561648
4.48048496 0.15227294
3.54677272 0.25385523
3.36147833 0.25870124
4.48363209 0.09721824
3.43888736 0.24184109
3.82527137 0.25384709
3.96370697 0.12214118
3.91070604 0.19907527
4.41826630 0.20590360
3.71000028 0.27275187
1.89115942 0.18197121
4.46712732 0.18347131
3.95383930 0.14812398
3.40459776 0.20983243
3.32381463 0.21751396
4.19009018 0.23528014
3.97078156 0.15051208
1.94693124 0.16779657
3.19075584 0.26919898
4.52010441 0.12978870
3.83142376 0.28576639
1.83483481 0.24984050
1.85030878 0.20710696
4.48227787 0.19908337
1.86251605 0.22516777
1.85066247 0.19825573
3.86650777 0.28111616
4.36775875 0.16304007
1.85578477 0.20162655
1.92144454 0.20869656
3.51625800 0.29194045
4.39106607 0.15711743
3.42901707 0.23653108
2.86399364 0.24062093
4.45083189 0.11130916
4.53605938 0.15926823
4.35648727 0.16066916
1.86525977 0.21214725
4.47640085 0.11152137
3.35445189 0.25908670
4.48024225 0.09778736
3.43857479 0.24171291
3.82205224 0.25410831
3.95862269 0.12323629
4.48257589 0.07592125
3.22617817 0.23330583
3.97711325 0.12071776
3.68183064 0.24472557
4.51111221 0.11733651
4.44849443 0.14262389
1.84555578 0.20576282
4.48661089 0.19845478
1.86747658 0.22629195
3.18808007 0.25903249
4.15275049 0.15004009
1.84440899 0.19418114
4.21762562 0.23149647
4.48128843 0.11708900
4.50368023 0.13747019
1.91010118 0.21683027
3.04347062 0.26644602
4.50980330 0.16746008
1.91450834 0.16885108
4.28281927 0.20733307
1.88619947 0.15498704
3.87777948 0.17051971
3.84475160 0.25976923
3.43891025 0.22327609
1.95969141 0.18008892
4.26749039 0.10765874
3.99094415 0.13600257
4.20471811 0.16105051
1.92883217 0.19680946
4.28194761 0.09092284
4.39649534 0.20844065
4.25171804 0.15280201
4.16833353 0.20273674
3.49904513 0.18354648
3.97789860 0.13518669
3.56786084 0.28442124
1.86235654 0.20968987
4.48776627 0.17370681
4.06148386 0.14848998
4.05003738 0.26973915
3.65741515 0.25991678
3.80910516 0.28039113
4.05314159 0.14917998
4.21458340 0.12476152
4.53187132 0.12541710
3.74834847 0.28718269
1.85418856 0.20625407
4.08167219 0.20239468
4.07738638 0.18861538
4.21803379 0.14926971
4.07400036 0.18949609
4.21232224 0.15049884
4.47585583 0.12168899
1.84126139 0.20447560
3.78533459 0.27552241
4.41555548 0.19626075
3.24426389 0.27286488
3.63569903 0.24813040
4.52655172 0.15183996
1.88912237 0.21060602
3.41143560 0.29166189
3.43359447 0.28326362
3.34607577 0.29095235
4.46390247 0.11705506
4.23068142 0.15766457
1.82930040 0.17647885
4.28996658 0.20952947
1.84107006 0.19378859
4.46650124 0.14190045
4.46638107 0.17049319
1.90999246 0.20699106
4.53244686 0.11885054
4.44883776 0.14897825
1.91603768 0.22825561
3.58615255 0.27987745
3.45396638 0.27687997
4.47174501 0.16889907
3.58894944 0.25447962
1.90949011 0.24133243
4.43835020 0.19144297
4.09502697 0.20627870
3.79234338 0.26860115
1.89287889 0.20769727
4.43789530 0.14026040
1.90599513 0.24041860
4.43611717 0.19192143
4.21150303 0.20848243
1.93171656 0.20836882
4.09761000 0.20583947
3.23355508 0.27025303
4.15949965 0.16793144
3.81483293 0.20509046
4.10991430 0.16185533
4.07863522 0.18822886
4.21993732 0.14888214
4.39727926 0.14733832
4.37945890 0.14039510
3.23410320 0.27026373
4.53495741 0.17345291
4.08541679 0.19725575
4.09676838 0.20600075
3.55582929 0.28465682
1.86441374 0.17885852
4.46448326 0.12818545
4.04902792 0.25621808
3.73380232 0.24421531
3.24509215 0.29420394
4.23081970 0.11187696
3.72196984 0.27398661
3.72442174 0.29437378
3.98022676 0.15705372
4.06543016 0.13151160
3.50159335 0.28286874
4.36168242 0.16123782
4.30183458 0.19621755
4.27668905 0.19168560
4.13920307 0.15267508
4.21960545 0.21052416
3.43285871 0.29254737
4.48499489 0.12709932
4.53775787 0.18540019
3.15329337 0.24150409
3.75024962 0.16375789
3.71988320 0.27162775
4.29292011 0.18134272
3.96194077 0.25835755
3.79237366 0.28386331
1.89358294 0.19447982
3.72842836 0.14060406
4.38309097 0.17744328
3.67776346 0.26818272
4.24480438 0.20117728
1.97002470 0.17901479
2.89004064 0.22121279
4.12868547 0.20133770
3.34885120 0.28505772
4.01387644 0.20139171
4.37700605 0.19925888
4.39993095 0.19684881
3.85601401 0.14012216
4.12795115 0.22047706
4.03191280 0.21904661
3.70053959 0.17030309
4.46197462 0.08497188
4.53467703 0.20104498
4.38948298 0.13629094
3.56413198 0.29555175
1.92914557 0.21599247
3.17473531 0.20163344
4.32451439 0.15488121
3.62106514 0.27593651
4.39463043 0.18091309
4.15419388 0.16536658
3.79564071 0.29644760
3.44544029 0.26194271
3.79517198 0.15088739
1.90685558 0.21415752
4.39197063 0.17846374
3.44606829 0.26991588
4.14862585 0.22646779
3.17428613 0.25394145
4.06772518 0.10960770
4.06896734 0.18697582
4.18064928 0.19085799
3.80075645 0.29633406
3.45034838 0.26177821
4.20524693 0.18821585
4.14025784 0.14048955
3.91496515 0.14337943
2.90058255 0.25967172
4.34256411 0.19444644
3.49304056 0.28450102
4.05003977 0.19639885
1.87210405 0.17603208
1.94646227 0.16590370
4.09413099 0.18588150
3.28529811 0.27948540
4.10261106 0.18124847
4.16799116 0.14844519
4.35989285 0.19726598
1.93049562 0.19730233
1.91792333 0.18791647
3.65415573 0.27686676
3.51327419 0.28722489
3.55124998 0.26643512
3.56111073 0.29565111
1.92624748 0.21538359
3.17207742 0.20198531
4.32144785 0.15555775
3.61726618 0.27613738
4.39149809 0.18162709
3.26185799 0.22939967
1.94968832 0.21533044
4.23925257 0.20166670
4.12807798 0.22990240
3.22776031 0.28837463
3.74798942 0.12276056
1.90357900 0.15661754
4.37178326 0.14514671
4.16979742 0.17680246
4.19085598 0.14630431
4.14676189 0.22677268
3.17424369 0.25401089
4.06975937 0.10942654
4.06977224 0.18680161
4.18080568 0.19076110
3.97080684 0.15859525
4.05841255 0.13244827
3.50039649 0.28277853
4.35516787 0.16228949
4.30665684 0.19534133
3.76314306 0.22150129
2.85073590 0.21240234
1.96708107 0.17099504
3.76865530 0.23774518
3.58476663 0.26136467
4.41342592 0.12140304
3.98035312 0.15684922
4.06737089 0.13104893
3.50384855 0.28272486
4.36309433 0.16090530
4.30417585 0.19570427
4.32675505 0.16351439
3.55677438 0.20106120
4.49560785 0.14800791
4.35629845 0.19409426
3.58212614 0.29106888
4.46078348 0.12347449
4.41921425 0.09697951
4.33159065 0.12331650
4.27610445 0.19160299
4.14060402 0.15231000
4.24404335 0.13240771
4.22925568 0.16936843
3.48825622 0.22851442
4.41408205 0.13028170
3.62927961 0.24437232
1.93261874 0.20553829
4.37979889 0.15595023
1.92872894 0.18732728
3.57209229 0.26804277
3.59750247 0.26657349
3.72510839 0.24749815
4.51921749 0.08712692
4.09891081 0.18274687
4.00709295 0.13497095
4.16070795 0.16692026
3.75774884 0.21070410
3.87653995 0.26076216
4.20098495 0.12581499
4.36667585 0.17560084
3.72358203 0.24707009
4.50395155 0.08803314
4.31635094 0.12480390
4.18318653 0.20192398
4.07085943 0.14978372
4.14742804 0.20228465
3.75512075 0.20445429
3.51538086 0.27493989
3.74289393 0.21282698
4.41607618 0.12987167
3.63120437 0.24417078
4.13754845 0.19777699
3.26383638 0.28326234
3.57081079 0.26817772
3.60116816 0.26630911
4.19189548 0.18448497
4.26882458 0.21386904
4.19840765 0.11573320
4.20086145 0.19607496
1.91353869 0.19958252
4.09637451 0.18337770
4.01210785 0.13388565
4.15654707 0.16777210
4.06765318 0.15034898
4.17934418 0.24662633
1.92989981 0.19079292
3.37909126 0.23690139
4.37349319 0.16277973
4.49318027 0.19113456
3.57463384 0.21944590
3.60319901 0.28586665
3.24411106 0.24648982
3.98206425 0.24393427
4.51550627 0.08336189
1.89627075 0.20181374
3.84984446 0.27657863
1.95038354 0.21374516
4.34420395 0.12490945
4.16054630 0.13911028
4.44575071 0.09671185
3.80232382 0.17447758
2.97417212 0.27423915
3.72762895 0.17816646
3.78794265 0.16310610
1.85712409 0.18779884
2.90965056 0.21965484
4.09988165 0.23121713
1.90987003 0.22155611
4.22922421 0.08769708
4.09706545 0.12551934
3.57432246 0.28334561
4.09016037 0.18419673
3.22520971 0.25746959
3.99946594 0.24442373
4.42892504 0.10286766
3.71256304 0.14469661
3.20664215 0.25724503
1.85184729 0.21612228
4.14916945 0.18722481
2.76542568 0.23195194
4.19000769 0.10350818
1.93784809 0.20567961
4.10200930 0.13026665
3.23653603 0.29105300
4.13965178 0.15361467
4.08769226 0.13221954
1.90698671 0.21563022
4.09978151 0.17723185
3.16644120 0.21551095
4.14229584 0.20790483
4.19742680 0.14507614
4.13129187 0.12058043
3.92063308 0.10973927
1.93868864 0.19657804
3.71172881 0.16517702
1.82076216 0.20127894
1.88001299 0.22063287
4.10159016 0.23091684
1.90854776 0.22126828
4.22684669 0.08787981
1.86967623 0.19438379
3.18585014 0.26155868
1.90687537 0.19447218
4.30755520 0.17813289
1.90630829 0.18287916
4.21535492 0.11664042
1.94106531 0.20262854
1.90882623 0.21606398
4.09724379 0.17766695
3.16567588 0.21561117
3.18681979 0.21494222
4.12639666 0.23132694
1.93861163 0.20762645
3.12129021 0.23768014
1.85951114 0.20149118
1.91497540 0.19518335
4.09946060 0.23114927
1.90848660 0.22125064
4.22778368 0.08782294
4.13937998 0.20855309
4.19742203 0.14466870
4.13856316 0.11918042
3.59349513 0.28418356
3.20456648 0.27837539
4.20267391 0.08057395
4.10228300 0.12477469
3.57340598 0.28338042
4.08450317 0.18553913
3.22590232 0.25762415
4.10620880 0.12987185
3.23568678 0.29100689
4.13210297 0.15509519
4.08652306 0.13234113
4.09792280 0.12560309
3.57156038 0.28346255
4.08751488 0.18498522
3.22488976 0.25767270
4.30279970 0.12984772
4.36951590 0.10268026
3.53954864 0.19040017
3.29403973 0.28270817
4.13453054 0.12873767
3.82898092 0.10797902
1.91703975 0.21263349
3.90896630 0.11184484
1.93284082 0.19586481
4.11344862 0.18617940
3.46872306 0.22962321
4.44309235 0.14826407
1.85536659 0.19195682
3.85779357 0.17966592
4.17978382 0.14281902
4.54149103 0.12607497
4.00250006 0.19031845
1.91254127 0.19524707
3.24322414 0.25760153
3.45120358 0.26565075
4.32095432 0.09378210
3.00195312 0.26522109
3.94995308 0.14989774
3.39595985 0.25561219
4.52313089 0.18259506
1.84423792 0.23307683
1.86300349 0.22725679
3.86822557 0.20264573
4.04564571 0.22906649
1.84586012 0.22182514
3.47679496 0.27167991
4.22189713 0.20792998
3.47434855 0.29403821
4.50119972 0.14353703
1.90249348 0.24485904
2.81411695 0.28870064
4.44646549 0.19380306
3.44126964 0.28657946
3.50104594 0.26771551
1.89207721 0.22603680
3.94562435 0.20609926
3.79983902 0.20968805
4.03655767 0.24178784
3.59269166 0.27409741
1.82847977 0.20747267
4.53254795 0.11616804
3.84225345 0.17671806
4.41156006 0.13146347
3.97428703 0.24154733
3.65730810 0.25958392
3.26399279 0.26431867
4.35020542 0.15400986
3.79464078 0.18567455
3.82421637 0.25296971
1.87367821 0.22554676
3.83313060 0.24707705
4.30760574 0.18656981
3.84910774 0.22116233
4.28339911 0.18875904
3.36582565 0.26151499
3.73782420 0.27543494
4.38688231 0.17857397
3.29883742 0.28115353
3.64450955 0.25600055
4.23489237 0.14665942
3.68651819 0.26264197
3.93672013 0.26383922
1.85114622 0.23124343
2.78991938 0.29261911
3.57965922 0.26264408
3.81401873 0.21566981
1.85184467 0.22409450
1.85905468 0.22637562
4.54797792 0.17038648
1.87672830 0.22066842
3.39501715 0.27341658
3.84992862 0.22754236
3.51840115 0.27861729
3.60827446 0.25152588
3.93736506 0.24049439
1.90628278 0.24356413
3.66920996 0.23637716
3.73560214 0.23538668
3.80989718 0.20797028
3.95401335 0.21304967
1.92397571 0.22835307
3.48444915 0.25269291
1.86904407 0.21418081
4.11124945 0.23359060
4.46332264 0.18104960
3.82690668 0.18959720
3.52575922 0.26196766
1.93301284 0.20364243
4.49049711 0.17504191
3.80511069 0.20076340
2.82363391 0.27071652
3.85420632 0.22043043
4.27937317 0.18965621
3.35893655 0.26209792
3.73601723 0.27549255
4.32471657 0.20825726
1.90616083 0.22938138
1.88070893 0.21431386
4.23050928 0.18212324
3.17027807 0.28630897
4.16757154 0.22290023
1.92531455 0.22047865
1.86189461 0.21115170
4.24335146 0.22102077
4.37265778 0.12082776
4.17433262 0.15598249
1.89125097 0.18184011
3.99749446 0.23390241
3.80296159 0.18147962
4.22613239 0.19142149
1.93971848 0.22522222
3.13998151 0.29405600
1.86086082 0.21217866
1.85273075 0.21993710
3.71823001 0.28322357
3.11524439 0.27707037
4.20367384 0.21088116
4.35283279 0.13532823
3.84185028 0.19684982
4.16982269 0.16343343
3.78029299 0.21237783
3.53082085 0.26197386
1.86827803 0.21236247
3.84630322 0.21667689
3.38502693 0.26064369
3.38035893 0.26735583
1.91883683 0.18164594
4.54996967 0.15893055
3.83906960 0.20404756
4.36657190 0.10224267
3.64534163 0.24129431
4.34408331 0.08098287
3.73963618 0.17193638
4.13486052 0.14564319
4.30956078 0.10318042
4.29732466 0.14013015
3.99666882 0.11174346
4.36358070 0.08134208
3.08254266 0.19789153
4.07110119 0.12234372
4.44745922 0.16807272
1.89479589 0.19322656
3.95217848 0.17477228
1.85671186 0.18915777
3.76279378 0.26476839
3.41394734 0.25062987
3.94844508 0.19164239
3.83938837 0.24139227
3.89971089 0.20992076
1.90303028 0.22413276
4.23184633 0.14835629
4.18096113 0.15225369
3.30906487 0.24696673
4.32526398 0.15993248
4.31795740 0.14123999
3.51057839 0.25250122
3.72949600 0.25239712
4.43761730 0.07869222
4.46086740 0.08471397
3.33099842 0.27123478
3.70563173 0.28181589
3.64786291 0.27903911
4.08337212 0.15032248
4.46214581 0.09025655
4.11133003 0.16473775
4.47655201 0.18545753
1.86938584 0.17266168
3.14301705 0.26971549
4.11711836 0.13308467
3.62192035 0.27031833
3.64714956 0.22361217
4.43855572 0.12922850
4.50195312 0.07808888
3.30405617 0.26585230
1.87926865 0.20923245
1.91527522 0.22829764
1.86295307 0.20070298
4.38430262 0.21939993
3.98031187 0.10883874
3.36806607 0.25951084
1.92977810 0.20543462
4.36461306 0.17294131
1.91356945 0.21047564
3.72402120 0.27241024
3.97139430 0.11582718
4.39662504 0.13984947
3.44110775 0.26726776
4.11373568 0.19665170
3.42884231 0.24359971
3.40011215 0.28908637
4.37492895 0.14593588
4.45331049 0.16526584
3.91946077 0.15541604
1.81273997 0.20498461
4.29095125 0.16765906
3.85058665 0.21058750
4.04724312 0.25160199
4.27113867 0.16923298
3.13787460 0.24131967
1.83928609 0.18225157
3.95850682 0.17929214
1.91707301 0.20559932
4.15426683 0.23457985
3.42709208 0.27221495
1.90385556 0.21599221
4.41164541 0.19709915
3.49344063 0.24267440
4.23147440 0.17098828
4.34625435 0.13407920
3.06507802 0.30198696
4.09001446 0.22159837
4.33901596 0.23115145
1.86935341 0.19967663
3.82667160 0.18767536
1.90189445 0.21152721
1.93469048 0.22904170
4.37177753 0.20462362
3.60618401 0.24174869
1.90624678 0.21856774
3.87943149 0.18353730
3.52105260 0.25501749
1.95491767 0.21287422
4.23687696 0.21762632
4.21564817 0.21636085
4.10865068 0.14984383
4.23103619 0.15763064
4.07378531 0.20141844
4.13347197 0.20535462
4.13721657 0.23758630
4.04858255 0.22596641
3.59504962 0.26733959
4.21396399 0.12808585
3.66129541 0.27284169
4.32239819 0.17900194
3.32073116 0.26808670
4.11360455 0.22243297
4.19934511 0.14288095
4.45355082 0.10917154
4.24686289 0.12389127
3.33604360 0.28016677
4.15816593 0.12656833
4.19407940 0.18954867
4.16539335 0.18747663
3.32266688 0.27172995
3.70936894 0.28170076
3.65017629 0.27903807
4.07979393 0.15112080
1.89390063 0.20526339
1.84448934 0.19145568
4.00373411 0.17185974
4.21084833 0.21451755
1.90022874 0.20469564
4.05565262 0.25859261
3.42499089 0.22193559
3.95412564 0.19492458
4.19417048 0.14264999
3.55750561 0.27774057
3.43976903 0.24433185
4.37589931 0.17448170
4.46239948 0.08419309
1.89474523 0.20393686
1.87242281 0.18830828
4.43598795 0.19083779
3.35572314 0.26339981
3.42590284 0.24415676
1.92665923 0.19722103
3.82198501 0.25384784
3.97717476 0.20988266
4.43552494 0.16689795
1.87071371 0.21303445
3.29295564 0.24678397
4.08067322 0.16969378
1.92995191 0.21145259
1.92121422 0.19704992
4.43483877 0.17862411
4.42017555 0.11333039
3.37221527 0.23684929
4.01968813 0.15945420
4.33335114 0.10866984
3.80816865 0.26395935
1.86895657 0.20394878
3.19059515 0.27779222
3.76096463 0.28307572
3.34899020 0.22379871
4.17422915 0.14148904
4.42925644 0.13157308
4.52924633 0.08911444
4.38821173 0.20656748
3.04485679 0.27310437
4.19308186 0.24883121
1.87471581 0.15368795
4.37272263 0.13770892
4.21596384 0.12665446
4.39829254 0.12362626
4.35520363 0.19213821
3.96430874 0.18923242
4.50878191 0.07996616
3.82344675 0.24746609
4.43338680 0.18579771
1.91145062 0.20387924
3.10553432 0.29032013
4.17611742 0.16909595
4.09955168 0.21740983
4.36450005 0.21735741
3.60016561 0.30371919
4.10034466 0.20140873
4.43649960 0.08303738
3.77945375 0.26927367
4.29556084 0.14292167
3.17409134 0.26255700
3.07397246 0.24272877
4.31856108 0.14187114
4.51189423 0.10762670
4.48403502 0.08464830
3.71921730 0.23057182
4.48729372 0.12957016
1.88336337 0.21358995
4.46226168 0.15752326
3.58469939 0.29722938
1.88536060 0.21301578
1.90382493 0.23498285
4.30494499 0.20410937
3.53634024 0.25114313
4.21985579 0.22753398
3.51269794 0.23635460
4.10663462 0.20304078
4.30526638 0.18447977
1.90574324 0.18991818
4.13376284 0.13848929
3.40436268 0.28244188
4.48920822 0.12401689
1.92239046 0.21005456
4.50945091 0.17657401
3.83739042 0.21322672
1.94287908 0.21600445
3.45387173 0.24589030
3.80583978 0.27321485
3.86781120 0.22683401
3.45966840 0.30009621
4.12487268 0.18340367
1.92098880 0.24464649
4.41466904 0.20531850
3.88265514 0.20917957
3.47775149 0.24237375
1.93433630 0.20118527
4.11871958 0.24150862
3.90835238 0.18804769
3.55533242 0.18276988
3.52201819 0.27038208
1.87042987 0.17520614
3.98442674 0.13568629
4.21318054 0.18666124
1.91698444 0.22197574
3.45362091 0.26548636
4.17398834 0.16947268
4.09822989 0.21762787
1.89296091 0.19862203
3.93968296 0.25532514
3.54445553 0.24793477
1.93491423 0.21415441
3.51009488 0.22852981
4.45823860 0.13988706
1.89161432 0.19156702
4.30422735 0.17468660
3.39275122 0.29892552
1.88322961 0.20567869
3.94914412 0.16934259
1.93625379 0.19960044
3.81799316 0.27315071
3.43389535 0.25011724
4.38747883 0.14550166
4.46958828 0.13198784
4.45939302 0.19595031
3.81185508 0.20654081
4.00509024 0.26773193
3.51745343 0.25180954
4.54094315 0.15968640
3.72196007 0.25951460
3.33872962 0.24794413
3.92130160 0.18348058
3.72712469 0.26638821
4.01453876 0.17247862
3.60088277 0.22337645
4.50869513 0.15442879
4.12723541 0.19734567
3.73000836 0.22079648
3.63903642 0.28371295
3.91357636 0.25378022
3.48022985 0.28524873
3.21158504 0.27564859
4.02929115 0.23527049
4.27052736 0.19505014
3.14289641 0.26712570
3.78756022 0.28577295
4.48805332 0.11638170
3.67408085 0.18948676
3.36226368 0.29276940
4.31038809 0.16996340
2.99789166 0.26602665
3.91898060 0.24375397
1.83966959 0.21848851
4.26470566 0.17703229
3.75380087 0.19491418
3.65412116 0.15818529
4.25779676 0.13504900
4.01405859 0.14268056
3.23464537 0.26317248
4.13240385 0.23780511
4.12869406 0.20082714
1.90322471 0.19897918
3.98669958 0.17408331
4.32808971 0.15262726
4.51667023 0.10644705
2.76478839 0.28227296
3.65993762 0.27570382
1.91197145 0.24583977
3.82109666 0.27212027
3.66830754 0.22716230
3.58943510 0.25039846
4.05724049 0.20125805
4.26669884 0.19985668
1.92123020 0.24764834
3.82129884 0.27179375
3.65392804 0.22779451
1.91791642 0.23561145
3.54287434 0.29327044
4.39571810 0.16242200
1.87718618 0.22726907
4.27546024 0.20482373
4.02055073 0.21554549
3.56390810 0.23086782
1.95178068 0.20913917
1.91745150 0.23552676
3.54186559 0.29333153
4.19645977 0.19672950
1.90158379 0.23372020
4.04400110 0.23794694
4.49851704 0.11985896
4.03437996 0.18976605
1.86690378 0.20958816
3.58176923 0.26162627
4.01872873 0.14186782
3.23128271 0.26333812
4.12863255 0.23833267
4.13191271 0.20021974
4.42427015 0.11651913
3.63572598 0.20993929
2.72287560 0.27032945
3.98208499 0.21465939
4.01337719 0.14275068
3.23646355 0.26304504
4.13286352 0.23781544
4.12891006 0.20082049
4.02407742 0.17023611
3.59473729 0.22320683
4.50510883 0.15432440
4.13164902 0.19629686
4.04769087 0.10868561
3.86095643 0.14641418
4.21100235 0.16549522
4.46363544 0.10363388
1.88012385 0.19553627
3.37360239 0.28346339
3.94468093 0.17203254
1.96476352 0.19704105
3.80633879 0.23232877
3.97339320 0.10778328
4.39290142 0.13583405
4.19602537 0.11321989
3.80865908 0.25680336
3.93106842 0.25534794
1.92694819 0.18194573
3.26141214 0.23455851
4.32861042 0.10035201
3.47389531 0.17347378
3.46254063 0.21984030
4.45468283 0.10223926
4.25779772 0.12461605
4.17421532 0.12453834
3.13350034 0.28341570
4.34506845 0.10500247
1.84449852 0.21482892
3.69636703 0.25308436
4.37385511 0.09207486
3.07264113 0.24716502
1.95383382 0.24078822
3.39724374 0.26946440
3.93904901 0.18968283
3.98015857 0.21667236
1.90081942 0.21858251
3.20128751 0.23339336
3.96186733 0.21294355
4.28230333 0.12865387
1.90704274 0.21054502
4.45365286 0.15498868
4.07780647 0.15400983
1.82930982 0.23636357
3.11168098 0.28487581
4.25192022 0.12064627
1.91673243 0.22601222
4.12068939 0.14103024
4.42351294 0.20828730
3.94201684 0.16126244
1.91028845 0.20808734
3.60816169 0.26243567
4.30158281 0.10927302
1.91832697 0.21188776
4.46652699 0.12650670
3.55529404 0.23212354
3.42436719 0.27869698
3.71965885 0.26416481
1.88932884 0.22853523
1.88485980 0.22159523
3.47203016 0.27961004
3.71921325 0.20095299
3.92895126 0.22279918
4.25258446 0.12100948
3.43903089 0.28254589
3.64450455 0.18961810
4.47822714 0.11338393
1.86715937 0.20048498
1.92235303 0.22099619
4.22617960 0.11884873
4.47020054 0.14551406
3.03788400 0.24061948
3.05325174 0.26180512
1.88154018 0.17849018
4.31714678 0.17163128
4.27643824 0.09548706
1.95201015 0.20994516
3.97785068 0.21718441
1.89479935 0.21714157
3.19542503 0.23362254
1.90244985 0.20605044
3.60044265 0.26299784
4.30032396 0.10908552
1.91481459 0.21091335
4.46196699 0.12679730
3.96146989 0.21331644
4.28033352 0.12944974
1.90290177 0.20938857
4.44907904 0.15607622
4.07563734 0.15461963
3.91405416 0.21620385
1.92592180 0.21539240
4.26166391 0.17039911
3.30110955 0.22519730
1.86807382 0.20083921
1.92901015 0.22243869
4.23528957 0.11730251
4.47647667 0.14482297
3.03788614 0.24085915
1.90785027 0.22342385
4.11102152 0.14278063
4.42572784 0.20792019
3.94487906 0.16087511
1.89736760 0.20567198
3.27140689 0.23528290
4.01509237 0.14460228
3.92247224 0.15923287
3.12624907 0.27946442
4.28126621 0.12756497
3.10837936 0.25468418
4.21330786 0.21807869
3.31287646 0.29891479
3.61616302 0.29687110
4.16189814 0.17228033
4.12278891 0.12597583
3.05690908 0.25602329
4.05889606 0.14274652
4.02277851 0.12809013
3.11890483 0.22593670
3.92372322 0.16907091
3.18906999 0.25862116
4.06096935 0.13220395
3.96832800 0.11075142
4.11393213 0.11827978
3.86878943 0.20785402
4.15597296 0.14867689
2.82933617 0.23972976
4.05685854 0.19511367
4.37702274 0.16634193
4.54548120 0.14362602
1.92546189 0.19879936
4.30798054 0.10325263
3.90031409 0.20272096
3.97153997 0.13828556
3.40061474 0.23251420
3.88603258 0.20771956
1.86882198 0.19351757
3.84155464 0.27061132
3.44431257 0.24146987
1.93119919 0.21337794
1.97948003 0.20261146
4.50032520 0.16934584
3.88497567 0.18709897
4.32507229 0.18428957
4.52338743 0.11350928
3.49817562 0.23366319
3.96914577 0.13582391
3.85042787 0.17180681
3.99521852 0.16597976
3.30980587 0.20848094
3.35385966 0.25939175
4.38272095 0.14265203
1.91766608 0.16658194
1.90923691 0.17475659
3.92843103 0.20263839
3.45343423 0.23392771
3.92914176 0.14898080
3.71540761 0.26365277
4.47744703 0.08290247
4.46056747 0.10805913
