2.13013983 0.25465825
3.96559095 0.17082387
2.01578593 0.25321284
4.51571226 0.17878638
3.88131571 0.14499664
4.22372150 0.13631471
3.06345630 0.16085911
2.07361388 0.20509841
4.27041769 0.17789161
2.04512024 0.23583269
4.47162151 0.12555994
2.09415054 0.17899795
3.61313343 0.14061898
4.44252491 0.13203146
2.11108899 0.17909849
2.08717537 0.22997005
4.04671717 0.15709333
3.94036651 0.17984615
3.15854979 0.18180858
2.12719965 0.23146306
4.57882977 0.15583329
2.97672081 0.17642140
3.79157758 0.16133536
2.05338597 0.22953577
3.28778434 0.14979227
4.45598125 0.12421713
2.03490829 0.19120075
4.60233021 0.12412464
4.34797907 0.13338928
4.10715103 0.17588897
2.05571866 0.23275483
3.90557170 0.17791419
4.43054771 0.17274840
3.44383049 0.14726359
4.51952839 0.12443665
2.81865740 0.16227664
4.17226696 0.13438965
2.05164433 0.19112641
3.94663405 0.15554313
2.12206793 0.19497322
4.64960909 0.14180046
3.70870185 0.16132778
3.41045499 0.15636897
3.61438155 0.15789996
4.37419891 0.15621357
3.81239128 0.17715102
2.13528800 0.22729595
3.33955598 0.17442758
4.16013718 0.12891532
3.81882930 0.13763705
2.18072629 0.17783989
4.51799440 0.12553668
2.11543727 0.18392693
4.48933697 0.17235760
2.64943218 0.18970257
3.94668698 0.18030874
3.97370410 0.17105317
2.07131672 0.22535688
4.44008827 0.16423230
4.18875933 0.16858466
2.77690315 0.18305354
3.93060684 0.17271668
3.84449005 0.17356183
3.81786251 0.15663539
2.11498237 0.22140819
3.90387654 0.15381396
4.45818472 0.16880471
3.50834346 0.16794766
2.81760693 0.16705948
3.93629861 0.14462824
3.42887783 0.15004973
2.10146379 0.18547226
4.48290253 0.13137309
3.47518826 0.14980718
4.45362949 0.13902612
4.32688141 0.18217556
4.67076635 0.18412650
3.95069957 0.16701923
3.74391985 0.18892543
3.10518098 0.19023912
3.98913121 0.16390456
4.04001427 0.16797568
4.49193907 0.14739577
4.16931438 0.16364898
4.09545135 0.16579942
2.88585329 0.18628126
4.02498055 0.18506610
4.39740610 0.16286971
4.06228399 0.18815102
3.38535166 0.18566890
4.09983253 0.14253035
2.81699944 0.16560213
3.86736679 0.14576359
4.46359873 0.13909876
3.89089561 0.14795640
3.45759487 0.15522216
4.48333216 0.17288427
2.65128970 0.18994163
3.95037055 0.18090528
4.23754072 0.12927119
3.53193045 0.14285159
3.66845894 0.13912158
2.01369286 0.18859535
4.47552633 0.12823175
3.98734856 0.16384850
4.03336048 0.16786702
4.48806524 0.14730880
4.16483498 0.16354449
4.10215998 0.16573770
4.19636631 0.13605303
3.11671424 0.16090161
4.25616455 0.13419186
4.19208813 0.14590137
3.11091137 0.16198334
4.02301645 0.14606349
2.01722884 0.26420224
3.88996577 0.17896505
4.46073866 0.19848365
3.29096437 0.20331936
2.06051254 0.18913110
4.40603924 0.12440787
4.52885199 0.13091362
4.08831215 0.13407893
4.24114704 0.12892793
4.04655647 0.13660751
3.98555803 0.13526259
2.03182650 0.20175254
4.69987249 0.13498364
3.40934968 0.15446554
3.60195112 0.14783530
2.91535974 0.16380872
4.03271770 0.14739196
3.89344311 0.18404157
3.84760618 0.16711372
2.06448817 0.23753048
2.11454630 0.23508225
4.35134077 0.18184067
4.55584812 0.12663625
2.08791399 0.17606436
4.44047260 0.12757286
4.03052139 0.13855471
2.12534046 0.18001975
3.15808940 0.15242012
4.28210688 0.13827628
4.69605350 0.13644183
4.41994095 0.12950547
4.51351261 0.13644904
2.03781366 0.19785024
2.96029210 0.18872118
3.46423459 0.18241163
4.53960657 0.18064444
2.07137203 0.23781134
3.76695204 0.18407512
2.09607959 0.17765169
4.27932978 0.12417033
2.15654802 0.17189567
4.47403479 0.11399209
4.53496552 0.11381116
2.13575101 0.17529707
3.65724611 0.15360411
4.36542177 0.13714077
2.05090117 0.21596004
4.69576693 0.14483142
3.98553181 0.14022554
3.47685695 0.16919215
2.29890442 0.20187211
4.65495729 0.14092033
4.41109943 0.14520960
4.34074926 0.14169501
4.08500099 0.17587882
3.67002535 0.14198028
3.10782743 0.17013134
4.15538931 0.16169663
4.33926964 0.14175683
4.08970213 0.17604901
3.66975570 0.14205338
3.10874891 0.17019330
4.15219736 0.16177721
4.42602634 0.14842702
4.25215006 0.17586960
2.08182621 0.22959445
4.34688997 0.16994196
4.12201977 0.17717101
4.16035652 0.13097687
4.35452318 0.14158386
2.12025785 0.20557649
2.92158866 0.16225536
4.12983370 0.14639515
4.05505800 0.14171992
2.19664478 0.20919074
4.49572468 0.15463637
4.13449287 0.14402901
3.24784446 0.17111363
4.40274763 0.18815632
4.36060715 0.19389002
3.47041392 0.18509203
4.05098677 0.16318817
4.52067852 0.13130440
3.60269880 0.13850604
3.74843645 0.14139013
4.47281027 0.13217765
4.11915827 0.12806657
3.27589607 0.15008047
4.67278767 0.12562586
4.46815205 0.12137437
4.69963884 0.12306428
2.03104186 0.23216094
3.50760889 0.17504597
2.11164713 0.21308273
3.99172211 0.15675335
3.13921952 0.18474258
3.52505159 0.14678679
4.16901445 0.15292433
3.83871603 0.15142764
2.78060865 0.18290067
4.26364279 0.15078402
3.66215539 0.17628734
4.19255495 0.12549981
4.67055416 0.12262479
4.09397268 0.13603513
3.70627499 0.13686252
4.06030512 0.12466357
3.85912561 0.14625095
4.52575588 0.16453855
3.62768078 0.17560963
3.80244064 0.17746837
4.02734327 0.15648372
3.05489564 0.16587315
4.52794266 0.13313802
4.01958275 0.15945323
3.50937557 0.15007713
3.44021034 0.16309299
3.38453770 0.16580138
3.93604994 0.16368458
3.85720897 0.14617182
4.52561426 0.16436611
3.63440871 0.17548020
3.79990292 0.17728688
3.24339390 0.14271794
4.15671206 0.13287060
4.15726185 0.13378043
3.99606967 0.13350271
4.02344561 0.15630922
3.06026673 0.16567709
4.53002596 0.13303159
4.02280521 0.15929954
3.10924029 0.15793800
4.19573832 0.14999969
3.60402560 0.14009775
3.64228654 0.16906081
2.17556262 0.21760869
2.16028094 0.22063315
4.33746481 0.14711770
4.03533792 0.13367909
4.16502762 0.12349698
4.06983900 0.13744174
4.25464916 0.11963180
3.98554206 0.13496502
4.34256935 0.14155298
4.08460999 0.17560549
3.67207456 0.14185487
3.10845685 0.16995697
4.15677118 0.16147308
3.44639707 0.15349393
4.47368288 0.13849096
2.02400017 0.19531892
4.55262470 0.12658824
4.69285917 0.12751125
4.16361856 0.14669546
4.62843990 0.16457003
2.18017554 0.21844393
4.35929728 0.16748072
3.11094689 0.15792768
4.19829082 0.15003245
3.60399580 0.14011113
3.40742159 0.15707023
2.18741035 0.20161317
4.57511806 0.13410501
4.39784575 0.13397741
4.02419996 0.15623513
3.05981755 0.16563191
4.53114605 0.13298149
4.02316904 0.15922081
4.18333006 0.12982498
4.21092033 0.12233770
2.05639696 0.19695474
4.33318853 0.11962890
4.34488726 0.13142250
4.14011860 0.20201480
2.05435491 0.25924104
4.38454008 0.19663312
2.12092710 0.27228120
3.98241305 0.18401659
3.75133157 0.22721057
3.22644210 0.22469155
2.97170305 0.16531263
3.15425968 0.15923303
4.15642452 0.15964165
4.68964958 0.13022198
2.13925719 0.20515037
4.60711765 0.14620356
3.26874018 0.16567838
4.43792009 0.13984428
2.86946988 0.17022164
2.07764125 0.21804444
4.22525835 0.14144763
2.07607102 0.24385673
4.48019934 0.17965533
4.59698963 0.18658228
2.03987288 0.25675216
3.71241832 0.19423710
3.96899724 0.16950053
2.08995676 0.21152069
4.50499249 0.14285237
4.42366457 0.13294929
3.85199308 0.15689793
4.56467199 0.16873842
3.82743382 0.15462010
3.33672857 0.17435960
4.63901997 0.13599701
3.07848334 0.16830494
4.60305309 0.13932997
4.66741467 0.15456958
3.29021573 0.18663971
4.21124935 0.15666783
3.83574057 0.16212517
4.58598137 0.17943197
4.26245546 0.15903614
4.41482019 0.14910300
3.85334873 0.17792155
4.06821537 0.17333055
2.18805003 0.20972361
3.54397821 0.15432571
4.67173481 0.15663309
4.35989666 0.14847741
3.48402834 0.17648359
4.56286764 0.18755873
4.42100620 0.17041565
4.37398624 0.20175351
3.43889380 0.18727650
3.44354916 0.18697269
4.14674139 0.12892084
3.84119105 0.14677219
3.96820092 0.14350860
3.48505902 0.17620301
4.56991386 0.18719149
4.42208433 0.17008710
4.37484074 0.20127946
4.43622637 0.13431139
2.47674441 0.17904651
3.98332381 0.20495094
3.98911810 0.21144706
2.98286009 0.17668010
4.02510834 0.16192706
3.99198222 0.17613284
3.03299022 0.18021679
4.41318274 0.14943528
3.85143995 0.17835353
4.06695509 0.17375793
4.01914215 0.14876632
4.01804638 0.14926344
4.02773857 0.15481110
2.06699944 0.21461701
4.53629637 0.13349561
4.43196678 0.14477295
4.14344168 0.12903295
3.84411526 0.14689155
3.96817279 0.14364366
2.97038889 0.16539854
3.16210771 0.15917717
4.16521215 0.15981373
2.21201515 0.22294299
3.69495392 0.16128959
4.50204992 0.17816959
4.46873760 0.16246651
2.06123400 0.24193202
2.97489619 0.16516304
3.15376282 0.15914626
4.15802288 0.15950508
3.67038918 0.14272995
2.07298517 0.19939409
2.05896735 0.21012171
3.74890518 0.18336754
2.21996832 0.22544634
2.08133221 0.23381430
3.94433212 0.15389310
4.48736334 0.19416219
3.93771577 0.16509666
2.01435781 0.24419445
3.27514338 0.19467343
4.68732786 0.13040133
2.13736629 0.20539264
4.60531998 0.14645754
3.75628710 0.14515616
2.12804556 0.22676450
3.77543068 0.15475465
3.61225319 0.15548281
4.13597250 0.17454763
4.33724070 0.13371427
2.90260935 0.16593029
4.17867041 0.16142713
3.63835096 0.14657487
4.35585594 0.13554671
4.28394461 0.14590429
4.06078434 0.14887640
3.72216320 0.14218110
4.30396414 0.14378159
4.58461809 0.17036903
3.82373881 0.17365760
3.49550247 0.16026609
4.35283947 0.13565721
4.29244614 0.14613290
4.59413290 0.12207965
4.17555285 0.13159016
2.16779375 0.20074858
4.48696232 0.12842734
3.20888042 0.16409741
3.44968796 0.15033256
3.78493094 0.17019284
4.55751038 0.13016279
4.65047789 0.15511046
3.93717670 0.13882761
4.39180326 0.15358940
3.44361305 0.17528826
3.72437954 0.14248700
4.29191685 0.14407220
4.59508896 0.17109960
3.44790339 0.15017231
3.78825116 0.16996871
4.15646315 0.13195154
4.14924908 0.14619575
4.17382908 0.16125958
3.63883519 0.14650446
3.15972161 0.15783924
3.26929688 0.14839105
4.47311401 0.14767422
2.14385843 0.22179210
4.07028246 0.14864911
4.48933315 0.12828836
3.20693493 0.16395538
2.16649508 0.19420855
4.14073896 0.12647207
4.26542377 0.13011588
4.32666016 0.11810893
2.22170162 0.18335640
2.26774979 0.21093233
3.53401732 0.15606348
3.80899835 0.14956300
4.47149754 0.12816705
4.13188076 0.13749775
4.08183765 0.15507306
3.42759538 0.15120967
2.88166046 0.18209834
3.83173537 0.15078902
4.37642336 0.15720126
4.25045443 0.15976183
2.13353395 0.21233429
2.03850865 0.22025825
3.64496112 0.15338264
2.09480572 0.22721176
3.71092367 0.17151426
3.33906531 0.14564568
2.16102624 0.19858547
4.48616791 0.13369825
4.18163776 0.13251667
4.05669403 0.14726628
3.15192413 0.16346599
3.12618184 0.15756963
3.61114550 0.13853954
4.12815285 0.14796163
4.14249420 0.14651990
3.87747860 0.16077854
3.67166877 0.16352668
4.55011320 0.17183171
3.97309446 0.13233204
4.58083868 0.13524503
4.05177879 0.13624237
4.15607691 0.12275580
4.44959974 0.13668795
3.05539250 0.16904421
4.36370611 0.13796014
4.08315420 0.16284321
3.16448331 0.16288221
4.01665068 0.16629815
3.32583714 0.16586213
3.62402034 0.15203185
2.11916757 0.21688668
4.61690998 0.13784459
3.94571662 0.13317190
4.62710953 0.13868399
3.73493624 0.14813372
4.18151283 0.13254346
4.05401182 0.14730394
3.15359354 0.16347675
4.20280695 0.13172995
3.98674679 0.14455822
4.10698795 0.13184650
4.05074310 0.14624390
3.57883120 0.15408736
4.04759645 0.16738896
4.45129776 0.13667309
3.05850458 0.16897519
4.36195803 0.13792156
4.08022070 0.16278185
4.02406120 0.14277209
4.09865522 0.14022438
3.29407406 0.14738020
3.17542839 0.15566300
3.49119425 0.15708382
3.10505199 0.17515163
4.18051147 0.13262486
4.05496073 0.14740680
3.15236926 0.16357769
3.17209530 0.16263029
4.15086174 0.15481625
4.00237465 0.15634300
4.52256155 0.11617776
2.07716417 0.19421357
4.18496943 0.12726183
2.12380338 0.19098724
3.11730933 0.15797092
3.60852218 0.13877174
4.12389374 0.14830601
4.13430882 0.14690621
4.04252577 0.13636045
4.15359259 0.12281812
3.12279224 0.15784943
3.60825324 0.13874741
4.12678576 0.14827120
4.13979053 0.14685112
3.37610579 0.18524671
4.12873840 0.18085869
2.02359366 0.23465757
4.17215967 0.13437231
2.02337885 0.19941138
3.33698845 0.14665452
3.78052354 0.18361370
2.08573389 0.25698534
4.53379583 0.14378031
4.35311413 0.13464445
2.15789509 0.20991772
4.01607323 0.16626681
3.33504748 0.16579767
3.61774492 0.15202056
2.13108110 0.21630715
4.50293446 0.15988596
2.16993594 0.21903165
4.62138557 0.13214725
2.03685045 0.22404033
4.40184975 0.13950677
2.11555290 0.22076158
3.00231767 0.17551565
2.18762612 0.20318200
3.58165836 0.19850719
3.84683537 0.19844364
4.55004787 0.21532142
4.03815794 0.22769088
4.24627924 0.17258252
3.36986566 0.18941061
3.56770372 0.19181955
3.42723608 0.19104795
3.97927547 0.18983924
4.26099396 0.13203257
4.54499865 0.12853812
4.53580189 0.14508794
2.71933961 0.17527862
4.20087862 0.12979253
4.44823408 0.13866560
4.18206167 0.13101977
4.30492783 0.12739837
3.10251141 0.17054658
3.82769585 0.16910706
4.63501930 0.13953428
4.36113548 0.16384591
4.56365728 0.17777269
3.48829174 0.17298304
3.91890621 0.18709695
3.91355276 0.24100290
4.28175783 0.22358648
3.53668070 0.23955075
3.77508211 0.17282110
2.13333750 0.25150689
3.55330801 0.18993771
4.44998217 0.17911005
3.73712254 0.17663753
4.38314724 0.18278068
3.99573278 0.20543392
3.76228023 0.17702788
4.13839245 0.15641640
2.79476047 0.18362610
4.35620785 0.14334306
4.22599363 0.17910671
3.29374027 0.18467982
3.83660626 0.18444677
4.30212021 0.15386787
3.39402509 0.16226362
4.47693396 0.17915255
3.71891713 0.16096257
4.30205536 0.14907046
3.91232634 0.15999401
4.53345060 0.15024997
4.54971457 0.16614695
4.21460056 0.12910052
3.35494113 0.15206762
3.89620781 0.14451952
3.35165882 0.16107160
4.03604937 0.13227712
3.91165400 0.24136125
4.28355694 0.22405726
3.53754902 0.23997281
3.31212282 0.15134086
4.28150940 0.13033694
4.13991117 0.13102479
4.06763029 0.14572011
4.19124985 0.13388152
4.06787920 0.15339242
4.18437290 0.13821737
4.04081631 0.15373744
3.67203045 0.15698428
3.88930464 0.17129771
2.05043221 0.24558264
4.40490913 0.13347189
3.60765576 0.14910571
3.22861505 0.16546363
4.02215099 0.15916619
3.60192776 0.14540035
4.42942905 0.14540331
3.28046799 0.17771906
4.10187054 0.13148828
4.49495029 0.13244760
2.16322088 0.20366943
4.14282894 0.17792992
2.09033728 0.23940437
4.20440102 0.13335343
2.99805212 0.16363072
2.12012577 0.21364512
2.18530512 0.23314077
2.12126017 0.20003815
3.85935473 0.13646846
4.16029930 0.12524830
2.11694741 0.20606881
4.01136017 0.13617559
4.13791370 0.12347782
2.15363050 0.23417498
4.37431288 0.14846964
4.02208662 0.14956392
2.02436113 0.23624869
4.67304230 0.15112120
2.12865734 0.22871184
4.42107201 0.13851871
3.69780731 0.14090975
3.05415988 0.16546078
4.11039162 0.15223466
4.45226622 0.12671854
4.44285059 0.11717582
4.57986593 0.11583039
2.07836032 0.20355010
4.36893225 0.11814491
4.30902290 0.12016875
2.08670139 0.24355161
3.76568103 0.14692365
2.07829547 0.23455296
3.77575088 0.14352684
4.41071224 0.14391743
4.14367437 0.16802175
4.16975737 0.12694450
2.07595229 0.19224195
4.04860735 0.13882293
3.52655053 0.14127846
4.34600782 0.12466568
3.08387208 0.15998131
4.49388981 0.14973517
2.09218097 0.24038573
2.88819385 0.18457401
3.92338347 0.14949061
3.63602901 0.15954381
4.21601391 0.18533170
2.15209627 0.19580545
4.02906179 0.13216972
4.55810022 0.11494312
4.31348944 0.11814850
4.25285578 0.11745142
4.44039583 0.15888378
3.75513864 0.15936702
4.08282089 0.15474258
3.18438959 0.18270510
4.54114246 0.19138055
3.88416481 0.18482971
4.60098600 0.13112403
4.34770727 0.13234012
3.53255892 0.14924349
3.06440687 0.17091912
4.24805117 0.13663483
4.26557112 0.13341434
4.56315660 0.13543384
4.56681776 0.13171707
2.06704187 0.19110180
4.37164164 0.13529919
3.94718885 0.15196380
4.14480639 0.13808762
3.41118574 0.15473878
4.59215546 0.13219774
4.18606949 0.15018854
4.55371428 0.15803537
4.33603287 0.13891493
2.89155173 0.17789991
3.57389569 0.17139284
4.01452398 0.20341869
3.78372669 0.16088207
3.55753207 0.18895829
3.54187036 0.16779613
4.47247171 0.15294160
3.89861965 0.16001540
3.63771081 0.17178881
4.05819559 0.22171581
3.73822355 0.19460183
3.81377459 0.16762502
3.78775716 0.17037575
4.24104071 0.12613285
4.40476418 0.12447092
4.48588800 0.13460577
4.09403038 0.12497818
2.83877254 0.16846924
4.13350630 0.13720149
3.51006770 0.17138439
3.35119939 0.18442224
4.16326857 0.20835602
2.87913632 0.17908321
4.46623516 0.13446398
4.12096882 0.17255372
4.49560118 0.15482406
3.66088033 0.14376046
3.31051397 0.14287908
4.04106140 0.14124399
4.09206295 0.13517179
4.14158392 0.12078352
4.13608646 0.14179516
4.10546398 0.14232545
3.03646398 0.15634488
4.21954966 0.11932003
4.20333672 0.12143862
3.27195692 0.16611876
3.91652751 0.15669309
4.02638721 0.14989302
4.47862005 0.12975776
4.48117733 0.12672485
4.14082050 0.16231604
2.11562443 0.23853074
4.33960199 0.16096510
4.20407438 0.12274463
4.05880117 0.14159201
3.99504352 0.13842952
3.14001513 0.14897488
4.22008896 0.12007747
3.69501066 0.14082588
3.05733967 0.16528334
4.11124325 0.15206330
4.44844770 0.12660523
3.64712644 0.16350187
4.45979691 0.15260769
4.06459808 0.18327928
2.07870913 0.22909403
4.61277819 0.15028799
3.82658482 0.15539800
3.05077147 0.18579566
4.33745527 0.13293813
2.85852551 0.17489159
2.10904813 0.19198717
4.25682306 0.13006167
3.43820310 0.15084031
4.19413090 0.15094204
4.34662151 0.14461784
4.00593615 0.18381189
2.14637685 0.21898220
3.79953480 0.14631879
3.41921854 0.15258987
4.28611469 0.13345681
4.08121109 0.15422033
3.04765439 0.16345178
4.43145180 0.13103341
4.26564789 0.13285829
2.09512401 0.19446971
3.81590462 0.15634649
3.61740613 0.15903936
4.18042707 0.17778604
4.48845196 0.15309785
2.12032652 0.23502646
3.72605419 0.15062790
3.07004976 0.18941562
4.08070183 0.17043740
3.76583242 0.15232389
4.55365658 0.14451756
2.06147575 0.23384528
2.15831971 0.18856390
4.36645174 0.11673561
4.41618013 0.11772058
4.10541153 0.13838628
4.02379322 0.12120409
4.45062208 0.14007579
2.05865884 0.22732438
4.68942642 0.14194913
2.18984437 0.22145008
3.19322562 0.17066590
4.17726088 0.18977726
2.05624771 0.24558187
4.16146946 0.14510369
4.50397825 0.13597988
4.24530077 0.16863215
2.17358279 0.21207859
3.13327694 0.15255192
2.12119007 0.19808306
2.16461015 0.22260207
3.49235487 0.17963304
3.59398341 0.16141601
4.12304211 0.17661971
3.84964848 0.16585882
4.46177387 0.15385956
4.17294645 0.16037704
4.10431480 0.14364454
4.19050932 0.12318171
3.14366293 0.15793960
3.29313087 0.14396740
4.24167156 0.12457287
4.64324331 0.13862275
2.67945361 0.16979544
4.03169632 0.12871487
3.49931574 0.14107020
3.67654490 0.14643292
4.30631876 0.12660915
3.39319515 0.19417976
4.40435982 0.17133386
4.07091570 0.20491762
3.88454294 0.16532016
4.45442581 0.17427231
3.81561065 0.19030754
3.82599640 0.16692126
3.98555374 0.15410060
4.64681721 0.12604524
3.78213668 0.14713472
4.22782898 0.12877278
3.52637148 0.14095268
2.15042877 0.21207392
4.35021305 0.13089339
4.15976191 0.13042973
2.31925821 0.20432395
4.19801188 0.13316070
4.60467100 0.14579207
4.09466887 0.16643023
3.98911905 0.17512983
3.81926894 0.15322430
2.88864875 0.18276618
4.55398369 0.13072895
4.23170996 0.12973881
4.10751867 0.14474651
4.50344801 0.12706855
2.82490587 0.16722922
3.95950294 0.14897922
3.43493199 0.15005875
4.12223864 0.14623670
4.47565556 0.12862851
3.85219383 0.16465865
3.63351178 0.14701040
3.86775661 0.13944302
4.17846727 0.12939475
3.98265886 0.14407748
4.19818020 0.14325018
4.43891239 0.12462828
3.94976187 0.14023013
2.96076035 0.18126599
4.37831402 0.14625324
3.68958044 0.14761561
4.00885725 0.17007726
3.48995256 0.16855717
2.80600762 0.19240524
4.44244957 0.15475856
3.80197453 0.16789345
4.25501919 0.15171531
4.03022146 0.17813180
4.10698223 0.15126134
4.35961771 0.16044801
4.51774406 0.14741264
4.63879156 0.17915161
4.30530453 0.16379379
4.12956381 0.19974387
4.58921003 0.13418119
4.04977751 0.12526040
2.83665514 0.16279627
4.23347950 0.12617159
3.13059759 0.15350983
2.13381934 0.19092906
2.10158634 0.19616085
4.32575464 0.14392292
4.01997948 0.17105268
4.18293524 0.17194955
3.52537465 0.16599272
4.10427237 0.14390504
4.18877220 0.12335461
3.14218950 0.15816413
3.28968549 0.14416070
4.23805046 0.12475956
4.37663603 0.15963237
2.12932754 0.22209328
2.13285708 0.22371022
2.95650482 0.18157007
4.37866735 0.14649861
3.68929768 0.14779548
4.00109434 0.17035790
3.40531421 0.16161664
4.46034622 0.13103504
2.20247006 0.21050780
3.60290194 0.14441188
4.47351074 0.13205247
4.48350811 0.15293394
4.10305405 0.14176840
3.43851185 0.15682276
4.14010715 0.13094205
4.39527893 0.13005698
2.09314537 0.20618469
4.50234318 0.16514163
3.75505781 0.14621000
2.14400434 0.22224914
2.14834070 0.22208035
3.79844975 0.14726146
3.61781907 0.14803515
3.31786180 0.17059742
4.38815260 0.14072311
4.32546902 0.14844564
4.63245106 0.16935505
3.36058116 0.17079508
2.28985691 0.21583228
2.12887144 0.22142810
4.00458670 0.17959513
2.25879979 0.21825820
3.76391649 0.17172544
2.19456220 0.21647020
3.91154242 0.14371961
2.24979186 0.17914678
4.06226063 0.14333598
4.52778101 0.16890340
4.64900732 0.16494276
2.09884238 0.22174537
3.08334756 0.15863846
3.30676317 0.15363218
2.18093395 0.19835816
4.49659729 0.16910751
2.08502221 0.22197765
3.12155795 0.18915986
2.17614031 0.23138863
4.65003395 0.13966890
3.07149768 0.15346135
3.25168061 0.18514167
4.59867001 0.18316929
4.47113180 0.18262558
3.02086735 0.15477847
3.04107380 0.15948346
4.06702995 0.14359346
3.19921994 0.15873146
4.09599733 0.14928167
3.95387173 0.17344092
4.03988171 0.17460793
4.03272581 0.20273197
4.57046843 0.18095236
3.45060754 0.16628249
2.88584256 0.17489594
4.06642389 0.17016907
4.02732801 0.20231180
4.55717278 0.18052478
4.03373289 0.16320227
4.06616068 0.16140540
4.14175463 0.15971835
4.03551912 0.21220095
3.35706830 0.19349988
2.69310951 0.18208283
4.54131603 0.15588288
4.03258276 0.16319317
4.06381512 0.16139752
4.14374113 0.15973686
4.10088634 0.14969325
3.96382141 0.14784794
4.04911327 0.14679655
2.17906570 0.17649037
3.90498614 0.13532433
3.03591800 0.15196177
2.98328018 0.17275812
3.14514923 0.17256893
3.03831148 0.15952606
4.06111717 0.14358395
3.20507693 0.15866385
2.12905216 0.20138074
4.51144028 0.15701239
2.15548921 0.18397395
4.53739452 0.13838524
3.74752808 0.14712350
3.03799558 0.15950388
4.06476450 0.14355321
3.20080757 0.15868299
3.92334580 0.14332747
2.24232674 0.17923635
4.06655407 0.14299412
2.14817882 0.23331732
3.68870640 0.15096645
2.16640472 0.19875945
2.18394518 0.22449435
4.67987394 0.13314053
2.08215761 0.22406565
2.07287645 0.20352109
4.65324831 0.13608019
4.49506664 0.12041403
4.51699114 0.11637463
4.31986523 0.12933442
3.74723268 0.21690345
3.09253526 0.25278580
4.33308029 0.15384273
2.81365180 0.19670035
3.48046923 0.17394137
4.39835739 0.13711345
4.12956762 0.17412893
4.52925825 0.13936822
4.48739672 0.13723797
4.05257797 0.16703606
4.43090439 0.13442783
3.57616520 0.14599638
4.13296270 0.16651112
4.43817663 0.13753270
4.39364481 0.18072845
3.75574946 0.19277988
4.38598108 0.21618442
3.65540910 0.14130907
3.67287374 0.14261955
3.61307144 0.14232497
4.12456560 0.15655543
4.27396584 0.14925104
3.01331711 0.18733688
4.11547613 0.18536781
3.73158407 0.19083579
2.73022056 0.20900159
4.22546959 0.13925034
4.29699183 0.13843383
4.25300074 0.13413246
2.10400891 0.22124852
2.18035841 0.19562979
4.26117945 0.13895361
3.61661220 0.15434642
4.47461653 0.14743654
4.04073429 0.17793708
4.11411953 0.13601451
3.25539494 0.17345081
4.26933432 0.13926119
4.39683628 0.13729806
4.12275648 0.17439373
4.52365112 0.13954596
4.48933029 0.13744777
4.05801487 0.16735260
3.01382709 0.18793075
4.11619616 0.18629038
4.42764759 0.13488978
3.57146502 0.14642608
4.13173866 0.16724579
4.43406534 0.13802883
4.16908598 0.13585936
4.11442327 0.13649286
4.03261471 0.15629096
3.61456656 0.15420128
4.47601557 0.14726557
4.04672050 0.17773087
3.64904857 0.14155743
3.66899300 0.14285843
3.61324906 0.14253439
4.13191843 0.15691264
4.27776289 0.14959793
3.32920623 0.14677434
4.25000477 0.12897994
4.16796494 0.12987950
4.23322773 0.13038243
4.20889902 0.12918626
3.32765079 0.14654891
3.30807352 0.16417290
4.28955460 0.14422847
4.19979334 0.13208364
3.83886218 0.15210430
3.96291375 0.15109333
4.38609505 0.14436992
2.91342044 0.18415840
2.16568708 0.20929664
4.02224159 0.17022832
3.60741901 0.14808942
4.38765049 0.13823099
4.13627672 0.13015111
4.25257492 0.12901759
3.17262554 0.16324784
3.58139586 0.17965864
4.45214701 0.21847075
2.11075878 0.25337097
4.44004011 0.15000471
3.52094913 0.17480481
2.14891529 0.22419028
3.82409453 0.17018211
4.49826241 0.20021623
2.15107322 0.23845957
2.09733343 0.24571435
4.34726954 0.17473130
3.78180981 0.16061957
4.22274160 0.13059117
2.10462213 0.22062886
4.38354206 0.14741349
3.31800103 0.15560767
2.10913920 0.22915328
3.32240987 0.16901450
4.33865833 0.14242263
4.46417236 0.14874725
3.65140510 0.15258181
2.15086818 0.23539494
3.42119670 0.17287202
3.70885062 0.15742707
