3.50984526 0.14732580
2.22587538 0.14238365
3.63054323 0.16176206
4.23681784 0.09782910
2.16640639 0.10450014
4.34798670 0.06302322
4.00930929 0.10894919
3.80249095 0.09181410
3.01321220 0.15566325
2.17088819 0.12102082
3.02019978 0.16371825
4.24591875 0.06212413
4.39805317 0.07386025
4.56073427 0.06245164
4.36863279 0.07910758
3.87228012 0.09006376
3.81305075 0.09991018
2.09051776 0.13488215
4.38780689 0.09275871
3.83908606 0.13328804
3.97894716 0.12876697
4.68549013 0.06316356
4.64712286 0.06297463
2.13276553 0.09786868
4.34508944 0.09076443
4.37407923 0.06131894
3.56990552 0.14563824
3.79575634 0.10528788
3.32520032 0.15302230
3.79875875 0.11252626
3.77746654 0.12381071
2.86041355 0.16461687
4.36239529 0.12003771
3.96151233 0.11104345
4.43501329 0.07122593
3.40695453 0.14895439
3.83336163 0.13786142
4.09361601 0.08501142
4.64869690 0.08269574
2.27163887 0.13459754
3.97225094 0.10612638
4.37333775 0.08156022
4.46513224 0.09862912
3.48038435 0.14597392
2.10344338 0.14221177
4.34007454 0.06472065
3.91363382 0.12277798
3.52421284 0.16632876
3.32956600 0.16236237
4.08474302 0.07924670
4.48111105 0.06253270
4.46867371 0.06554604
4.21671534 0.08336607
3.75153184 0.15948416
2.07314801 0.14724605
2.12919331 0.13529272
3.81406116 0.11654996
3.54959655 0.15038361
3.08078504 0.14661460
4.11950254 0.10282117
3.11788821 0.17268272
3.90523100 0.10458305
4.42416048 0.06430889
3.83081746 0.12665936
2.12111712 0.13967200
3.88140583 0.11539253
4.11808538 0.07883231
4.10946369 0.06588145
4.48457956 0.07418822
2.10925627 0.12298506
4.02965498 0.06371034
4.54823780 0.06886277
3.82203126 0.08857984
4.14349413 0.08142797
2.15341210 0.12268758
2.09805059 0.14014250
4.34073830 0.06469496
4.51337194 0.05943035
4.66994238 0.05856571
2.11357093 0.11613709
2.20290470 0.10973813
3.54998040 0.15021069
3.08075404 0.14653736
4.12402058 0.10252757
3.12370872 0.17233266
4.16524506 0.06364479
4.04353094 0.08085509
4.01958036 0.12712480
2.13756442 0.14904062
3.45167828 0.15438209
3.85598350 0.12661391
3.87547731 0.09018854
3.33784080 0.13108242
4.31790209 0.07767123
4.32181406 0.06167835
4.23104191 0.06399507
3.01185536 0.14142711
4.41480112 0.08825356
4.29374409 0.08312825
4.61046553 0.06535996
4.21632433 0.08280409
3.93833137 0.11421508
4.22788048 0.08275227
3.21209526 0.15980031
4.28765965 0.06351851
4.63469315 0.06287570
3.06062198 0.17255664
4.37284136 0.09842137
4.20222473 0.06222254
4.36063957 0.07581890
3.20523357 0.16711557
2.19031167 0.09910762
2.98646188 0.14863908
4.44910192 0.06469778
4.50925255 0.07946185
2.19445086 0.14762102
4.32730579 0.08897852
4.29701948 0.08703358
3.33201337 0.09727710
4.18164015 0.09334867
2.96776080 0.17624928
4.54014015 0.09754205
2.21869040 0.12047217
4.64122963 0.06340677
3.30695009 0.17071311
3.56691742 0.13384224
3.50658584 0.14865929
4.63568687 0.07652117
3.45950365 0.18300577
3.12230253 0.18303607
4.51427841 0.06323034
3.11638927 0.18330799
4.51782274 0.06323076
3.80800128 0.08667468
3.80145288 0.07960395
2.16617727 0.14091687
2.23083353 0.12450195
2.71179509 0.16775209
3.82676721 0.12540461
3.47477865 0.16598718
2.10961485 0.13205394
2.07012773 0.11338446
2.09890294 0.14256316
2.14002156 0.11369758
3.56058955 0.14701761
2.13908434 0.11428859
3.79236650 0.10977843
3.89696407 0.09564979
3.72859311 0.17070924
2.19412613 0.10199533
2.10806012 0.12173980
3.54777002 0.18192606
2.25771737 0.12989537
4.55978966 0.09429675
3.91494322 0.10302546
4.57355404 0.08423439
3.40694547 0.11401644
2.18182921 0.13010515
2.13643503 0.12745753
4.44083214 0.07977071
3.45110393 0.15742345
3.87416935 0.11861783
4.63165808 0.07904730
4.51263666 0.07835322
2.24188447 0.15458903
3.53617239 0.13714270
4.53058052 0.07913934
2.16368484 0.12264136
2.73129964 0.15118349
4.27692699 0.06516983
3.02262878 0.19085741
4.04232645 0.13025248
3.61591148 0.15146036
2.19786263 0.12026540
4.09841394 0.08082017
3.87919617 0.09802282
3.52995729 0.13756730
4.52637434 0.07913632
2.16199565 0.12225308
2.73404455 0.15101846
4.28242540 0.06515456
3.21588182 0.13542818
4.09168005 0.08282401
3.14096999 0.17885263
3.02178645 0.19084622
4.04726744 0.12956725
3.61955047 0.15100370
4.06767416 0.12311777
4.04684639 0.13143422
4.13958025 0.09920698
4.36801481 0.08543678
4.50353956 0.07774961
3.00627542 0.16419089
4.07159805 0.07935261
4.01737165 0.10921016
4.30093670 0.06100074
3.12425399 0.18290593
4.51510763 0.06322756
2.14647913 0.11049426
2.22366953 0.10386503
3.62696624 0.15652598
2.18659496 0.14879629
3.71080828 0.11066053
4.63862181 0.08565322
4.06771898 0.12305710
4.04558229 0.13160451
4.14169931 0.09903174
3.64886642 0.13093506
3.43070722 0.16887234
4.51674509 0.07661652
3.43768573 0.17897503
3.02165151 0.19084084
4.04625416 0.12966897
3.62011957 0.15097927
2.20011687 0.11063546
3.00899863 0.12889601
4.49611616 0.06029700
3.86085057 0.10043740
3.65930223 0.09188441
2.29131961 0.17384797
4.40512562 0.07613342
3.72617269 0.12637252
2.26322913 0.15236321
4.43978834 0.07891188
4.01754379 0.11978865
3.99825263 0.13333780
2.56029892 0.18387248
4.65555048 0.08121996
3.39634871 0.16670369
2.28154016 0.13472168
4.13867617 0.10464379
3.25206208 0.19281740
4.18516541 0.08159550
2.17961383 0.13125375
4.62491035 0.08025811
2.17504478 0.11025339
4.10169840 0.08786702
4.10784626 0.15313579
3.34546924 0.17616908
3.32032943 0.18917859
2.19520211 0.17476243
4.41877842 0.06437141
3.86795783 0.13561746
3.74063301 0.13226058
2.22124934 0.15269180
2.21263695 0.13287155
2.19178176 0.11020056
3.76372814 0.12253836
2.20201302 0.15550792
2.29916883 0.16761893
3.58455348 0.16969828
3.77382231 0.15946572
4.07515001 0.12428361
3.02442431 0.15933309
2.30004072 0.15165894
3.72157121 0.17770714
2.88382173 0.19741441
4.11037731 0.11758814
3.36855149 0.24644405
2.71611786 0.23436183
3.80394459 0.13023563
3.63244176 0.15691715
2.16089582 0.16432086
3.87516928 0.14711888
4.67750597 0.08117563
3.66401744 0.14463724
2.18056178 0.13245808
3.18034720 0.19448532
3.92130470 0.11358234
2.71102619 0.23451649
3.80924749 0.12987305
3.63745284 0.15681028
2.16847706 0.16626965
3.87190366 0.14738044
2.20590878 0.14701915
4.61689377 0.08825397
3.63511848 0.15374880
2.17533612 0.16138713
3.72433257 0.10059446
3.34367061 0.17763650
4.01361275 0.08874943
3.90787959 0.08440897
4.09407330 0.16222090
3.99677420 0.08687595
3.97660065 0.10532682
4.00960302 0.16487718
4.07565832 0.12465501
3.02390957 0.15959556
3.11542201 0.21687782
3.02610493 0.16687737
4.04453468 0.15204386
4.34948683 0.07850239
4.63600683 0.07757107
2.15875697 0.08719883
4.61061239 0.06100556
3.17684054 0.19463934
3.91914582 0.11397063
4.02294493 0.11914101
3.99628592 0.13354331
2.93040347 0.18555416
3.25184703 0.20027794
2.25321960 0.14318965
3.80875826 0.15309225
3.80748534 0.22195399
4.38411713 0.08368111
3.35708261 0.15097676
4.02051783 0.11918614
3.99549150 0.13358976
2.28426600 0.11019363
4.05951595 0.09946325
3.48152733 0.15777414
4.54909658 0.06032014
2.92683792 0.17420046
3.70037413 0.13039716
4.59629393 0.08002798
2.18919349 0.11076736
2.20211005 0.13006346
3.97211051 0.10846416
2.55959010 0.18380718
4.65516615 0.08127900
3.39708948 0.16659932
4.68546057 0.06349313
3.79137754 0.13396131
2.23320627 0.14547093
4.17351627 0.12352613
2.21139026 0.15163842
2.70001841 0.17687161
4.55793762 0.08737602
4.00104952 0.10859159
3.21076298 0.16085215
4.12656116 0.08831221
3.62958622 0.10520657
4.16264915 0.11078215
2.16250563 0.13257466
3.88458753 0.15208922
4.47962856 0.06303764
3.00827169 0.15581669
4.22913742 0.07709212
2.18294048 0.11344984
4.10259390 0.06254230
4.20683956 0.08253971
4.40476274 0.06347746
4.07368660 0.11147911
3.15976667 0.18049170
4.19267178 0.10425939
2.25519729 0.14516072
2.81642747 0.18714935
4.02507257 0.13303371
3.06328773 0.19567882
4.11966324 0.11930633
3.25805688 0.15681504
4.13637066 0.13719077
2.69433951 0.20267890
3.98502016 0.13705581
2.22643375 0.15829018
4.11087513 0.15125819
3.48493242 0.18667060
4.07868433 0.12383161
4.42320728 0.06165424
2.25818801 0.16098164
2.24341536 0.14276382
2.82820535 0.18675321
4.01653194 0.13371825
4.36857986 0.07839031
2.21278715 0.11333352
4.01006126 0.12820208
4.06122541 0.14126109
3.57017994 0.14291997
3.18540001 0.21546996
4.24313545 0.12009192
4.53764820 0.10296413
4.05817747 0.13450588
2.19609547 0.14077483
2.78771973 0.20994067
4.15704250 0.13640498
2.62218761 0.17375328
2.28317142 0.16079740
4.01875973 0.11643716
2.18663383 0.15572439
2.68357944 0.20306736
3.99309945 0.13662289
2.23195696 0.15991315
4.09919834 0.15268174
4.55273199 0.10236976
4.04359627 0.13632007
2.20657969 0.14350696
2.77770305 0.21003824
4.00232744 0.10826236
3.21090341 0.16076200
4.12672138 0.08812303
3.63171744 0.10503542
4.16292858 0.11062620
4.02313757 0.12727852
4.07822227 0.10131788
3.19774985 0.19006850
4.18113184 0.06418281
4.40637398 0.06347811
4.06728506 0.11220971
3.16623712 0.18027459
4.19621420 0.10371710
4.09736061 0.11838139
4.13178825 0.13245422
4.13632345 0.12834628
4.20314407 0.07956651
3.18804216 0.21882439
4.39721298 0.06668157
2.92539477 0.15415336
3.76573873 0.09710685
4.17302608 0.08862731
4.47126913 0.09405982
3.06161332 0.19554842
4.11949825 0.11905095
3.26057315 0.15666561
4.14253664 0.13608404
4.00747776 0.12834923
4.06536770 0.14076896
3.57199073 0.14276244
3.18984032 0.21525069
4.24344063 0.11985838
4.50532770 0.10139991
4.16695642 0.10531724
2.87549114 0.19406410
3.39251137 0.15359442
3.88637042 0.17308299
4.00512266 0.12017188
4.41636801 0.06436286
4.09345675 0.07903417
3.86870122 0.13187411
3.54474545 0.15925735
3.44934511 0.15979730
4.11358595 0.12562342
3.83436775 0.11195961
3.83054256 0.15023227
2.19589186 0.14012910
4.19897604 0.07022703
2.17692208 0.12792002
2.17247486 0.14407760
4.32031822 0.06486008
2.17310452 0.13329042
2.92963767 0.17002086
2.23130894 0.13872541
3.90577793 0.14581855
4.30349016 0.06313910
4.57685518 0.10078990
4.19380665 0.10794417
2.15458250 0.13681595
3.56472278 0.12494168
3.37743521 0.20524013
4.33926725 0.08031553
3.52165914 0.14833538
4.63870668 0.06193497
3.94524026 0.12769739
2.22015047 0.10658816
2.20181513 0.12717083
4.65542698 0.08194705
4.32890034 0.06584558
3.32174420 0.17747660
3.76877618 0.08500770
3.19409227 0.16527405
4.19702864 0.10204089
3.08467412 0.15667164
3.91286254 0.10630587
4.40376282 0.06423033
2.25969768 0.14519162
2.27411675 0.13693838
4.67723131 0.08068022
4.49920177 0.08201212
2.13100362 0.11313883
4.69129324 0.06362312
2.12897825 0.09596143
4.55464315 0.08456239
2.19448614 0.10699590
3.43605995 0.14510255
3.99597836 0.16014455
2.99236059 0.20537931
4.14593458 0.07095466
3.53223109 0.12987204
3.04424143 0.19269586
2.91907811 0.19871219
3.97407460 0.13797976
4.12437487 0.07097652
4.13184977 0.06837860
4.35750675 0.06782173
4.15776539 0.10000873
3.81222558 0.09814113
4.48641205 0.08963003
3.49035001 0.16125549
4.30687380 0.06479578
4.48293686 0.06609032
2.17880392 0.09786522
3.19390845 0.16521929
4.19484997 0.10233048
3.08136439 0.15677302
4.13649940 0.06552023
4.08820486 0.08468911
3.99559808 0.11940727
3.98555732 0.08376171
4.47175598 0.06575786
3.01356840 0.13870744
4.01300955 0.08434004
3.53395033 0.12959374
3.04250908 0.19266748
3.93044162 0.13096197
4.22420216 0.06669904
4.11793852 0.09674204
4.44441128 0.06853374
4.02014160 0.12010764
3.05700469 0.13570037
3.19247508 0.16528285
4.19477129 0.10236830
3.08264208 0.15678464
2.91810703 0.19868074
3.96841121 0.13850825
4.13075447 0.07026219
4.13233805 0.06822295
4.36257458 0.06730011
4.16211081 0.09914038
3.98331165 0.13418712
3.96276450 0.13161235
3.57400584 0.13332312
4.63077879 0.06367624
4.08162689 0.08297316
2.21672130 0.07472782
3.52241206 0.11824656
4.34192181 0.07526425
3.91972351 0.10582989
4.39957952 0.06424861
4.00375271 0.15889691
3.00025296 0.20533715
4.14134264 0.07147623
3.91392422 0.10648318
4.40037918 0.06423681
2.16906595 0.10955691
2.15026045 0.12044241
3.28948951 0.16241144
3.29008174 0.13960877
2.15438366 0.08514673
4.39135361 0.06431144
2.16801953 0.07974022
4.21035671 0.06293949
4.14409065 0.07747024
3.60952973 0.20048992
2.35499334 0.18047501
3.67814684 0.12593247
3.39034009 0.15476790
4.59555531 0.06378413
4.53679180 0.08032251
3.81476808 0.09801522
4.50076771 0.08855286
3.69067216 0.10727634
3.75792527 0.10663912
4.34394741 0.06483212
3.91971707 0.13441220
3.42225266 0.16050011
4.50349426 0.07514365
2.16440129 0.10605334
4.30669880 0.10694587
3.59943247 0.18689311
4.23920059 0.06294005
3.82277393 0.10471977
4.11347437 0.08314616
3.97643423 0.12117284
3.35530472 0.17814858
3.95254612 0.11052781
3.28667521 0.17041953
4.10992622 0.06477745
4.19302177 0.09074294
3.92434525 0.10964406
3.84959650 0.19356422
3.84013891 0.09477616
4.00784397 0.10089660
2.15139294 0.16424339
4.56281424 0.07470726
3.78168178 0.11138222
2.68620133 0.18224378
2.27115941 0.14835864
3.97162962 0.11116865
4.58650923 0.06683927
3.78482819 0.20917861
2.12718749 0.15215208
3.90763450 0.15336652
3.54258251 0.15117261
3.89631653 0.12680317
3.33120537 0.23382813
2.14099574 0.12890108
4.57046747 0.08736414
4.18298817 0.07506626
2.10835314 0.11790702
2.11665273 0.13118769
3.82904458 0.08052764
2.09994483 0.14216030
2.19968414 0.14924556
3.44416451 0.15218179
2.18847823 0.14533831
2.79182267 0.16973020
3.95382047 0.10872263
2.74517608 0.21113206
4.04621935 0.10060015
2.15483761 0.19784099
2.17145777 0.12899625
3.85244918 0.11174148
2.92970896 0.17792134
3.98095894 0.12691085
2.18334746 0.15653707
3.44426155 0.17163570
3.82598305 0.08068704
3.99380565 0.09145895
3.84605837 0.10001597
4.51848793 0.05958204
3.62235618 0.13820000
2.16093874 0.15297209
4.59946156 0.08474246
3.96709085 0.09165706
3.89374757 0.13850136
4.14675188 0.11549678
4.30898857 0.06531963
2.14737225 0.14724748
3.56148100 0.19179703
4.30838823 0.06411103
2.30853653 0.16815598
4.71857357 0.08284993
2.45072865 0.19260328
4.37076807 0.06222313
2.62072372 0.15574105
2.15626621 0.13395110
3.96337414 0.12677015
2.15947056 0.15209006
4.04435682 0.06321725
4.04614782 0.08216662
2.20911813 0.13122950
3.94396305 0.11522891
2.74742889 0.21102767
4.05083323 0.10017386
2.15026712 0.19663082
4.26035166 0.11813086
3.11177993 0.18187277
4.07249403 0.12248016
3.19913578 0.17446010
4.05278206 0.12350538
4.17462873 0.15039501
3.09215283 0.20209639
4.29425716 0.09681151
3.29181409 0.19160287
3.23332548 0.16073290
3.98301053 0.12031623
4.37386942 0.09394408
2.18801069 0.11373336
4.64184761 0.05848583
4.05652094 0.11112288
3.19056988 0.15112559
4.46151161 0.09906054
3.99240375 0.12988041
4.07863522 0.12464070
3.12995219 0.18311048
3.57956147 0.13386007
4.03069735 0.10641259
3.96193218 0.14177184
4.40800333 0.10411855
2.95512414 0.17388415
3.83619523 0.11466401
2.17809725 0.11180951
4.30359602 0.08350486
3.39483619 0.17946549
4.42921352 0.11065678
3.81588411 0.15242730
4.41516638 0.06616492
2.85680056 0.19201888
4.05519438 0.13892464
4.45068264 0.12007847
3.46450520 0.15060152
4.43303967 0.08886322
3.97693896 0.13316259
4.00813627 0.14120314
4.43280315 0.08270935
2.19487739 0.12909040
3.82408786 0.09501183
3.10198736 0.20297556
2.19316888 0.11199757
4.00361633 0.09291193
4.06101084 0.08416032
4.33601665 0.10756247
4.22443962 0.09519399
2.73575449 0.18756491
4.35723162 0.09655591
4.28607368 0.06624012
3.45108056 0.22377710
4.29647303 0.10017287
2.12770486 0.11777126
2.15979719 0.12273137
4.25658751 0.07920352
3.86912966 0.08314765
4.14390993 0.10517008
4.05753136 0.11402572
2.14267731 0.09794506
4.45664883 0.07795290
3.71642017 0.08105872
3.18734384 0.17393579
2.22320509 0.13884443
3.28241920 0.19904870
2.83167815 0.18259174
3.97601247 0.08441026
4.31731367 0.13707812
4.34013700 0.10780514
4.03987646 0.09382557
3.31999445 0.19897322
2.14207029 0.13842498
2.12472224 0.13891165
4.32264471 0.09335908
2.18918014 0.13552319
2.18356252 0.15438463
4.40880919 0.09757034
3.26350164 0.14009793
2.16511631 0.11537460
3.57101417 0.15703563
2.18495941 0.13906090
3.45039725 0.14466809
3.70973945 0.09086455
4.53346682 0.08090322
2.21624732 0.15409090
4.31150675 0.10883307
2.18363237 0.14954700
2.32830572 0.17380756
3.58386064 0.15137438
2.20827818 0.18273586
3.40605116 0.19414747
4.39367390 0.09379769
2.08879995 0.11662703
3.79467058 0.12908024
4.47975540 0.08206929
2.17937326 0.15018424
3.79207778 0.09847727
2.18165827 0.14316915
3.21668482 0.19156623
3.12527966 0.16947818
3.07181001 0.18257160
4.29815769 0.09957734
3.23074293 0.17545940
4.15852118 0.12014183
4.09642601 0.07646840
4.16815948 0.08372229
3.78085017 0.13512476
2.38997984 0.18846077
4.17586184 0.08843485
4.13856125 0.10582209
4.04923820 0.11496970
4.13155794 0.08344064
3.37914252 0.17280076
4.41793156 0.09784722
4.52499628 0.10048596
4.49262571 0.10502637
4.54856634 0.07907779
3.48492193 0.15154807
4.12990379 0.08805142
4.05372906 0.09263224
2.97378206 0.17516293
4.00994587 0.08048620
4.02900314 0.08495463
2.94087529 0.17049956
3.78087759 0.14626932
3.87040067 0.10947809
2.10069156 0.11846013
2.15976477 0.13498408
3.77000594 0.15830109
3.69314218 0.13108088
2.30593872 0.14388938
3.78992558 0.14971684
3.54008365 0.16973048
2.16140747 0.09253472
3.86428308 0.08171662
2.87212944 0.18049999
4.48597527 0.08596539
3.87037802 0.14052242
3.36646152 0.15526408
2.18481874 0.16595012
3.63728189 0.13001047
2.22719407 0.15571232
3.98241949 0.15813857
3.19216847 0.23987727
3.01174641 0.19583535
4.28625870 0.14659530
4.05194139 0.12822701
4.60080194 0.08126358
2.22265148 0.14850108
3.84981179 0.15655984
4.53381729 0.08392819
2.80011368 0.24035199
2.19253397 0.16489224
2.15435648 0.14120738
2.16821241 0.14851539
3.82277226 0.10257974
2.16991329 0.12821989
2.20305943 0.13331209
3.53126645 0.11142574
4.02247334 0.09468437
2.08145118 0.13917200
4.50067854 0.10646126
2.73470783 0.18038251
2.17453504 0.13675378
3.73891664 0.15637816
4.60159588 0.09024555
2.19236779 0.13353065
3.39773321 0.18578036
3.82288527 0.13301764
3.98066473 0.12059624
2.18300009 0.17189078
3.79375267 0.12008921
3.56260443 0.17373042
2.77568913 0.14924805
4.52699232 0.11990088
2.14271021 0.12273475
4.15427065 0.08228920
3.26444769 0.21554093
2.17221737 0.15033151
4.00304031 0.11670836
4.49822283 0.12863050
2.08714747 0.14886238
3.97918010 0.11026367
3.47577333 0.19436073
2.23105597 0.17960532
2.75995827 0.20806146
2.24202228 0.15511678
2.66729188 0.18701686
3.37139487 0.18192591
3.91626596 0.13082425
2.17971516 0.12037713
4.02441931 0.11933666
4.51819801 0.09792625
3.91044760 0.09355003
4.27863693 0.09614444
4.41992378 0.11096846
4.51169825 0.08387122
2.17688370 0.12684457
2.74297404 0.17473198
3.98225093 0.15820281
3.18994498 0.23984270
3.01211858 0.19579887
4.28392696 0.14689706
4.25738573 0.11980110
3.19009590 0.18237035
3.90894556 0.10322123
4.14634705 0.08229873
3.27031827 0.21545845
2.17221832 0.15012519
3.90100312 0.13900931
3.70997715 0.09486731
4.24915695 0.12251960
4.02441311 0.12115011
2.87686682 0.20016654
3.90796947 0.13024192
2.86834836 0.16862662
4.02906466 0.11955769
4.05064631 0.12291992
2.74237394 0.17811079
2.58911705 0.22743523
3.93971300 0.11704410
4.00501919 0.11943430
2.99156833 0.18032593
3.27082777 0.15638608
3.96113038 0.10113505
4.53641748 0.08407924
3.31810832 0.16460319
4.12934780 0.14660574
4.00254917 0.12203415
4.23302507 0.08477664
2.78592634 0.20514138
3.34007311 0.15778807
2.24278617 0.13480400
3.12471843 0.20614456
4.72303057 0.06269985
2.99626470 0.17426683
3.68677354 0.17166264
2.31384087 0.13384131
4.60944510 0.09348223
4.35447836 0.08558933
4.48704433 0.09379479
3.03423214 0.17266946
3.73533583 0.13130875
4.58948612 0.06195682
4.40934992 0.06369185
2.21302247 0.15889849
4.52679157 0.08227507
3.79702425 0.13000977
4.73053694 0.06617819
2.18097520 0.13608502
4.24778223 0.12119809
2.20729756 0.13183750
2.12146544 0.14938237
3.74048829 0.14755572
4.20404673 0.10909619
2.21536708 0.13574106
2.16714406 0.14643528
2.14650083 0.12771638
3.70161486 0.08367193
4.19350004 0.08202628
2.12855220 0.12804639
2.22894073 0.14213166
4.24678040 0.09790886
2.14334631 0.13816823
4.13969517 0.08209388
4.12484884 0.10250825
4.05210829 0.10642415
4.16507769 0.12553525
3.44351673 0.14751905
3.83858204 0.08415958
3.28047800 0.18365605
2.19537067 0.11712018
3.44100285 0.20886724
3.42966270 0.18772139
2.18304920 0.16081837
3.80776858 0.12482935
2.65744567 0.15997502
3.75971103 0.13951071
2.21663570 0.14600307
3.72095442 0.10928743
4.47313404 0.09298000
4.01270723 0.12395620
4.36259079 0.07545759
2.15984893 0.13638428
3.80644250 0.11620286
2.67439699 0.15992364
3.75459862 0.14012755
2.20262122 0.14242364
3.73862410 0.10731697
4.43290567 0.06845780
4.09799767 0.09894407
3.14942741 0.14381589
4.01719332 0.13324355
3.18404746 0.15786248
4.04758167 0.10356028
3.75600886 0.13604498
3.80508494 0.11545952
2.19536257 0.14980866
3.96508455 0.15130299
3.35564637 0.16450837
2.17393637 0.11868566
4.43158865 0.06859351
4.09820795 0.09893008
3.14705443 0.14392009
4.01971483 0.13294928
3.18582201 0.15778959
4.07512188 0.19293381
4.05668449 0.13100861
3.05794406 0.22398484
4.22456789 0.06861284
3.17847252 0.16104840
4.51844835 0.10425361
2.23891735 0.11266773
3.77441287 0.12623081
4.31397676 0.07277036
4.10381651 0.16709305
4.09107971 0.08669624
4.47016811 0.06773970
4.06779528 0.15685439
4.13604403 0.08242822
4.11880159 0.10320056
4.05640602 0.10604966
4.16573429 0.12538062
2.29946971 0.14750873
3.10629010 0.19191480
4.73334789 0.06341008
3.50160861 0.19470976
4.05206490 0.16913539
4.45691729 0.06899344
4.13819313 0.08221672
4.12452793 0.10253278
4.05528927 0.10595021
4.16830254 0.12500112
4.00384092 0.12114617
4.23579979 0.08402789
2.80012918 0.20535988
3.33580732 0.15703534
2.31329274 0.13645120
3.33870435 0.16715272
4.04471016 0.08578414
4.28068352 0.06641006
4.36549616 0.08510721
2.71736741 0.14293851
3.49994278 0.12507732
3.97634530 0.12842961
4.43752432 0.08459336
3.80013561 0.10376876
4.36761427 0.08111053
2.12283802 0.10568487
2.05991387 0.10896636
2.07817674 0.11975330
4.46396160 0.05766793
3.77444696 0.14806043
2.18096519 0.16215344
2.18855429 0.16947155
3.70120120 0.12381925
2.19198942 0.13212098
3.63428617 0.17674516
2.06687570 0.11701205
4.69159222 0.06306251
4.53111887 0.10992232
4.56561375 0.09358025
2.10151839 0.12477753
3.74659300 0.09989833
4.18505812 0.11176907
3.23702002 0.14129113
3.62785387 0.11275674
4.20263481 0.09196460
3.17044258 0.13574173
2.15681434 0.15291952
2.08164477 0.15299910
3.66053152 0.17721067
4.20913219 0.08701468
3.18048263 0.15465118
3.19277143 0.14261816
4.05990219 0.09147415
2.13238192 0.12908299
4.44046402 0.11112816
4.50197983 0.11740953
3.04335999 0.17806433
3.19346857 0.13720110
4.07178307 0.10147562
4.02208042 0.08358393
4.13079739 0.08284351
4.17681074 0.06486153
4.18820333 0.11157911
3.23562479 0.14115562
3.62557793 0.11302561
3.18896413 0.14270337
4.05501842 0.09151196
4.20016956 0.09262422
3.16773558 0.13619946
4.21583176 0.08421657
4.06263638 0.08237848
3.20183372 0.13699786
4.07549477 0.10098928
4.20153570 0.08785621
3.17813873 0.15484360
4.20881557 0.08195379
4.09766388 0.08267385
4.04157639 0.07782277
4.01715994 0.09428105
4.51384687 0.10796046
4.69851542 0.09222267
2.21869040 0.13881658
4.24902630 0.07441897
4.22176886 0.08082401
4.20972490 0.05994174
4.56675291 0.08033005
2.32772064 0.17725956
3.29319549 0.18906069
4.20985174 0.06212291
3.81196237 0.10372124
4.50729561 0.08010852
3.48499537 0.12488014
4.18580961 0.09978440
4.42654085 0.06238173
3.95964575 0.08532213
4.08084345 0.08356315
4.43724155 0.06522268
2.83589673 0.17465325
4.07647181 0.07217909
2.75889540 0.14998008
3.98302984 0.07720762
3.98985147 0.07935973
