3.50984526 0.17968059
2.22587538 0.23611897
3.63054323 0.14966942
4.23681784 0.13998862
2.16640639 0.19671834
4.34798670 0.15542443
4.00930929 0.15716186
3.80249095 0.17211537
3.01321220 0.17657202
2.17088819 0.22953446
3.02019978 0.15667419
4.24591875 0.12814188
4.39805317 0.12539394
4.56073427 0.12274262
4.36863279 0.17429431
3.87228012 0.15929918
3.81305075 0.17916496
2.09051776 0.22497572
4.38780689 0.15407990
3.83908606 0.15438490
3.97894716 0.15149021
4.68549013 0.14700817
4.64712286 0.12305244
2.13276553 0.18091297
4.34508944 0.12743567
4.37407923 0.12370214
3.56990552 0.14074822
3.79575634 0.13652495
3.32520032 0.17477019
3.79875875 0.15658638
3.77746654 0.15739493
2.86041355 0.18252324
4.36239529 0.13185106
3.96151233 0.13979371
4.43501329 0.12459197
3.40695453 0.14228417
3.83336163 0.13637084
4.09361601 0.14181496
4.64869690 0.14559054
2.27163887 0.20098400
3.97225094 0.17556965
4.37333775 0.16819531
4.46513224 0.13070779
3.48038435 0.14420570
2.10344338 0.23715603
4.34007454 0.15126206
3.91363382 0.17261189
3.52421284 0.15840809
3.32956600 0.16935289
4.08474302 0.17257194
4.48111105 0.15416417
4.46867371 0.12981921
4.21671534 0.14056487
3.75153184 0.17284931
2.07314801 0.24246939
2.12919331 0.23796618
3.81406116 0.18848015
3.54959655 0.15734443
3.08078504 0.16982149
4.11950254 0.16030739
3.11788821 0.17094691
3.90523100 0.18147843
4.42416048 0.16016558
3.83081746 0.16649999
2.12111712 0.23968731
3.88140583 0.14223239
4.11808538 0.13015664
4.10946369 0.13110767
4.48457956 0.12951019
2.10925627 0.20654242
4.02965498 0.13649464
4.54823780 0.13382863
3.82203126 0.14575328
4.14349413 0.14273955
2.15341210 0.20859726
2.09805059 0.23776709
4.34073830 0.15166700
4.51337194 0.12198945
4.66994238 0.12146322
2.11357093 0.18151255
2.20290470 0.19472651
3.54998040 0.15730189
3.08075404 0.16977495
4.12402058 0.16026056
3.12370872 0.17082475
4.16524506 0.13585775
4.04353094 0.14585984
4.01958036 0.14678887
2.13756442 0.26099911
3.45167828 0.20119552
3.85598350 0.17577277
3.87547731 0.19661294
3.33784080 0.14673136
4.31790209 0.13068317
4.32181406 0.12484256
4.23104191 0.12686913
3.01185536 0.14636369
4.41480112 0.14599539
4.29374409 0.14738710
4.61046553 0.13050391
4.21632433 0.14550386
3.93833137 0.16464950
4.22788048 0.17472066
3.21209526 0.18431592
4.28765965 0.12634437
4.63469315 0.12651820
3.06062198 0.15738802
4.37284136 0.13055797
4.20222473 0.13122524
4.36063957 0.12884553
3.20523357 0.15241578
2.19031167 0.19426741
2.98646188 0.14661907
4.44910192 0.15775277
4.50925255 0.17701857
2.19445086 0.23323405
4.32730579 0.17414427
4.29701948 0.12520002
3.33201337 0.13900802
4.18164015 0.12869520
2.96776080 0.16069980
4.54014015 0.14454190
2.21869040 0.20320117
4.64122963 0.13358797
3.30695009 0.15893002
3.56691742 0.16297473
3.50658584 0.15920758
4.63568687 0.15393174
3.45950365 0.15322386
3.12230253 0.17335637
4.51427841 0.13619389
3.11638927 0.17349021
4.51782274 0.13629703
3.80800128 0.17696971
3.80145288 0.17378807
2.16617727 0.22602075
2.23083353 0.19945507
2.71179509 0.17984843
3.82676721 0.15892479
3.47477865 0.16274422
2.10961485 0.24106972
2.07012773 0.24394703
2.09890294 0.24357933
2.14002156 0.18996960
3.56058955 0.14208852
2.13908434 0.19633245
3.79236650 0.13945165
3.89696407 0.13913627
3.72859311 0.13967353
2.19412613 0.19281410
2.10806012 0.19468427
3.54777002 0.18186551
2.25771737 0.22066875
4.55978966 0.16929322
3.91494322 0.15494660
4.57355404 0.14253081
3.40694547 0.15378447
2.18182921 0.20837742
2.13643503 0.22256912
4.44083214 0.16434823
3.45110393 0.16808392
3.87416935 0.17541866
4.63165808 0.12840034
4.51263666 0.12956236
2.24188447 0.18413405
3.53617239 0.16860957
4.53058052 0.16421889
2.16368484 0.21440597
2.73129964 0.18476929
4.27692699 0.14235656
3.02262878 0.16525127
4.04232645 0.15436412
3.61591148 0.13919850
2.19786263 0.21313496
4.09841394 0.16128616
3.87919617 0.16136990
3.52995729 0.16849811
4.52637434 0.16402544
2.16199565 0.21439981
2.73404455 0.18461472
4.28242540 0.14229341
3.21588182 0.14972192
4.09168005 0.13180183
3.14096999 0.15060435
3.02178645 0.16516627
4.04726744 0.15420601
3.61955047 0.13909964
4.06767416 0.14863692
4.04684639 0.15068351
4.13958025 0.14992516
4.36801481 0.16192101
4.50353956 0.16392283
3.00627542 0.17800786
4.07159805 0.13316272
4.01737165 0.13606234
4.30093670 0.11757943
3.12425399 0.17317648
4.51510763 0.13605164
2.14647913 0.19559580
2.22366953 0.19431639
3.62696624 0.14470603
2.18659496 0.21933831
3.71080828 0.16657265
4.63862181 0.16038240
4.06771898 0.14865598
4.04558229 0.15070318
4.14169931 0.14995827
3.64886642 0.15032981
3.43070722 0.15539049
4.51674509 0.14116718
3.43768573 0.14877699
3.02165151 0.16512255
4.04625416 0.15413295
3.62011957 0.13906297
2.20011687 0.19220406
3.00899863 0.15052120
4.49611616 0.11796826
3.86085057 0.13393977
3.65930223 0.20371421
2.29131961 0.24211401
4.40512562 0.20378941
3.72617269 0.17192595
2.26322913 0.24872403
4.43978834 0.22209024
4.01754379 0.15431184
3.99825263 0.15474552
2.56029892 0.18133050
4.65555048 0.14903633
3.39634871 0.15336406
2.28154016 0.20047323
4.13867617 0.15637131
3.25206208 0.18321244
4.18516541 0.18623443
2.17961383 0.23274143
4.62491035 0.18469982
2.17504478 0.24942577
4.10169840 0.18582875
4.10784626 0.14390443
3.34546924 0.15661904
3.32032943 0.15509407
2.19520211 0.21758391
4.41877842 0.14813103
3.86795783 0.16717832
3.74063301 0.17546465
2.22124934 0.21678734
2.21263695 0.19994007
2.19178176 0.20487700
3.76372814 0.17794782
2.20201302 0.22316718
2.29916883 0.20845175
3.58455348 0.16101347
3.77382231 0.16780113
4.07515001 0.16972327
3.02442431 0.17910297
2.30004072 0.20507745
3.72157121 0.16294549
2.88382173 0.17373659
4.11037731 0.14400418
3.36855149 0.16806392
2.71611786 0.19823302
3.80394459 0.16609277
3.63244176 0.17727965
2.16089582 0.23078217
3.87516928 0.19908737
4.67750597 0.19084187
3.66401744 0.18870527
2.18056178 0.23364426
3.18034720 0.15858115
3.92130470 0.14693676
2.71102619 0.19809346
3.80924749 0.16582765
3.63745284 0.17695962
2.16847706 0.23019524
3.87190366 0.19864024
2.20590878 0.19680274
4.61689377 0.14315249
3.63511848 0.14715029
2.17533612 0.23160402
3.72433257 0.19859438
3.34367061 0.19297755
4.01361275 0.15573648
3.90787959 0.16026993
4.09407330 0.17124201
3.99677420 0.16656826
3.97660065 0.17314832
4.00960302 0.17544830
4.07565832 0.17014022
3.02390957 0.17941953
3.11542201 0.16294034
3.02610493 0.16297226
4.04453468 0.14836326
4.34948683 0.14334905
4.63600683 0.14757957
2.15875697 0.20475137
4.61061239 0.13249016
3.17684054 0.15874934
3.91914582 0.14709257
4.02294493 0.15440962
3.99628592 0.15483682
2.93040347 0.18778582
3.25184703 0.18598323
2.25321960 0.22024232
3.80875826 0.15952395
3.80748534 0.18462400
4.38411713 0.17700130
3.35708261 0.18196368
4.02051783 0.15418376
3.99549150 0.15460774
2.28426600 0.19487023
4.05951595 0.13813543
3.48152733 0.14668320
4.54909658 0.12380546
2.92683792 0.18429165
3.70037413 0.18253039
4.59629393 0.17407747
2.18919349 0.24285667
2.20211005 0.23708041
3.97211051 0.16326872
2.55959010 0.18148939
4.65516615 0.14931113
3.39708948 0.15352042
4.68546057 0.15142719
3.79137754 0.16689743
2.23320627 0.20506145
4.17351627 0.17692311
2.21139026 0.21930356
2.70001841 0.18210268
4.55793762 0.16887634
4.00104952 0.15310283
3.21076298 0.15980244
4.12656116 0.15143548
3.62958622 0.14177135
4.16264915 0.15187226
2.16250563 0.20861137
3.88458753 0.16918254
4.47962856 0.15159309
3.00827169 0.17300062
4.22913742 0.13510503
2.18294048 0.18374948
4.10259390 0.13642718
4.20683956 0.14264520
4.40476274 0.13602164
4.07368660 0.15559240
3.15976667 0.16373582
4.19267178 0.15621391
2.25519729 0.20705856
2.81642747 0.17514677
4.02507257 0.15873893
3.06328773 0.15923272
4.11966324 0.14569546
3.25805688 0.14519493
4.13637066 0.14443402
2.69433951 0.17978652
3.98502016 0.16737975
2.22643375 0.20842035
4.11087513 0.16633876
3.48493242 0.16585413
4.07868433 0.17045061
4.42320728 0.15217492
2.25818801 0.20818293
2.24341536 0.20764063
2.82820535 0.17498742
4.01653194 0.15892278
4.36857986 0.12797487
2.21278715 0.17823289
4.01006126 0.15621673
4.06122541 0.15600012
3.57017994 0.14152052
3.18540001 0.16157262
4.24313545 0.15468994
4.53764820 0.15756416
4.05817747 0.16698420
2.19609547 0.21295960
2.78771973 0.17593026
4.15704250 0.15471315
2.62218761 0.17546143
2.28317142 0.19588053
4.01875973 0.16827284
2.18663383 0.21677347
2.68357944 0.18039794
3.99309945 0.16790538
2.23195696 0.20851433
4.09919834 0.16671260
4.55273199 0.15734656
4.04359627 0.16662599
2.20657969 0.21235281
2.77770305 0.17600422
4.00232744 0.15290253
3.21090341 0.15966214
4.12672138 0.15122484
3.63171744 0.14164196
4.16292858 0.15166517
4.02313757 0.14356342
4.07822227 0.14314766
3.19774985 0.15458938
4.18113184 0.12966074
4.40637398 0.13595504
4.06728506 0.15546875
3.16623712 0.16358088
4.19621420 0.15615033
4.09736061 0.14039053
4.13178825 0.14205916
4.13632345 0.14418201
4.20314407 0.13005692
3.18804216 0.15413161
4.39721298 0.14941786
2.92539477 0.17684396
3.76573873 0.15396486
4.17302608 0.16588308
4.47126913 0.16085659
3.06161332 0.15910318
4.11949825 0.14548413
3.26057315 0.14503251
4.14253664 0.14418294
4.00747776 0.15598369
4.06536770 0.15580331
3.57199073 0.14139749
3.18984032 0.16136481
4.24344063 0.15447797
4.50532770 0.13322662
4.16695642 0.13756523
2.87549114 0.15812589
3.39251137 0.14636448
3.88637042 0.13819446
4.00512266 0.13395046
4.41636801 0.12241054
4.09345675 0.12324520
3.86870122 0.13519433
3.54474545 0.14132708
3.44934511 0.16415182
4.11358595 0.16642036
3.83436775 0.14933501
3.83054256 0.16465946
2.19589186 0.19691026
4.19897604 0.13599648
2.17692208 0.18979461
2.17247486 0.22071116
4.32031822 0.15251842
2.17310452 0.21918215
2.92963767 0.16856967
2.23130894 0.20194580
3.90577793 0.15119787
4.30349016 0.13796464
4.57685518 0.14685860
4.19380665 0.16988076
2.15458250 0.21610977
3.56472278 0.16384970
3.37743521 0.17044728
4.33926725 0.15287088
3.52165914 0.15840818
4.63870668 0.14078952
3.94524026 0.14490697
2.22015047 0.20657331
2.20181513 0.21746814
4.65542698 0.16578372
4.32890034 0.12693654
3.32174420 0.14858955
3.76877618 0.14159711
3.19409227 0.15281941
4.19702864 0.12953342
3.08467412 0.16155085
3.91286254 0.14876731
4.40376282 0.12919398
2.25969768 0.21051878
2.27411675 0.21753962
4.67723131 0.17265342
4.49920177 0.15413527
2.13100362 0.21211354
4.69129324 0.14474502
2.12897825 0.22009103
4.55464315 0.13367064
2.19448614 0.19084762
3.43605995 0.14902556
3.99597836 0.13232973
2.99236059 0.15217006
4.14593458 0.12214055
3.53223109 0.14676006
3.04424143 0.16389626
2.91907811 0.16183047
3.97407460 0.14285295
4.12437487 0.13044788
4.13184977 0.13276447
4.35750675 0.12752537
4.15776539 0.14513403
3.81222558 0.14594415
4.48641205 0.15803671
3.49035001 0.14748935
4.30687380 0.13106240
4.48293686 0.12788518
2.17880392 0.19976777
3.19390845 0.15284611
4.19484997 0.12956117
3.08136439 0.16163166
4.13649940 0.13007607
4.08820486 0.13776325
3.99559808 0.13996904
3.98555732 0.14179580
4.47175598 0.14228831
3.01356840 0.16668367
4.01300955 0.16138880
3.53395033 0.14673115
3.04250908 0.16389677
3.93044162 0.14385810
4.22420216 0.12810284
4.11793852 0.16114889
4.44441128 0.14569366
4.02014160 0.16777605
3.05700469 0.16946100
3.19247508 0.15292977
4.19477129 0.12963308
3.08264208 0.16168492
2.91810703 0.16171345
3.96841121 0.14268284
4.13075447 0.13030617
4.13233805 0.13261463
4.36257458 0.12738518
4.16211081 0.14491995
3.98331165 0.15123715
3.96276450 0.14705636
3.57400584 0.14259401
4.63077879 0.12851501
4.08162689 0.14997827
2.21672130 0.17214550
3.52241206 0.13507469
4.34192181 0.12371591
3.91972351 0.14911218
4.39957952 0.12945586
4.00375271 0.13235413
3.00025296 0.15203832
4.14134264 0.12220782
3.91392422 0.14906268
4.40037918 0.12941663
2.16906595 0.22883789
2.15026045 0.22680296
3.28948951 0.18157975
3.29008174 0.14621927
2.15438366 0.17886811
4.39135361 0.12280991
2.16801953 0.18886448
4.21035671 0.17498755
4.14409065 0.18866515
3.60952973 0.18413799
2.35499334 0.22294126
3.67814684 0.15110701
3.39034009 0.15192313
4.59555531 0.12899141
4.53679180 0.14871703
3.81476808 0.14593242
4.50076771 0.15814625
3.69067216 0.16551694
3.75792527 0.14643741
4.34394741 0.14247034
3.91971707 0.14288096
3.42225266 0.16467293
4.50349426 0.12966475
2.16440129 0.21055458
4.30669880 0.15285258
3.59943247 0.15116082
4.23920059 0.13764341
3.82277393 0.14930648
4.11347437 0.16207343
3.97643423 0.15999147
3.35530472 0.16680022
3.95254612 0.14093606
3.28667521 0.15824558
4.10992622 0.12926269
4.19302177 0.12228411
3.92434525 0.14279896
3.84959650 0.18881603
3.84013891 0.21416652
4.00784397 0.23595031
2.15139294 0.27484763
4.56281424 0.15469842
3.78168178 0.17868459
2.68620133 0.20026736
2.27115941 0.22131090
3.97162962 0.18923168
4.58650923 0.15789203
3.78482819 0.16200708
2.12718749 0.24600632
3.90763450 0.15857148
3.54258251 0.17203760
3.89631653 0.18878366
3.33120537 0.14681080
2.14099574 0.21428089
4.57046747 0.12510845
4.18298817 0.13288006
2.10835314 0.20890532
2.11665273 0.19903465
3.82904458 0.14783327
2.09994483 0.23000245
2.19968414 0.21761037
3.44416451 0.18139763
2.18847823 0.23229437
2.79182267 0.19648510
3.95382047 0.18426080
2.74517608 0.25213125
4.04621935 0.28285772
2.15483761 0.27662316
2.17145777 0.25626698
3.85244918 0.20468740
2.92970896 0.20313418
3.98095894 0.16015154
2.18334746 0.24545272
3.44426155 0.20384251
3.82598305 0.20000349
3.99380565 0.20877612
3.84605837 0.19035564
4.51848793 0.16840129
3.62235618 0.18543409
2.16093874 0.24502034
4.59946156 0.18665941
3.96709085 0.20650952
3.89374757 0.15676279
4.14675188 0.13865550
4.30898857 0.14355420
2.14737225 0.21461280
3.56148100 0.16336504
4.30838823 0.17921309
2.30853653 0.23657870
4.71857357 0.19543488
2.45072865 0.23040409
4.37076807 0.15339769
2.62072372 0.19481063
2.15626621 0.23817720
3.96337414 0.16756897
2.15947056 0.22620372
4.04435682 0.15298589
4.04614782 0.16681498
2.20911813 0.20934428
3.94396305 0.14403290
2.74742889 0.25243124
4.05083323 0.28362334
2.15026712 0.27709806
4.26035166 0.12876832
3.11177993 0.16094969
4.07249403 0.14509331
3.19913578 0.16093165
4.05278206 0.14432193
4.17462873 0.13437946
3.09215283 0.16853447
4.29425716 0.13174988
3.29181409 0.15834773
3.23332548 0.16586745
3.98301053 0.15511699
4.37386942 0.17662340
2.18801069 0.23037590
4.64184761 0.14294998
4.05652094 0.15719496
3.19056988 0.16597888
4.46151161 0.13038017
3.99240375 0.15589924
4.07863522 0.17097621
3.12995219 0.17288472
3.57956147 0.15798301
4.03069735 0.17018062
3.96193218 0.16770984
4.40800333 0.14096086
2.95512414 0.16772856
3.83619523 0.14784051
2.17809725 0.19514297
4.30359602 0.12618481
3.39483619 0.18203072
4.42921352 0.17477943
3.81588411 0.15352248
4.41516638 0.15596844
2.85680056 0.18841082
4.05519438 0.18198563
4.45068264 0.14576854
3.46450520 0.15473570
4.43303967 0.12705393
3.97693896 0.14390211
4.00813627 0.14504884
4.43280315 0.17175953
2.19487739 0.23963147
3.82408786 0.18076305
3.10198736 0.15096763
2.19316888 0.19092451
4.00361633 0.13544264
4.06101084 0.13526897
4.33601665 0.13552849
4.22443962 0.11944517
2.73575449 0.18869437
4.35723162 0.17308693
4.28607368 0.14981422
3.45108056 0.15493755
4.29647303 0.16577061
2.12770486 0.22732764
2.15979719 0.22681570
4.25658751 0.16539155
3.86912966 0.16280809
4.14390993 0.15214281
4.05753136 0.15020131
2.14267731 0.19467242
4.45664883 0.12558405
3.71642017 0.13618128
3.18734384 0.17126037
2.22320509 0.22828127
3.28241920 0.17077677
2.83167815 0.18081801
3.97601247 0.14292699
4.31731367 0.14245710
4.34013700 0.17488420
4.03987646 0.13076314
3.31999445 0.14654416
2.14207029 0.23475732
2.12472224 0.23212440
4.32264471 0.17427611
2.18918014 0.20618920
2.18356252 0.20113607
4.40880919 0.14044215
3.26350164 0.16038570
2.16511631 0.20533608
3.57101417 0.15851249
2.18495941 0.20975859
3.45039725 0.15882944
3.70973945 0.19280535
4.53346682 0.17482565
2.21624732 0.23331390
4.31150675 0.16837604
2.18363237 0.22270787
2.32830572 0.21207578
3.58386064 0.18755035
2.20827818 0.22354800
3.40605116 0.18972446
4.39367390 0.13481294
2.08879995 0.20805085
3.79467058 0.14030798
4.47975540 0.17195036
2.17937326 0.23324741
3.79207778 0.18737300
2.18165827 0.21703072
3.21668482 0.16679621
3.12527966 0.15484901
3.07181001 0.15461874
4.29815769 0.13379726
3.23074293 0.14718671
4.15852118 0.13433546
4.09642601 0.14849471
4.16815948 0.15217866
3.78085017 0.17312239
2.38997984 0.21127580
4.17586184 0.13330151
4.13856125 0.15200634
4.04923820 0.15007389
4.13155794 0.18048418
3.37914252 0.18191326
4.41793156 0.17580414
4.52499628 0.14987190
4.49262571 0.15184997
4.54856634 0.16062473
3.48492193 0.17113440
4.12990379 0.15082021
4.05372906 0.14880680
2.97378206 0.18513143
4.00994587 0.17470004
4.02900314 0.17590673
2.94087529 0.15508036
3.78087759 0.13449806
3.87040067 0.16181932
2.10069156 0.24518478
2.15976477 0.24209027
3.77000594 0.16103904
3.69314218 0.15761276
2.30593872 0.19944416
3.78992558 0.15264112
3.54008365 0.14154443
2.16140747 0.19687557
3.86428308 0.13314229
2.87212944 0.18403673
4.48597527 0.16489534
3.87037802 0.17519575
3.36646152 0.17355023
2.18481874 0.23000383
3.63728189 0.17244853
2.22719407 0.22216626
3.98241949 0.14003563
3.19216847 0.15666246
3.01174641 0.15777610
4.28625870 0.13998015
4.05194139 0.13873868
4.60080194 0.13544321
2.22265148 0.18153018
3.84981179 0.18887751
4.53381729 0.17732693
2.80011368 0.20013160
2.19253397 0.22835742
2.15435648 0.23684466
2.16821241 0.23144478
3.82277226 0.18485838
2.16991329 0.20175974
2.20305943 0.19817676
3.53126645 0.15507379
4.02247334 0.16798671
2.08145118 0.23335588
4.50067854 0.16258597
2.73470783 0.16894066
2.17453504 0.20733117
3.73891664 0.14436249
4.60159588 0.13979469
2.19236779 0.18907821
3.39773321 0.15493633
3.82288527 0.14672594
3.98066473 0.15832275
2.18300009 0.21422558
3.79375267 0.15950286
3.56260443 0.15971084
2.77568913 0.16492103
4.52699232 0.13869300
2.14271021 0.19823617
4.15427065 0.16314726
3.26444769 0.17167751
2.17221737 0.21791117
4.00304031 0.18024985
4.49822283 0.17808503
2.08714747 0.23024166
3.97918010 0.18084556
3.47577333 0.18159787
2.23105597 0.21259095
2.75995827 0.18873467
2.24202228 0.23006524
2.66729188 0.20121600
3.37139487 0.19093476
3.91626596 0.13708358
2.17971516 0.19775851
4.02441931 0.13762189
4.51819801 0.13329156
3.91044760 0.13837044
4.27863693 0.13556471
4.41992378 0.13604641
4.51169825 0.15781863
2.17688370 0.21640337
2.74297404 0.17851341
3.98225093 0.14026174
3.18994498 0.15689932
3.01211858 0.15794526
4.28392696 0.14024711
4.25738573 0.16267942
3.19009590 0.16812406
3.90894556 0.16204248
4.14634705 0.16341044
3.27031827 0.17185454
2.17221832 0.21812843
3.90100312 0.15909058
3.70997715 0.15914847
4.24915695 0.15741853
4.02441311 0.14256120
2.87686682 0.16476300
3.90796947 0.16261841
2.86834836 0.17326809
4.02906466 0.16396457
4.05064631 0.16664845
2.74237394 0.17967443
2.58911705 0.19531493
3.93971300 0.17386945
4.00501919 0.17351049
2.99156833 0.17768703
3.27082777 0.17778915
3.96113038 0.15095200
4.53641748 0.17288548
3.31810832 0.16653378
4.12934780 0.16759987
4.00254917 0.14572996
4.23302507 0.12722258
2.78592634 0.16275601
3.34007311 0.15077783
2.24278617 0.20734602
3.12471843 0.16942586
4.72303057 0.14993162
2.99626470 0.17666143
3.68677354 0.14410098
2.31384087 0.18857598
4.60944510 0.13576519
4.35447836 0.13260351
4.48704433 0.14234067
3.03423214 0.17475122
3.73533583 0.16178016
4.58948612 0.15103473
4.40934992 0.14552861
2.21302247 0.20839296
4.52679157 0.17802359
3.79702425 0.16677515
4.73053694 0.15907083
2.18097520 0.23231871
4.24778223 0.13703145
2.20729756 0.18641603
2.12146544 0.18431388
3.74048829 0.14816508
4.20404673 0.17970927
2.21536708 0.22575046
2.16714406 0.22724915
2.14650083 0.22891395
3.70161486 0.18709059
4.19350004 0.17392440
2.12855220 0.23053856
2.22894073 0.17496882
4.24678040 0.13152851
2.14334631 0.18443543
4.13969517 0.12682541
4.12484884 0.14904590
4.05210829 0.14094616
4.16507769 0.13911127
3.44351673 0.15360437
3.83858204 0.15147142
3.28047800 0.15825926
2.19537067 0.18631525
3.44100285 0.16845222
3.42966270 0.16507958
2.18304920 0.21105401
3.80776858 0.17971843
2.65744567 0.19475108
3.75971103 0.17053984
2.21663570 0.23005639
3.72095442 0.18109058
4.47313404 0.15886383
4.01270723 0.17174126
4.36259079 0.14300835
2.15984893 0.20437115
3.80644250 0.16654034
2.67439699 0.19416128
3.75459862 0.17030102
2.20262122 0.23040700
3.73862410 0.18095779
4.43290567 0.13990118
4.09799767 0.15826745
3.14942741 0.16580936
4.01719332 0.15770783
3.18404746 0.16256271
4.04758167 0.20916533
3.75600886 0.18977451
3.80508494 0.17200696
2.19536257 0.23353924
3.96508455 0.15388653
3.35564637 0.15405300
2.17393637 0.21080136
4.43158865 0.13989244
4.09820795 0.15826462
3.14705443 0.16584025
4.01971483 0.15771846
3.18582201 0.16254081
4.07512188 0.14172146
4.05668449 0.14575107
3.05794406 0.15793908
4.22456789 0.12856741
3.17847252 0.15812834
4.51844835 0.12982632
2.23891735 0.17193122
3.77441287 0.13503252
4.31397676 0.12331154
4.10381651 0.16262875
4.09107971 0.16360559
4.47016811 0.14196125
4.06779528 0.16095136
4.13604403 0.12681602
4.11880159 0.14900501
4.05640602 0.14092827
4.16573429 0.13911749
2.29946971 0.19185823
3.10629010 0.16231205
4.73334789 0.13681774
3.50160861 0.14701743
4.05206490 0.13631216
4.45691729 0.12624381
4.13819313 0.12679178
4.12452793 0.14899145
4.05528927 0.14090125
4.16830254 0.13906880
4.00384092 0.14540125
4.23579979 0.12695223
2.80012918 0.16213246
3.33580732 0.15055172
2.31329274 0.21058922
3.33870435 0.18753280
4.04471016 0.14778376
4.28068352 0.13328916
4.36549616 0.14584181
2.71736741 0.18722463
3.49994278 0.15975870
3.97634530 0.17399280
4.43752432 0.17201813
3.80013561 0.15902762
4.36761427 0.15409161
2.12283802 0.19565189
2.05991387 0.18699132
2.07817674 0.18320478
4.46396160 0.11798205
3.77444696 0.22930215
2.18096519 0.27754954
2.18855429 0.27204797
3.70120120 0.21621411
2.19198942 0.24811654
3.63428617 0.19041111
2.06687570 0.27076462
4.69159222 0.17485671
4.53111887 0.18311308
4.56561375 0.17663686
2.10151839 0.23789968
3.74659300 0.15803906
4.18505812 0.16047925
3.23702002 0.16413276
3.62785387 0.14804481
4.20263481 0.16297309
3.17044258 0.16667835
2.15681434 0.26463151
2.08164477 0.27668986
3.66053152 0.20269690
4.20913219 0.15533654
3.18048263 0.16060723
3.19277143 0.18902802
4.05990219 0.17768145
2.13238192 0.24751605
4.44046402 0.18052708
4.50197983 0.18079512
3.04335999 0.17237276
3.19346857 0.18041150
4.07178307 0.16949718
4.02208042 0.15642296
4.13079739 0.15089375
4.17681074 0.13869590
4.18820333 0.16076578
3.23562479 0.16433088
3.62557793 0.14822592
3.18896413 0.18971312
4.05501842 0.17846870
4.20016956 0.16364837
3.16773558 0.16716333
4.21583176 0.15805547
4.06263638 0.15256087
3.20183372 0.18012087
4.07549477 0.16925573
4.20153570 0.15565817
3.17813873 0.16087602
4.20881557 0.14922880
4.09766388 0.14404924
4.04157639 0.14431621
4.01715994 0.14500916
4.51384687 0.16647406
4.69851542 0.16013393
2.21869040 0.22084700
4.24902630 0.14820798
4.22176886 0.14639002
4.20972490 0.13098457
4.56675291 0.19373691
2.32772064 0.23087072
3.29319549 0.20135956
4.20985174 0.17542742
3.81196237 0.17269219
4.50729561 0.16197561
3.48499537 0.18910748
4.18580961 0.20463431
4.42654085 0.17260849
3.95964575 0.18344861
4.08084345 0.17844577
4.43724155 0.15045197
2.83589673 0.17274670
4.07647181 0.13130398
2.75889540 0.18462826
3.98302984 0.17785962
3.98985147 0.17868368
