4.28681564 0.20200352
4.07488394 0.18450437
3.42876840 0.18890786
4.64356375 0.17483561
3.05224752 0.19067301
3.98819709 0.14437990
4.23579216 0.14223881
4.40466738 0.14280240
4.30124664 0.13371427
4.50264931 0.13594963
4.12946701 0.13973406
4.31103516 0.16715169
3.23787642 0.18114577
4.60173464 0.15316348
3.83936763 0.15968113
4.08790207 0.16837357
3.86194754 0.14106567
3.20512509 0.14826305
4.40036726 0.13339128
4.57234526 0.12362198
3.53562212 0.14195356
4.35230112 0.17552860
3.37949014 0.18029994
3.83920193 0.16262190
1.85146868 0.23893195
3.85859394 0.16883987
3.85183716 0.16844375
4.30903578 0.16533838
4.10034513 0.16375528
3.03043485 0.14967386
4.16398954 0.12981895
1.83880329 0.24968845
4.02799225 0.17916937
3.39745307 0.17213996
4.49879551 0.15406483
1.94822395 0.20006651
4.02630854 0.14010862
4.35685349 0.12487984
1.87362111 0.20508689
4.18569279 0.12835978
3.08448195 0.16723396
4.18493652 0.15103363
4.34263182 0.13939101
1.77329528 0.23127846
4.35949707 0.14282964
4.33186102 0.15839350
4.42871428 0.15137012
3.47687626 0.17157768
1.89444566 0.24221313
4.42570257 0.16853546
3.82271123 0.15438664
1.83647370 0.24349503
4.29770231 0.13572559
3.16778970 0.15408348
4.33242846 0.13208909
4.37242651 0.12659673
1.82911634 0.20488264
3.72596574 0.15725532
1.85093629 0.24732246
1.88733387 0.24516749
3.86874843 0.17478573
3.56892228 0.16082254
3.79081202 0.17514499
1.93252003 0.23455627
3.47134972 0.16972649
4.48408794 0.14845429
1.86658216 0.23722510
3.81400180 0.15207584
4.36891413 0.16587962
2.90208268 0.18227516
1.81979668 0.22469042
4.46930885 0.16572069
4.03415966 0.14310132
1.85318017 0.20332950
4.48869801 0.12856545
4.45095205 0.13826855
3.75919199 0.19127713
4.45148230 0.16698141
4.22204781 0.18007523
4.13514137 0.16399400
1.81604791 0.24073066
4.47809410 0.14511818
3.17829585 0.16978876
3.66875482 0.15562941
4.00811577 0.18081160
3.28416586 0.18300302
4.44035435 0.17495076
1.80473089 0.22617042
3.47397447 0.15402229
3.91232705 0.14130269
4.33954000 0.13074614
4.39636660 0.13098226
3.40033746 0.15815079
1.80699265 0.22292332
4.31814289 0.13510795
3.83093643 0.14765008
3.46811557 0.15051159
3.71972871 0.15757339
1.85187244 0.24760681
1.88197422 0.24582390
3.87333536 0.17531109
3.56628203 0.16114718
3.78919578 0.17558981
4.33673191 0.12891184
4.09131956 0.13415144
4.13770819 0.16390197
1.81625247 0.24066758
4.47835159 0.14506574
3.17280197 0.16980107
3.67162085 0.15556557
4.24945354 0.13459997
4.16249514 0.14617996
1.86233556 0.21133952
4.22435379 0.13378918
1.87266910 0.20878954
4.14222431 0.20202424
3.95082450 0.19556828
3.42134380 0.14753743
3.90782285 0.13700967
4.07401705 0.14807662
1.88248432 0.21052712
3.27620792 0.17823239
3.92702889 0.15876688
3.45617604 0.17517312
4.35496426 0.13568603
4.16389561 0.13624085
3.55749369 0.14234327
1.85723209 0.19895627
3.78055549 0.14502196
4.45914555 0.12946770
4.19902515 0.13159746
3.54170585 0.14286000
4.18671751 0.17829628
3.75813079 0.16665079
1.82408965 0.25180772
4.45902634 0.11526907
3.67759109 0.12735911
4.32508612 0.12171674
4.45933580 0.11776850
3.95781469 0.15258645
4.40431690 0.15235905
4.36447239 0.14116584
3.86694813 0.14086284
3.77120471 0.15500838
1.83852625 0.22281303
1.86186373 0.22541672
3.60075116 0.14376129
1.89520729 0.22325669
1.86044991 0.22555602
3.59753561 0.14383335
1.89950728 0.22300492
3.83237457 0.15502112
3.96119046 0.14857696
4.60440588 0.12696172
3.50505948 0.14679532
3.81982660 0.14479360
4.08060312 0.12792210
4.22250509 0.12820451
4.31194973 0.14477314
4.46548367 0.13838799
3.84742951 0.14253502
3.77982211 0.15154095
4.41363001 0.14458950
4.01840019 0.15527606
4.27457619 0.18533111
4.29107189 0.12521915
4.36462593 0.12088450
4.29533434 0.13463530
4.24185514 0.12595598
4.33495092 0.12690511
3.06196380 0.15494782
4.63446951 0.16150506
3.90425372 0.16235816
4.27303362 0.17727059
3.79782367 0.14015000
1.82216489 0.23328960
4.01732111 0.15440577
4.44700336 0.15107353
3.62167573 0.15376526
3.38391089 0.17008376
4.01946592 0.16946207
3.40423155 0.14270972
1.82182789 0.20479856
2.81245852 0.15729627
3.56982183 0.15666287
3.69909167 0.14509030
3.97305012 0.16900587
4.43037987 0.13131341
3.47868681 0.14050020
3.24981666 0.15948910
4.48482513 0.13168857
1.86658382 0.21776630
3.76815295 0.14471897
2.86563826 0.17035782
4.34978104 0.13718887
3.57168913 0.15657930
3.70170641 0.14501391
3.97990322 0.16890530
4.21015263 0.12196270
4.19691706 0.12131409
1.83823025 0.21382143
4.17070627 0.12071808
4.02874947 0.13389663
4.42814779 0.13119031
3.47952151 0.14041550
3.24697113 0.15941912
4.48851919 0.13159075
1.86847210 0.21754229
3.63077354 0.13684800
4.36725998 0.12444239
4.48456001 0.12841555
1.84191394 0.22127287
4.47762156 0.12724765
3.11177468 0.15649249
3.76041079 0.14620115
3.93327475 0.14261350
3.70597839 0.15135328
3.81988072 0.16979927
4.21618748 0.11957956
4.14940596 0.11811779
1.87185228 0.20106845
4.21388388 0.12105322
1.87354279 0.20313488
1.86337888 0.22515750
3.60335040 0.14364395
1.89564037 0.22307505
4.34751225 0.12878245
4.38519955 0.12957694
4.47996759 0.12986147
3.71436524 0.14766832
3.65744972 0.14683288
3.66973948 0.16783617
3.63714361 0.16921882
3.63127685 0.13685749
4.36651373 0.12445416
4.48608732 0.12843765
1.84021389 0.22141725
4.47604084 0.12725718
3.10918260 0.15654908
4.34488153 0.13547440
3.92094350 0.13261043
3.85593104 0.14534052
1.86097765 0.20956556
4.42947197 0.13114382
3.48027158 0.14037670
3.24857998 0.15934987
4.48837852 0.13154335
1.86956918 0.21741968
4.59198141 0.12147644
4.46827221 0.12082500
3.93993449 0.13194668
4.41262436 0.12784041
3.88178015 0.18019325
4.25103521 0.16712846
3.03792405 0.19682872
3.81770897 0.20102561
3.61953735 0.20694403
3.03487301 0.22692882
4.53642845 0.20639861
3.61980677 0.14015412
1.87277448 0.21212684
1.89472759 0.22648780
4.47994184 0.13688694
1.89573526 0.20925741
4.20075560 0.15331860
3.67577744 0.13574886
3.77857375 0.15438969
4.54606438 0.14370358
3.63873386 0.15126073
3.93049717 0.16190951
3.78730893 0.15387954
4.61772108 0.13310185
1.83918023 0.25569054
3.72599411 0.16164045
4.37681055 0.17563464
3.82570362 0.20304812
3.01707625 0.19562455
4.40780687 0.18346518
3.88994431 0.15350716
1.83317590 0.22732659
4.16673899 0.13218589
4.24448109 0.17125051
4.00109863 0.14624380
1.75601590 0.24601056
3.80527592 0.16779150
4.36000156 0.14971021
3.45364141 0.15350330
3.72669888 0.15126967
1.77740943 0.23512118
1.74025977 0.24874622
4.52501011 0.15769079
3.66408491 0.15980664
3.13384962 0.17631771
1.84423923 0.25013560
4.07734251 0.17387933
4.09586763 0.17083241
1.77423704 0.23635304
4.28593111 0.14386128
4.45142984 0.16360515
4.62030554 0.15939485
4.51185131 0.14038411
4.31181288 0.16937047
3.61440277 0.18141605
3.87642789 0.20536084
1.82705128 0.25521678
4.61746883 0.18292065
3.77973223 0.16690303
3.76339602 0.16277842
4.12759018 0.20257825
2.67828059 0.19790585
4.21411467 0.19572854
3.38685441 0.14808035
1.88715732 0.20517528
1.88429224 0.22344576
4.10284090 0.14149873
4.31277466 0.16907012
3.61075425 0.18108886
3.87692213 0.20493054
1.82835352 0.25488245
4.39575338 0.13432439
1.86613798 0.20650965
4.16996145 0.15174352
4.43858051 0.13218637
4.57273626 0.14465864
3.81610274 0.13282852
3.55633426 0.15895158
4.32489300 0.16620125
1.83143342 0.26484188
3.67849612 0.16741939
3.59555745 0.18802719
4.44557810 0.17914663
4.17363930 0.14560415
4.05416393 0.14488249
3.99978471 0.16010840
1.83986557 0.24148208
3.18117213 0.17224117
4.35316277 0.15015306
3.22264385 0.18268734
1.80546165 0.24752474
4.31110620 0.14804880
3.66114807 0.16011025
3.13327885 0.17662726
1.84138095 0.25071391
4.07527542 0.17430051
4.09623623 0.17127343
4.11855316 0.13381983
4.10955000 0.13103384
4.15521860 0.15728174
1.84160745 0.22818045
4.06088972 0.13320468
4.24329472 0.15004577
3.70080352 0.15040411
3.52173185 0.15300795
4.47887611 0.13115053
3.10011506 0.17147869
3.76301312 0.15030719
3.38531828 0.14820118
1.88564086 0.20537691
1.88564837 0.22345789
4.09929991 0.14165623
3.61589980 0.14022560
1.87317848 0.21214463
1.88724375 0.22714122
1.76654434 0.25002083
4.02858257 0.15801181
4.47592163 0.19189949
4.53033590 0.17502224
4.42070913 0.16006920
3.72478938 0.16091351
3.99652100 0.18328579
1.86816978 0.26112962
3.82815695 0.19080676
3.61999154 0.14007118
1.87111139 0.21217193
1.89598405 0.22630419
4.43772411 0.13342062
4.43400717 0.12604560
4.10050297 0.14475204
4.24822092 0.13895327
3.20660377 0.18157314
3.97384501 0.18916756
4.18117380 0.17115103
3.52601480 0.18489613
3.88776016 0.16081364
4.14940882 0.18842173
4.47647142 0.13706817
1.89220655 0.20969288
4.19767475 0.15356325
3.67395806 0.13589983
3.77964091 0.15460514
4.44486809 0.17348738
1.82252347 0.23705085
4.44886971 0.14463283
3.89383817 0.15958160
3.25294185 0.16480972
3.13068843 0.17332125
4.36928511 0.14879780
3.70910192 0.16138850
4.50413322 0.14416485
3.99735570 0.17135550
4.52742004 0.17390276
1.84785497 0.23675390
3.73135734 0.17558771
3.36424422 0.17485809
3.91931105 0.17912607
3.99657297 0.15512316
4.17813110 0.14878017
3.22508907 0.16116832
4.06201696 0.15108745
4.47653389 0.12912153
1.89458597 0.20358025
3.26923060 0.15791599
1.85352278 0.21240397
4.47889090 0.16745341
3.43062663 0.17261802
3.78942704 0.14434634
4.41294336 0.16282004
3.35477066 0.16596958
4.04380608 0.17012729
1.82639420 0.23191704
3.37983418 0.15497814
3.95913935 0.14379553
3.74097252 0.14651778
1.81151283 0.22089815
4.44954157 0.12856759
4.41914463 0.14433064
4.46550989 0.14178367
4.01799965 0.14724250
3.47400165 0.15046763
1.87230802 0.21243392
3.96216726 0.15628687
4.14522266 0.15919898
1.94665217 0.20826031
3.34545088 0.16398543
1.89242566 0.22564246
4.12142658 0.15554759
3.47917604 0.16453616
4.55925846 0.16243280
4.06060791 0.16275524
3.86518645 0.16641633
3.83433557 0.13926069
1.84245205 0.23096065
3.96226454 0.16184224
1.85756922 0.22756499
3.53601170 0.15851738
4.02238894 0.14597690
4.13549042 0.14839348
3.12565327 0.15689285
4.19012499 0.12577979
1.90107882 0.20119005
1.93188763 0.20977481
1.89075363 0.20410205
3.53112125 0.14581800
3.77436304 0.16693194
3.59682250 0.16627307
1.83291006 0.22941035
1.86575902 0.22679622
4.61723709 0.16610147
3.90497446 0.17037885
2.89116526 0.17610610
1.86427319 0.23577066
1.82794356 0.23695207
4.55578184 0.16222715
4.55311537 0.16109177
3.42637658 0.16574384
3.47868848 0.16466974
4.54916716 0.16253808
4.07051945 0.16302487
3.88042665 0.16667955
3.82646537 0.13937975
1.85132861 0.23040134
3.96487904 0.16198997
1.85308468 0.22797029
3.52115417 0.15869147
4.51720858 0.13730893
3.75805902 0.14248724
4.61864090 0.13490109
3.09623075 0.15610527
3.73414040 0.14294915
4.32572031 0.13678445
1.81627500 0.21331529
3.86013150 0.14408226
1.88151360 0.22012605
3.63557816 0.13949476
1.88130128 0.20889388
4.23784304 0.15525563
1.92583501 0.21981628
3.14531016 0.16173972
4.51362991 0.16446215
4.41747141 0.13916530
3.48538446 0.16766620
1.87753916 0.22987436
3.79467463 0.14637846
3.51200914 0.16524199
1.86661971 0.23058529
4.08330202 0.16963571
3.90367126 0.16069061
4.42165136 0.13233562
3.71356487 0.15188517
1.83401239 0.21883649
3.44150114 0.16586007
3.64987636 0.14932995
3.92061996 0.15821786
4.62628031 0.16567345
4.60937262 0.16128722
4.10297537 0.17431729
3.76550269 0.17204903
3.41898108 0.16599034
1.84119248 0.23625565
3.83355093 0.17194629
2.85749483 0.18031317
3.52345896 0.14613701
3.77367926 0.16745144
3.60824108 0.16676261
1.83536959 0.22947025
1.85376835 0.22787000
4.62144279 0.16676416
4.52022362 0.16425063
4.40740395 0.13891543
3.48103380 0.16745250
1.88829839 0.22897418
3.80524158 0.14623149
3.53009629 0.16501226
1.85574961 0.23119575
4.09708405 0.16942541
3.88685322 0.16039898
3.99769354 0.15491855
4.17812634 0.14858131
3.22597051 0.16101040
4.06278276 0.15088199
4.47801876 0.12897731
1.89584649 0.20337687
3.27056050 0.15775441
1.85541964 0.21212852
4.12612963 0.14691943
3.06416297 0.15942368
4.14123297 0.13925238
1.90671337 0.20264357
3.16640139 0.15669008
4.19737768 0.14523251
1.85855687 0.20742004
1.87385333 0.21226096
3.96156454 0.15620349
4.14896822 0.15909459
1.94230747 0.20845830
3.34459949 0.16390605
1.89686871 0.22530471
4.12773800 0.15546693
3.27740955 0.15722613
1.94230020 0.19928177
1.91064787 0.21429946
1.87003446 0.21531475
4.09859991 0.14037430
3.92288208 0.16859007
4.00603819 0.16430749
3.24505258 0.17038937
1.81245542 0.23955257
4.55311346 0.16596630
3.48225188 0.17158455
3.94693685 0.16466303
4.01483297 0.14575545
4.12655067 0.14814578
3.13564277 0.15657933
4.19637489 0.12562118
1.90431476 0.20081997
1.93930984 0.20900036
1.88453746 0.20444323
1.88369477 0.21982288
3.63937807 0.13936664
1.88501215 0.20849277
4.24069977 0.15502761
1.92429376 0.21977840
3.14535093 0.16158842
3.47384834 0.14919542
3.46276331 0.15174399
4.44927311 0.13673623
1.81282985 0.22065324
3.88068891 0.13595347
4.07308865 0.13946751
4.48076534 0.13256024
1.85071003 0.20343803
4.15656567 0.12117042
2.93023634 0.15380619
4.22991085 0.13111538
1.86109698 0.20778938
3.88047147 0.13532509
4.59283304 0.13039626
3.86377931 0.16953145
1.87542927 0.22587538
4.59120464 0.16558838
4.57876301 0.15852092
1.84805119 0.23594612
2.77953100 0.17653497
3.89716506 0.14875746
1.78043079 0.22839732
4.28480434 0.13991287
3.15257454 0.15891658
4.44673777 0.14255710
4.50802755 0.12806682
3.62468028 0.14873482
4.25454283 0.14153416
3.60780430 0.17468853
4.28776979 0.16296370
4.49346495 0.16667019
3.09727407 0.17307550
3.72342157 0.15183055
1.78645849 0.22414799
4.29002523 0.16516463
3.88321209 0.17306088
3.79997396 0.17305847
4.13828135 0.13219322
3.92687082 0.15011394
3.91248107 0.15632834
3.47728586 0.15845114
1.80402207 0.22614087
4.46943569 0.15377255
3.95599961 0.17633711
3.96071053 0.17698848
1.80547023 0.24257797
3.40211678 0.16693224
4.07596302 0.17316003
4.38737106 0.16482623
4.12256432 0.14139703
3.29668880 0.16598424
4.07185555 0.13568193
4.42922449 0.16348167
4.18796873 0.17236459
3.68147850 0.14960533
3.91697598 0.14438610
4.28294802 0.14447786
4.42911577 0.17058207
3.50082207 0.15245293
4.10211754 0.12680113
4.16807413 0.12631895
4.38202524 0.12332200
3.99327612 0.12821765
4.50239992 0.13846983
1.87193787 0.22464037
4.25787163 0.13003346
3.02523327 0.16382913
4.13947010 0.14844672
4.06981039 0.14698464
1.87925303 0.20980413
3.17997408 0.15412240
4.58887434 0.12461663
1.93319845 0.21053940
1.87066042 0.20827521
3.58169770 0.17154898
1.74404275 0.24182500
4.36048174 0.15085328
3.10562062 0.18399574
4.31232500 0.15645790
3.06534481 0.17092721
3.75243163 0.15289132
4.02649641 0.14201938
4.26058149 0.14449103
3.97631717 0.14569129
3.51405549 0.14849259
1.78739595 0.22450662
4.28732109 0.12740867
4.54018068 0.12210663
3.99736118 0.13055877
3.74861670 0.14533940
1.90286636 0.20359941
1.91251802 0.19478650
3.22252011 0.14923659
1.89837432 0.20091318
4.10764599 0.15627457
4.14045238 0.15884425
3.54162073 0.14502464
3.57684255 0.14611554
4.14199352 0.16273527
4.01392460 0.13064718
3.25384855 0.16236569
1.84819794 0.20993255
4.17328978 0.14639030
3.91770172 0.16809575
3.98237491 0.14066927
1.84421146 0.23300163
2.94356441 0.17391717
4.45320845 0.14157920
4.07714081 0.14109378
4.12150002 0.14502074
3.41569185 0.14659537
4.61839485 0.12239832
3.92628884 0.13331497
1.87458503 0.22449136
4.25588369 0.13006006
3.02663326 0.16383336
4.14257336 0.14848621
4.07287455 0.14701523
3.26093721 0.15598202
4.16488361 0.12979817
4.16652632 0.12847210
3.25206637 0.15040816
4.14518309 0.14578409
3.99924302 0.16792034
4.09305286 0.16084842
1.80945492 0.23810191
4.43041992 0.14065538
3.61601591 0.15078412
3.14788127 0.16783579
4.10787773 0.15624289
4.14169073 0.15882517
3.54115343 0.14500295
3.57681894 0.14609323
4.14471865 0.16271727
4.11183929 0.14209367
3.15462184 0.15789546
4.36587381 0.12397549
1.88672459 0.21103875
1.84401560 0.20953296
4.17842484 0.12878986
4.12776184 0.16783243
4.12723684 0.17569660
3.57960725 0.15184423
4.36370611 0.14599566
3.50095987 0.15486337
1.87228870 0.22471084
4.25582218 0.13013361
3.02518249 0.16393074
4.14058971 0.14859374
4.07080030 0.14711590
4.01689768 0.13050653
3.24964476 0.16222464
1.84392011 0.21014975
4.16665983 0.14617041
1.88117266 0.22240096
1.86948669 0.20876442
4.10588646 0.15402566
3.20979309 0.15550630
4.42135763 0.12463561
4.17387438 0.12973052
4.46943092 0.11705665
3.61217332 0.13145149
4.51842737 0.11337123
3.24416327 0.14322324
4.50163984 0.11257631
1.87517309 0.21027182
3.18368745 0.15430917
4.58199310 0.12487468
1.92626977 0.21122657
1.87433898 0.20815657
1.89528549 0.20419548
1.91658616 0.19451608
3.21580243 0.14938842
1.89906156 0.20087834
1.87613475 0.21020804
3.17962408 0.15433091
4.58526134 0.12484804
1.93002331 0.21096951
1.87009561 0.20847827
3.50589895 0.18167746
3.85851717 0.15664162
4.14188004 0.18238352
3.86365747 0.15091352
4.28645706 0.17564495
4.27413940 0.13199453
4.27106810 0.13303104
4.33517838 0.12123233
4.53964615 0.11805568
4.51683283 0.12179623
4.15334749 0.13351713
3.64543724 0.13462965
3.83896637 0.21510743
4.59647942 0.16657399
3.60027504 0.19411169
4.47693014 0.21258533
4.02577400 0.13580102
4.05851364 0.14976704
3.53100753 0.15713912
4.14439440 0.15210052
4.07123327 0.13652702
3.90792179 0.16808213
3.98579884 0.14067563
1.84096003 0.23321104
2.92936277 0.17415030
4.44701576 0.14155029
4.32651567 0.14225586
3.90553784 0.17079055
2.87504911 0.17398299
4.52894163 0.16468996
3.59970999 0.15595792
3.09353757 0.16777308
4.32294035 0.14171837
3.78624797 0.14598207
1.87230551 0.24335670
3.59383178 0.15555863
4.33177948 0.15643920
4.12104034 0.13723804
4.42124701 0.12841463
4.35971165 0.13955404
4.29205418 0.12647498
1.86875153 0.22926365
4.19949341 0.12939614
3.42328238 0.22394049
1.80618358 0.26132873
4.04872131 0.16799784
3.85597515 0.17966159
4.49856997 0.18041129
4.15910244 0.18839179
3.66706276 0.19010000
4.55545759 0.14421780
3.63901615 0.15325052
3.15644073 0.15761849
4.54866219 0.12999167
3.61983562 0.14974250
4.45830441 0.12885411
4.28933764 0.14348800
4.47668362 0.15642762
3.77910423 0.14645709
1.79263353 0.24535985
4.33906984 0.14415048
4.25393105 0.15838973
1.81387186 0.25689587
4.56593132 0.17982472
3.83324504 0.16271047
3.49086070 0.18331067
1.81594920 0.32090160
3.52536416 0.22424774
1.88463092 0.31872511
3.70440149 0.21865219
3.92057276 0.20044683
4.41708469 0.16853009
1.79739833 0.27593330
4.41317081 0.19526355
4.15172482 0.20535667
4.52331924 0.18718134
3.39752746 0.20051797
4.48404789 0.17646606
3.78416109 0.20487212
4.37237453 0.14431776
1.83645344 0.23837967
4.05437899 0.14818954
3.94140029 0.17953384
3.70718098 0.21307105
4.53906870 0.17263536
3.82427406 0.15700206
3.52265763 0.18129225
1.81209755 0.24925952
4.25552940 0.14935808
3.38950229 0.17391618
3.46053100 0.16938521
4.56658554 0.14630304
4.49293327 0.14295615
4.49304008 0.13147680
4.09354496 0.14208245
4.27870274 0.13431704
1.81835437 0.32119480
3.52370334 0.22455226
1.87960398 0.31921175
3.69918585 0.21886249
4.17690229 0.14126331
4.16210890 0.15213780
4.21700859 0.14043902
3.01512313 0.17402339
4.59771442 0.17124809
3.63939738 0.16887528
3.09739041 0.17692100
3.73784542 0.16209269
4.11716938 0.15444766
4.44055271 0.13937555
1.87050617 0.24948603
4.46674967 0.14537515
4.13526344 0.16482696
3.68912554 0.15932173
3.35605836 0.15755065
4.25927925 0.13056681
1.79667008 0.23082842
4.38714457 0.13099426
4.44912720 0.14213999
4.60655928 0.13001820
4.46967459 0.17233843
4.50663757 0.15760706
1.85070205 0.25404939
3.75147939 0.16484681
4.51044273 0.14170882
4.19806290 0.13288291
1.85587692 0.22777085
3.40689135 0.15311559
3.26728368 0.17662363
3.97425056 0.15166767
3.64428234 0.17499089
3.82331228 0.15496813
1.82130802 0.26628909
4.34507799 0.15166682
4.45776844 0.12871496
3.52086878 0.13764168
1.84547806 0.21646518
4.58145857 0.11707803
4.13083458 0.12340371
3.56086612 0.14462940
4.42883825 0.12567990
3.30734062 0.15124814
4.23489761 0.12705232
4.33195305 0.13655849
4.43794298 0.16870253
3.24755764 0.18296981
3.34930539 0.17507826
4.22099304 0.17864852
3.87947917 0.15112589
3.90638208 0.15081838
3.60092688 0.17253546
3.85206151 0.16666205
3.51276875 0.15464540
3.74692464 0.16811477
3.33929014 0.16715096
1.86426377 0.24664223
1.85902894 0.22815500
4.42030382 0.13050826
3.28004265 0.15918486
4.63285303 0.12458914
1.87874210 0.22691512
4.03495693 0.15447341
4.27157068 0.13056655
3.97148252 0.13141760
3.31628060 0.14523016
4.26752424 0.14655621
2.88545990 0.18272632
3.80977416 0.17136814
4.60029125 0.16121663
4.32363749 0.16276331
4.01623678 0.16367014
4.13408852 0.16468477
4.00562906 0.16538233
3.38272333 0.14486729
3.97873712 0.14425491
3.91203427 0.18261890
1.85793483 0.22943240
3.91143870 0.13527551
4.07974339 0.12417883
1.85608089 0.20679516
3.88290930 0.13495864
3.71138287 0.15892823
4.48928547 0.17438595
3.14790177 0.18177794
4.58965826 0.12468340
4.05219984 0.13730596
3.60561681 0.14965858
3.04418492 0.16605271
4.58419514 0.14542967
4.38696289 0.14550637
4.25185633 0.14751406
3.46664310 0.14984749
4.43758488 0.13240485
4.52655315 0.14536226
3.99435210 0.14767890
4.28581095 0.13399456
3.92258573 0.15793864
1.80809581 0.22727394
2.73858523 0.19577914
1.79207051 0.26451728
4.63255501 0.14193076
4.14859200 0.15956515
1.74755514 0.25403175
3.50874949 0.18678610
3.72574067 0.19235665
1.82422245 0.27854982
3.50798559 0.14865379
4.48596573 0.12225258
4.11379242 0.13475893
3.50500083 0.14907120
1.79504418 0.26344851
4.10360765 0.20291720
3.84751010 0.15934525
2.82967401 0.18865316
4.33270025 0.14317898
1.80769396 0.24331450
4.63472605 0.15818822
1.86654210 0.21576943
4.20504093 0.14021604
4.29518414 0.11953709
1.85823584 0.21769328
3.87879705 0.13835301
3.22382474 0.14614284
3.05893397 0.15534876
3.99578834 0.13544856
1.88830972 0.21684325
3.07617569 0.16214994
3.56599259 0.14352284
1.89888072 0.22623505
4.01853132 0.14948669
3.11720872 0.16234104
1.77368045 0.25186583
3.04832530 0.19385107
4.61932135 0.15095191
3.65994334 0.16750050
3.78354120 0.18264049
1.87914455 0.20681310
4.13251686 0.12320738
1.92247391 0.20339294
4.33300495 0.11662147
3.21997476 0.14940576
4.02502728 0.13612293
1.85768354 0.22816347
4.42741680 0.13041227
3.28681278 0.15899535
4.63178825 0.12449086
1.87398601 0.22716738
4.04326391 0.15432160
4.41155863 0.17061512
3.44344354 0.17967568
3.73196363 0.15610909
3.98693681 0.17876114
3.38430738 0.16322263
1.87818503 0.20623320
4.46565723 0.13012876
4.45546627 0.13136061
1.85538816 0.23254497
1.87991226 0.22964901
3.88063097 0.14244674
3.87227893 0.17004980
4.10456848 0.15138319
4.16286707 0.13251035
3.33046937 0.16229339
4.26147366 0.15326478
4.45646954 0.14610581
3.90978932 0.18301849
1.82827485 0.24652570
4.32165098 0.17386329
4.10180426 0.17794825
4.28006077 0.17098565
3.26142430 0.18202452
4.22137737 0.12290630
4.42313290 0.13125904
1.82794857 0.21065272
4.22423553 0.16572364
3.99041700 0.15850143
4.32023191 0.16202049
4.35393524 0.15683712
3.31517768 0.18329853
4.19040823 0.17651547
4.21865892 0.17731495
3.87799549 0.15861721
3.90608191 0.15632768
1.75461912 0.23860987
3.17994523 0.16865134
4.59601641 0.13966127
3.55620956 0.15587695
4.36187601 0.12818004
3.21283412 0.14776623
3.43424416 0.13896184
4.44153404 0.11880758
4.21574783 0.12041401
3.89111471 0.13465951
3.71410847 0.15445715
4.01092958 0.17238717
1.81539488 0.24343781
4.61154127 0.15147388
4.32911062 0.17172743
3.66588044 0.17130782
4.17909575 0.17267577
4.05680275 0.14057253
1.88183546 0.21592312
4.59541512 0.12591358
3.91401482 0.13905422
1.84455788 0.21385491
3.58965826 0.14793062
4.00791788 0.13932264
3.80814719 0.16979368
3.98569512 0.19202130
1.85568750 0.25504929
1.84062850 0.25487062
4.36570454 0.15991025
4.33449697 0.17520438
3.13854933 0.18235357
3.67656326 0.18229330
1.79300869 0.25530070
4.27556038 0.13772841
4.49231625 0.13157757
4.42204285 0.12203564
1.78125155 0.22766919
3.65842319 0.14464143
4.26679420 0.14974481
2.97891259 0.16479394
3.20245624 0.16130710
4.41038275 0.16584475
3.43422437 0.16835958
3.86103225 0.17093690
3.33232236 0.15559621
4.59130192 0.14194976
3.78525829 0.14432578
4.00162411 0.13384767
4.00512934 0.14357983
4.50714827 0.14434607
1.79316401 0.22476310
1.85335886 0.23483853
4.53177309 0.15259670
1.80733228 0.22087644
3.45547223 0.14841801
3.99600697 0.12865634
3.45891261 0.14245592
3.55526042 0.14772856
4.47667027 0.13770621
3.50616241 0.16478866
4.51064348 0.16012241
4.40347242 0.14457338
3.85590410 0.14481968
1.80680656 0.24332659
4.37723923 0.16228764
1.90988910 0.23707826
1.86229312 0.24319887
3.88008356 0.15544264
4.56917429 0.17935950
3.40721941 0.17679095
4.05267334 0.15403204
3.56366444 0.16474496
1.83963418 0.23817481
4.62524462 0.16685371
1.84900510 0.23882966
3.64741373 0.18050914
3.46779370 0.17792131
4.44079685 0.12247632
4.31118584 0.12193487
1.79362416 0.22254585
3.89302278 0.13769180
3.21263981 0.14829963
4.44906092 0.12532523
4.31267071 0.12487052
4.29789543 0.13548391
1.80142045 0.23927383
3.90038753 0.16439590
3.73691416 0.14664839
3.58818007 0.15057351
3.94037604 0.16346411
4.05727911 0.14081527
1.87864459 0.21633621
4.38198614 0.16434829
3.96787000 0.15990885
3.68842196 0.15194105
4.63182497 0.14242850
4.41632080 0.13926741
3.12986660 0.16908866
3.50086546 0.16505380
4.51026917 0.16045028
4.39580011 0.14476103
3.85085773 0.14500847
1.80838370 0.24340971
4.38086510 0.16262300
4.04943848 0.15712033
1.86201680 0.22666526
3.97960663 0.14048059
3.33588004 0.15524544
4.37855387 0.13964273
4.45745802 0.13791171
1.83010244 0.23799920
3.40031242 0.16225001
3.55569553 0.16472076
1.87227452 0.23661542
3.94403529 0.16472492
4.01220512 0.16626997
4.08792210 0.15108778
3.74107122 0.16522411
1.89155495 0.23672640
1.82070291 0.24266304
4.16385508 0.16974628
3.82051969 0.17569418
1.81178951 0.24243784
4.33322477 0.15317474
3.64436030 0.17555712
4.39072371 0.17071621
4.01080179 0.17409573
4.45655298 0.14080356
4.47136736 0.16206320
2.92935991 0.17613810
1.83713913 0.22149871
3.72960472 0.14266305
1.84108996 0.20387618
1.86683047 0.20184533
4.53154135 0.14478432
4.44158649 0.12525178
3.36497331 0.13874786
3.66664076 0.16715980
3.81472683 0.16700716
4.21755934 0.14748451
4.46982813 0.15903248
4.24049568 0.16928941
3.80745435 0.14355125
1.76692426 0.21958011
4.53110218 0.13981448
4.44795418 0.12653209
4.17225170 0.13099037
4.23961496 0.14287640
4.15655756 0.16372223
4.37974501 0.15600105
3.83491564 0.16784547
4.09636354 0.15176587
3.71712112 0.16376175
4.24107409 0.17525999
4.29861212 0.17679405
1.80721366 0.25578824
3.72146583 0.18911360
4.49624872 0.12584099
4.31097174 0.13694136
3.06393337 0.14830917
3.99217892 0.12946026
3.82066369 0.14386989
4.49832630 0.12584037
3.68278933 0.16071914
4.40786505 0.18054660
3.64293551 0.18490504
4.57408667 0.17994018
1.77187705 0.24034040
3.69312859 0.15869151
4.30517244 0.17117058
3.71089673 0.16218276
3.09455848 0.17918588
3.78183126 0.18872027
3.73539138 0.18234454
3.15882802 0.18002118
4.51834393 0.12135183
4.46730995 0.13149625
1.78173256 0.21017005
4.27111387 0.12952019
4.05876875 0.12561017
4.60400486 0.13136493
4.01959705 0.14438720
4.24651432 0.12407842
1.88493860 0.21184959
1.83980155 0.20798619
4.14872789 0.12416551
3.37906432 0.14944069
4.13387012 0.14843091
2.84775329 0.16676217
4.57591581 0.14491883
1.81624305 0.21310662
4.15184259 0.13396667
1.82197607 0.22793941
3.43019867 0.15248157
4.61722708 0.16115992
3.84992337 0.18671578
4.31156921 0.16774820
4.35747910 0.16661137
1.81313300 0.25316277
3.48425436 0.19124429
4.05167484 0.19549118
4.55042076 0.16019678
1.85119009 0.22168148
1.86736631 0.22239542
3.51199889 0.14973745
3.85743189 0.18642433
4.31409693 0.16752695
4.36855936 0.16655336
1.81239605 0.25302500
3.48112035 0.19091780
4.06017113 0.19542116
3.62732840 0.14391188
4.13368368 0.15917940
1.85016155 0.22887610
1.83097291 0.22047134
4.37471104 0.13500576
3.51821160 0.18401301
2.81284809 0.19474761
3.45713806 0.17915948
4.55279016 0.18601499
3.85833120 0.15284835
4.00100660 0.13837352
1.80047321 0.22755849
4.04878664 0.15715916
4.22936344 0.14139436
4.59330845 0.15586893
3.62810349 0.14391117
4.13235998 0.15917666
1.84862971 0.22898799
1.83282423 0.22032790
4.37638903 0.13501821
4.21714306 0.14408557
1.83615863 0.21154131
3.20144749 0.14757128
3.72618508 0.14029299
3.20426846 0.14712097
1.78489077 0.21236177
4.13029814 0.12163375
4.22017765 0.13507050
4.17905092 0.16690260
3.55996299 0.14898665
1.83767164 0.23103152
4.07015657 0.16452663
4.01527691 0.16739058
4.02106905 0.14438947
4.24596739 0.12407902
1.87964070 0.21228553
1.84158611 0.20786083
4.15171242 0.12416478
4.28615904 0.13370977
1.79949021 0.21931832
3.70686460 0.15047380
4.29079962 0.16282256
4.52518129 0.14852704
3.97919297 0.12718153
1.82880604 0.20584029
4.50576401 0.13924412
3.48069763 0.14985736
3.96994901 0.14114693
4.01720142 0.14435069
4.24870253 0.12404815
1.88408637 0.21187527
1.84265125 0.20772947
4.15087271 0.12413606
1.84659886 0.20321594
1.87466347 0.20097797
4.52161646 0.14429735
4.43880224 0.12494126
3.36985874 0.13830756
4.34488392 0.20653196
4.24310350 0.16892587
3.76429296 0.17321883
3.64149165 0.17769961
1.78892827 0.23422624
3.49067974 0.17628209
4.57444286 0.16774166
3.47014546 0.15507384
4.03904724 0.13384801
2.85958195 0.16826172
4.55104208 0.14450431
4.01822758 0.14831746
3.31409979 0.15524407
4.41813374 0.13215129
4.51373291 0.13125513
1.81799495 0.23527575
4.34783268 0.15089928
4.05226851 0.17773239
3.50037098 0.16747691
4.50766993 0.18324125
3.79323840 0.15144669
4.29075432 0.14937922
3.27926373 0.15640414
3.74784303 0.14215873
4.38114548 0.12379573
3.48483491 0.13480209
4.36973572 0.20772193
3.79358315 0.23829709
1.76817715 0.30589345
3.87349272 0.23721498
4.31272316 0.16575818
3.58193517 0.18620510
4.55310106 0.20610648
3.72438550 0.20197053
4.42409611 0.15911229
4.16781330 0.17609143
3.68989420 0.16138309
3.52821755 0.17445864
3.70498657 0.15290000
3.70064116 0.14404432
1.86181331 0.23227489
1.83248949 0.23267353
3.21593738 0.16495089
3.62758017 0.14582317
3.54678845 0.14833973
4.01523590 0.15878089
3.04269648 0.16838638
4.60508823 0.20777400
3.77389765 0.21544214
3.93726563 0.15235244
3.14178538 0.16137801
4.45296335 0.13064878
3.62810969 0.15911818
4.31912613 0.15462942
3.98396850 0.17567547
4.36036444 0.14761935
4.09342813 0.17660211
1.83381224 0.24046028
3.56052303 0.16054296
4.00194883 0.17750393
4.12460756 0.17633276
4.22861719 0.15920173
4.25818014 0.15379629
4.32984877 0.15167339
4.52665567 0.14967090
4.47692347 0.13435097
4.05810785 0.16831912
1.81959033 0.24826787
4.44402838 0.14130615
3.56832886 0.15995021
3.93225360 0.16686696
3.32945824 0.15812756
4.23602772 0.13444173
1.80344820 0.23198988
3.10467124 0.16594808
4.06351757 0.15190034
3.70057726 0.15310529
3.70102191 0.14420645
1.86052597 0.23263071
1.83525217 0.23262250
3.22041583 0.16508143
3.61983943 0.15962227
4.31090927 0.15518723
3.98387766 0.17645407
4.35513973 0.14814150
4.09132671 0.17736745
1.82955790 0.24139798
3.55462098 0.16105761
3.62266183 0.14624739
3.54140496 0.14877415
4.01471376 0.15940304
3.04090834 0.16883333
3.37644482 0.15158260
4.10569811 0.13849829
3.99086523 0.15065975
4.13947535 0.13223185
3.14610314 0.16659869
1.86821079 0.22420986
4.23810434 0.13516884
4.04949379 0.16807997
1.81376517 0.24852972
4.43918371 0.14114089
3.56951690 0.15977721
3.92618942 0.16664478
3.93474507 0.15266500
3.13374066 0.16174333
4.45133066 0.13089080
3.05231118 0.16270383
1.86894977 0.22557616
4.13708401 0.12642719
4.20576763 0.13365103
3.91686249 0.14362520
4.21561193 0.12846711
4.19298124 0.12897433
4.13042355 0.13250142
3.99810910 0.14619230
3.90548778 0.14680846
3.81124783 0.16489674
4.52866125 0.16356754
4.64409733 0.14733522
1.88548720 0.23050217
4.48619747 0.13661608
1.89169443 0.23539191
3.61221004 0.14281163
4.46393204 0.14370136
3.09702587 0.16982742
3.69543600 0.14664938
4.26819944 0.13610607
3.35911179 0.14448629
1.87259030 0.21053834
1.88070393 0.21403806
4.24158239 0.12891901
1.92222178 0.20033689
4.27516270 0.13025217
4.16151762 0.17482372
3.75555396 0.19083638
1.79212284 0.26931050
3.06733489 0.20715816
4.35691357 0.17544353
4.07106161 0.14518702
3.36072826 0.17342134
4.05406952 0.16388480
4.23212481 0.14423382
1.83553982 0.22376503
3.41695380 0.16428941
3.62169361 0.17234260
2.93080449 0.20106919
1.84704792 0.26319572
4.45117521 0.16636647
1.89578688 0.25885653
3.84388447 0.17163472
3.61046600 0.16328718
2.98739552 0.17815338
3.93978620 0.17176473
4.29676485 0.13469332
4.19220161 0.14365922
4.03688526 0.13535254
4.01392651 0.14253271
4.12612391 0.13885023
4.14605236 0.14962570
4.01364613 0.15024866
4.15314484 0.13591002
4.40668011 0.15015134
