4.22929001 0.19100510
4.00464869 0.18770911
3.93007278 0.17704459
3.80197167 0.17583162
3.24314666 0.15946166
4.51592445 0.13456780
4.45409822 0.13399708
3.48924303 0.15637313
1.86630654 0.21057577
3.96863866 0.17738652
4.41988468 0.16832058
3.74606061 0.16145466
1.85279536 0.24883418
3.50913644 0.17704375
1.89358473 0.19420837
3.92864847 0.13951480
4.28829622 0.13421996
4.33137083 0.13370924
3.61126065 0.17786868
4.42309046 0.17786299
4.39511919 0.15909615
4.21945047 0.17681970
1.89696431 0.23605478
3.30062795 0.17155047
3.63774180 0.16759823
3.68858314 0.14377061
4.52714491 0.12898204
1.90844989 0.20369335
4.28384590 0.12864219
3.94181800 0.13898475
4.51473141 0.17252477
1.92727673 0.24336374
3.68515444 0.16411166
3.93039751 0.17830272
4.52561283 0.13510944
3.43860841 0.14801691
4.33403015 0.12795664
4.05008411 0.12808460
3.52358413 0.15620165
4.48887205 0.14558496
3.86449742 0.17596205
4.12991810 0.17377234
2.84719419 0.18325950
3.78398180 0.15688364
4.32728815 0.13599916
3.22798514 0.15089951
3.80389905 0.13825972
4.48048496 0.12485079
3.54677272 0.14307480
3.36147833 0.18017948
4.48363209 0.17135227
3.43888736 0.17875475
3.82527137 0.15626517
3.96370697 0.18033801
3.91070604 0.17247067
4.41826630 0.14904653
3.71000028 0.15299681
1.89115942 0.22174828
4.46712732 0.15330069
3.95383930 0.17543872
3.40459776 0.17097925
3.32381463 0.15410717
4.19009018 0.13420935
3.97078156 0.14396562
1.94693124 0.19409008
3.19075584 0.18954389
4.52010441 0.18263154
3.83142376 0.17159469
1.83483481 0.25843662
1.85030878 0.23984198
4.48227787 0.14580831
1.86251605 0.23805065
1.85066247 0.25576833
3.86650777 0.16312011
4.36775875 0.17897959
1.85578477 0.25485718
1.92144454 0.21803440
3.51625800 0.14536208
4.39106607 0.13997363
3.42901707 0.15302362
2.86399364 0.16683917
4.45083189 0.14475046
4.53605938 0.13550903
4.35648727 0.13304526
1.86525977 0.22562534
4.47640085 0.14404808
3.35445189 0.18059038
4.48024225 0.17186980
3.43857479 0.17918332
3.82205224 0.15660655
3.95862269 0.18082868
4.48257589 0.12876467
3.22617817 0.15036668
3.97711325 0.13627340
3.68183064 0.14045475
4.51111221 0.12199420
4.44849443 0.12548839
1.84555578 0.24014859
4.48661089 0.14577948
1.86747658 0.23765145
3.18808007 0.16066165
4.15275049 0.14419378
1.84440899 0.21215187
4.21762562 0.13574849
4.48128843 0.20438969
4.50368023 0.19854681
1.91010118 0.26891240
3.04347062 0.20426744
4.50980330 0.12555808
1.91450834 0.20431244
4.28281927 0.12583758
1.88619947 0.20415729
3.87777948 0.15092368
3.84475160 0.14405958
3.43891025 0.15305610
1.95969141 0.20324254
4.26749039 0.18279506
3.99094415 0.18878293
4.20471811 0.18026930
1.92883217 0.24189687
4.28194761 0.13696492
4.39649534 0.13024943
4.25171804 0.13935868
4.16833353 0.13065724
3.49904513 0.14419897
3.97789860 0.14093950
3.56786084 0.14413066
1.86235654 0.20601578
4.48776627 0.12949659
4.06148386 0.14061506
4.05003738 0.16116710
3.65741515 0.18271197
3.80910516 0.16647403
4.05314159 0.17931367
4.21458340 0.12872927
4.53187132 0.11655310
3.74834847 0.14792265
1.85418856 0.22506928
4.08167219 0.16129042
4.07738638 0.17385177
4.21803379 0.16282310
4.07400036 0.17392844
4.21232224 0.16289771
4.47585583 0.17137049
1.84126139 0.24571848
3.78533459 0.15326844
4.41555548 0.13006577
3.24426389 0.15839168
3.63569903 0.15008272
4.52655172 0.12804018
1.88912237 0.22538404
3.41143560 0.15903760
3.43359447 0.19189686
3.34607577 0.19394946
4.46390247 0.13263036
4.23068142 0.12496191
1.82930040 0.22051583
4.28996658 0.12699534
1.84107006 0.21594898
4.46650124 0.13619988
4.46638107 0.13480857
1.90999246 0.22556315
4.53244686 0.14812914
4.44883776 0.16469571
1.91603768 0.23746316
3.58615255 0.15920691
3.45396638 0.14665239
4.47174501 0.12244038
3.58894944 0.14627425
1.90949011 0.23332101
4.43835020 0.14576893
4.09502697 0.15347429
3.79234338 0.14352238
1.89287889 0.23119645
4.43789530 0.15818955
1.90599513 0.23345728
4.43611717 0.14565268
4.21150303 0.12148457
1.93171656 0.20909820
4.09761000 0.15334047
3.23355508 0.15688564
4.15949965 0.16691785
3.81483293 0.17167224
4.10991430 0.13777958
4.07863522 0.17361188
4.21993732 0.16261019
4.39727926 0.14587392
4.37945890 0.16606094
3.23410320 0.15689589
4.53495741 0.13060814
4.08541679 0.14838517
4.09676838 0.15326555
3.55582929 0.13838853
1.86441374 0.20985276
4.46448326 0.13066427
4.04902792 0.17367959
3.73380232 0.19320065
3.24509215 0.20479150
4.23081970 0.22882509
3.72196984 0.20098014
3.72442174 0.19439359
3.98022676 0.16437362
4.06543016 0.15849642
3.50159335 0.14062063
4.36168242 0.13461311
4.30183458 0.12971707
4.27668905 0.13496037
4.13920307 0.15137301
4.21960545 0.14567663
3.43285871 0.15959713
4.48499489 0.16205417
4.53775787 0.14718519
3.15329337 0.20243537
3.75024962 0.19937511
3.71988320 0.17428739
4.29292011 0.16790630
3.96194077 0.15989639
3.79237366 0.17952602
1.89358294 0.26831546
3.72842836 0.19560258
4.38309097 0.18131588
3.67776346 0.18012679
4.24480438 0.13623713
1.97002470 0.22066289
2.89004064 0.16257215
4.12868547 0.14016585
3.34885120 0.15465526
4.01387644 0.13751969
4.37700605 0.13287321
4.39993095 0.13846064
3.85601401 0.15966962
4.12795115 0.14552754
4.03191280 0.14459191
3.70053959 0.16233623
4.46197462 0.17982917
4.53467703 0.16123277
4.38948298 0.19860853
3.56413198 0.16162565
1.92914557 0.24514805
3.17473531 0.18049812
4.32451439 0.15238859
3.62106514 0.16669004
4.39463043 0.15131737
4.15419388 0.16150273
3.79564071 0.17455542
3.44544029 0.20212972
3.79517198 0.19954801
1.90685558 0.25348362
4.39197063 0.17148913
3.44606829 0.17571254
4.14862585 0.13287477
3.17428613 0.16604139
4.06772518 0.15087683
4.06896734 0.13107599
4.18064928 0.13603936
3.80075645 0.17428346
3.45034838 0.20181416
4.20524693 0.13663904
4.14025784 0.14966384
3.91496515 0.20751357
2.90058255 0.20625575
4.34256411 0.17866975
3.49304056 0.18456601
4.05003977 0.14582171
1.87210405 0.23897453
1.94646227 0.23159204
4.09413099 0.14655890
3.28529811 0.16798961
4.10261106 0.14668043
4.16799116 0.14430875
4.35989285 0.15275694
1.93049562 0.24190407
1.91792333 0.23970354
3.65415573 0.16500129
3.51327419 0.16350052
3.55124998 0.15906060
3.56111073 0.16193444
1.92624748 0.24563389
3.17207742 0.18084817
4.32144785 0.15270363
3.61726618 0.16701148
4.39149809 0.15163669
3.26185799 0.16844976
1.94968832 0.22035585
4.23925257 0.13847837
4.12807798 0.13853741
3.22776031 0.15392289
3.74798942 0.15982054
1.90357900 0.21303417
4.37178326 0.14063281
4.16979742 0.14646299
4.19085598 0.13827498
4.14676189 0.13298918
3.17424369 0.16617154
4.06975937 0.15103348
4.06977224 0.13117744
4.18080568 0.13615836
3.97080684 0.16445656
4.05841255 0.15856634
3.50039649 0.14067669
4.35516787 0.13466762
4.30665684 0.12979138
3.76314306 0.18540318
2.85073590 0.20165659
1.96708107 0.25116101
3.76865530 0.16229837
3.58476663 0.17771913
4.41342592 0.15942852
3.98035312 0.16422734
4.06737089 0.15835510
3.50384855 0.14053334
4.36309433 0.13451625
4.30417585 0.12963125
4.32675505 0.13047837
3.55677438 0.15496059
4.49560785 0.13091840
4.35629845 0.16310006
3.58212614 0.16199732
4.46078348 0.18295670
4.41921425 0.20046479
4.33159065 0.20949106
4.27610445 0.13513333
4.14060402 0.15160882
4.24404335 0.17048596
4.22925568 0.15245929
3.48825622 0.17703450
4.41408205 0.13009506
3.62927961 0.14199252
1.93261874 0.22956504
4.37979889 0.13255505
1.92872894 0.20863681
3.57209229 0.14474167
3.59750247 0.14266698
3.72510839 0.14527684
4.51921749 0.15998776
4.09891081 0.12569176
4.00709295 0.14750262
4.16070795 0.12859650
3.75774884 0.17014807
3.87653995 0.14982919
4.20098495 0.17241073
4.36667585 0.14817892
3.72358203 0.14541428
4.50395155 0.16008694
4.31635094 0.14014284
4.18318653 0.13100924
4.07085943 0.15945129
4.14742804 0.14019696
3.75512075 0.15906043
3.51538086 0.15951191
3.74289393 0.17054987
4.41607618 0.12995969
3.63120437 0.14186068
4.13754845 0.12738301
3.26383638 0.14621036
3.57081079 0.14468171
3.60116816 0.14260399
4.19189548 0.12986368
4.26882458 0.12837081
4.19840765 0.14453329
4.20086145 0.12903094
1.91353869 0.23475881
4.09637451 0.12554739
4.01210785 0.14729412
4.15654707 0.12843753
4.06765318 0.15920959
4.17934418 0.12809640
1.92989981 0.20213020
3.37909126 0.14700188
4.37349319 0.14575790
4.49318027 0.14458425
3.57463384 0.16718514
3.60319901 0.14454551
3.24411106 0.15655088
3.98206425 0.14969267
4.51550627 0.17034687
1.89627075 0.22326429
3.84984446 0.15442045
1.95038354 0.23226905
4.34420395 0.16064905
4.16054630 0.16370541
4.44575071 0.15316959
3.80232382 0.17423846
2.97417212 0.18386813
3.72762895 0.17758512
3.78794265 0.14361008
1.85712409 0.22100376
2.90965056 0.16278650
4.09988165 0.13243695
1.90987003 0.22316943
4.22922421 0.14617850
4.09706545 0.14958088
3.57432246 0.13890444
4.09016037 0.15321235
3.22520971 0.15458615
3.99946594 0.15635218
4.42892504 0.18031280
3.71256304 0.16827847
3.20664215 0.17109491
1.85184729 0.23536257
4.14916945 0.13162689
2.76542568 0.16658436
4.19000769 0.14181963
1.93784809 0.21361576
4.10200930 0.13614315
3.23653603 0.14059995
4.13965178 0.13808417
4.08769226 0.13665254
1.90698671 0.22966735
4.09978151 0.16598062
3.16644120 0.16670723
4.14229584 0.13160966
4.19742680 0.14682169
4.13129187 0.14665674
3.92063308 0.16660137
1.93868864 0.22483528
3.71172881 0.14608446
1.82076216 0.22918563
1.88001299 0.22044475
4.10159016 0.13246433
1.90854776 0.22329026
4.22684669 0.14621671
1.86967623 0.22358568
3.18585014 0.15995969
1.90687537 0.21920981
4.30755520 0.14445472
1.90630829 0.23390293
4.21535492 0.16465357
1.94106531 0.22843619
1.90882623 0.22952569
4.09724379 0.16591896
3.16567588 0.16669208
3.18681979 0.15814957
4.12639666 0.13032942
1.93861163 0.20003636
3.12129021 0.17266048
1.85951114 0.24075677
1.91497540 0.23317970
4.09946060 0.13253771
1.90848660 0.22335239
4.22778368 0.14631681
4.13937998 0.13144979
4.19742203 0.14663465
4.13856316 0.14645608
3.59349513 0.14080188
3.20456648 0.15963309
4.20267391 0.13017114
4.10228300 0.14995056
3.57340598 0.13912323
4.08450317 0.15360443
3.22590232 0.15480666
4.10620880 0.13619830
3.23568678 0.14064993
4.13210297 0.13817979
4.08652306 0.13674426
4.09792280 0.14988674
3.57156038 0.13910285
4.08751488 0.15354261
3.22488976 0.15479253
4.30279970 0.17339231
4.36951590 0.13642730
3.53954864 0.14649324
3.29403973 0.20350677
4.13453054 0.19647072
3.82898092 0.15370707
1.91703975 0.22742076
3.90896630 0.16659810
1.93284082 0.22507437
4.11344862 0.16688865
3.46872306 0.16675146
4.44309235 0.14831565
1.85536659 0.23354100
3.85779357 0.15525697
4.17978382 0.15797494
4.54149103 0.14056601
4.00250006 0.16289741
1.91254127 0.24272758
3.24322414 0.17066462
3.45120358 0.14708279
4.32095432 0.14244314
3.00195312 0.16519585
3.94995308 0.14312841
3.39595985 0.15597391
4.52313089 0.19257109
1.84423792 0.30469331
1.86300349 0.30051291
3.86822557 0.22809958
4.04564571 0.16477630
1.84586012 0.25828394
3.47679496 0.19448869
4.22189713 0.17492147
3.47434855 0.19350319
4.50119972 0.18130833
1.90249348 0.26226929
2.81411695 0.19704139
4.44646549 0.16308910
3.44126964 0.15951924
3.50104594 0.15696175
1.89207721 0.22747946
3.94562435 0.14834015
3.79983902 0.15203531
4.03655767 0.13518326
3.59269166 0.14186949
1.82847977 0.22799556
4.53254795 0.14067160
3.84225345 0.14953610
4.41156006 0.14044829
3.97428703 0.14080061
3.65730810 0.16343383
3.26399279 0.16936070
4.35020542 0.16543342
3.79464078 0.16839604
3.82421637 0.15935330
1.87367821 0.25344741
3.83313060 0.19537230
4.30760574 0.16404158
3.84910774 0.24565069
4.28339911 0.22271962
3.36582565 0.23465042
3.73782420 0.22339475
4.38688231 0.20548677
3.29883742 0.19944197
3.64450955 0.19738831
4.23489237 0.19892585
3.68651819 0.17545272
3.93672013 0.17238335
1.85114622 0.27705124
2.78991938 0.21662064
3.57965922 0.19173513
3.81401873 0.21241041
1.85184467 0.27789128
1.85905468 0.27796757
4.54797792 0.13490017
1.87672830 0.23654342
3.39501715 0.17058472
3.84992862 0.16655569
3.51840115 0.20982896
3.60827446 0.20011400
3.93736506 0.23179482
1.90628278 0.27825889
3.66920996 0.19937038
3.73560214 0.17927086
3.80989718 0.18382691
3.95401335 0.19436170
1.92397571 0.25006846
3.48444915 0.18544203
1.86904407 0.24348928
4.11124945 0.15446021
4.46332264 0.15435514
3.82690668 0.17055382
3.52575922 0.15556273
1.93301284 0.22203107
4.49049711 0.13245246
3.80511069 0.14513119
2.82363391 0.17415838
3.85420632 0.24624299
4.27937317 0.22294235
3.35893655 0.23490189
3.73601723 0.22372876
4.32471657 0.12754820
1.90616083 0.22331069
1.88070893 0.22108059
4.23050928 0.14222807
3.17027807 0.16290100
4.16757154 0.15489067
1.92531455 0.23000669
1.86189461 0.23727389
4.24335146 0.14161141
4.37265778 0.16829900
4.17433262 0.17569548
1.89125097 0.25008914
3.99749446 0.15294701
3.80296159 0.17863311
4.22613239 0.15467776
1.93971848 0.23342951
3.13998151 0.16306169
1.86086082 0.24055849
1.85273075 0.25016397
3.71823001 0.16017336
3.11524439 0.17638487
4.20367384 0.17605120
4.35283279 0.14351076
3.84185028 0.14704238
4.16982269 0.14308038
3.78029299 0.15342276
3.53082085 0.14692160
1.86827803 0.25373194
3.84630322 0.18025281
3.38502693 0.18636294
3.38035893 0.15761949
1.91883683 0.22211258
4.54996967 0.13009006
3.83906960 0.15081452
4.36657190 0.17197585
3.64534163 0.16415946
4.34408331 0.17656554
3.73963618 0.17937262
4.13486052 0.18494570
4.30956078 0.11648104
4.29732466 0.12862970
3.99666882 0.13245557
4.36358070 0.12355062
3.08254266 0.15379204
4.07110119 0.13756390
4.44745922 0.12416906
1.89479589 0.22221105
3.95217848 0.13505536
1.85671186 0.22547054
3.76279378 0.15467794
3.41394734 0.17857958
3.94844508 0.17960429
3.83938837 0.17745239
3.89971089 0.17757179
1.90303028 0.25727189
4.23184633 0.16714780
4.18096113 0.18055575
3.30906487 0.17320837
4.32526398 0.17191537
4.31795740 0.13815098
3.51057839 0.17362654
3.72949600 0.14459367
4.43761730 0.15546638
4.46086740 0.16368566
3.33099842 0.15848497
3.70563173 0.14034721
3.64786291 0.14059967
4.08337212 0.15193772
4.46214581 0.12486225
4.11133003 0.13146853
4.47655201 0.11906904
1.86938584 0.21072944
3.14301705 0.15274599
4.11711836 0.16880910
3.62192035 0.15459372
3.64714956 0.17234306
4.43855572 0.17036487
4.50195312 0.15861927
3.30405617 0.16852832
1.87926865 0.24777551
1.91527522 0.24427696
1.86295307 0.21010537
4.38430262 0.12806585
3.98031187 0.13982838
3.36806607 0.15629852
1.92977810 0.19906056
4.36461306 0.15483862
1.91356945 0.23935194
3.72402120 0.15900095
3.97139430 0.17455219
4.39662504 0.17761393
3.44110775 0.18423671
4.11373568 0.12206421
3.42884231 0.14415219
3.40011215 0.14012061
4.37492895 0.13176988
4.45331049 0.13238563
3.91946077 0.19283558
1.81273997 0.25240359
4.29095125 0.17558940
3.85058665 0.14739369
4.04724312 0.13633688
4.27113867 0.15023774
3.13787460 0.16466281
1.83928609 0.20711887
3.95850682 0.15995337
1.91707301 0.21344765
4.15426683 0.13947167
3.42709208 0.16674723
1.90385556 0.26011983
4.41164541 0.16165559
3.49344063 0.18469374
4.23147440 0.20876472
4.34625435 0.16942911
3.06507802 0.19203840
4.09001446 0.22062878
4.33901596 0.17507000
1.86935341 0.21873009
3.82667160 0.14236929
1.90189445 0.21893120
1.93469048 0.25636405
4.37177753 0.16363549
3.60618401 0.18133892
1.90624678 0.23764841
3.87943149 0.16798329
3.52105260 0.16743100
1.95491767 0.21026903
4.23687696 0.12364957
4.21564817 0.12326581
4.10865068 0.13427536
4.23103619 0.14021312
4.07378531 0.12305077
4.13347197 0.14160767
4.13721657 0.12436842
4.04858255 0.12227991
3.59504962 0.14153640
4.21396399 0.15788120
3.66129541 0.14444683
4.32239819 0.12815151
3.32073116 0.18533032
4.11360455 0.16072775
4.19934511 0.17799751
4.45355082 0.18305629
4.24686289 0.13635917
3.33604360 0.14108633
4.15816593 0.13677348
4.19407940 0.12336511
4.16539335 0.12172676
3.32266688 0.15847844
3.70936894 0.14023939
3.65017629 0.14049105
4.07979393 0.15175118
1.89390063 0.23762250
1.84448934 0.22582346
4.00373411 0.18281211
4.21084833 0.13761246
1.90022874 0.20841984
4.05565262 0.13795213
3.42499089 0.15638126
3.95412564 0.15450983
4.19417048 0.17493854
3.55750561 0.15469444
3.43976903 0.17161435
4.37589931 0.14432815
4.46239948 0.16005836
1.89474523 0.21206892
1.87242281 0.20543523
4.43598795 0.13461989
3.35572314 0.16255078
3.42590284 0.18215077
1.92665923 0.23695582
3.82198501 0.15686242
3.97717476 0.17819071
4.43552494 0.18139298
1.87071371 0.23986679
3.29295564 0.17352331
4.08067322 0.17906429
1.92995191 0.22917068
1.92121422 0.20594363
4.43483877 0.11728127
4.42017555 0.12912948
3.37221527 0.14547598
4.01968813 0.13482171
4.33335114 0.16126174
3.80816865 0.14968069
1.86895657 0.23955174
3.19059515 0.17183255
3.76096463 0.15500845
3.34899020 0.18635865
4.17422915 0.18541807
4.42925644 0.18180113
4.52924633 0.16160043
4.38821173 0.14633466
3.04485679 0.17420359
4.19308186 0.14192455
1.87471581 0.21593320
4.37272263 0.12173932
4.21596384 0.13400720
4.39829254 0.13145246
4.35520363 0.14725810
3.96430874 0.17239203
4.50878191 0.17185847
3.82344675 0.15617542
4.43338680 0.15137146
1.91145062 0.24026895
3.10553432 0.19170819
4.17611742 0.14135337
4.09955168 0.14211215
4.36450005 0.12546304
3.60016561 0.17366810
4.10034466 0.20523022
4.43649960 0.18137895
3.77945375 0.15864782
4.29556084 0.18441977
3.17409134 0.19124605
3.07397246 0.15864690
4.31856108 0.14309606
4.51189423 0.14270510
4.48403502 0.15096943
3.71921730 0.15223950
4.48729372 0.14691378
1.88336337 0.24596567
4.46226168 0.14886005
3.58469939 0.16436034
1.88536060 0.24362527
1.90382493 0.22103222
4.30494499 0.13398792
3.53634024 0.15569322
4.21985579 0.13025838
3.51269794 0.15539640
4.10663462 0.13335662
4.30526638 0.13423648
1.90574324 0.22134848
4.13376284 0.16004226
3.40436268 0.16294059
4.48920822 0.15656234
1.92239046 0.20552140
4.50945091 0.12352005
3.83739042 0.14349550
1.94287908 0.23330815
3.45387173 0.17721558
3.80583978 0.15378322
3.86781120 0.18673347
3.45966840 0.16371989
4.12487268 0.17954402
1.92098880 0.26209578
4.41466904 0.17147847
3.88265514 0.20066063
3.47775149 0.14673509
1.93433630 0.21304144
4.11871958 0.12670375
3.90835238 0.14085656
3.55533242 0.14685586
3.52201819 0.14382042
1.87042987 0.21346378
3.98442674 0.14038156
4.21318054 0.12876457
1.91698444 0.23131083
3.45362091 0.16731030
4.17398834 0.14161435
4.09822989 0.14236291
1.89296091 0.23197806
3.93968296 0.14903170
3.54445553 0.16717321
1.93491423 0.23398952
3.51009488 0.15989183
4.45823860 0.15461527
1.89161432 0.21208911
4.30422735 0.13147658
3.39275122 0.15270774
1.88322961 0.22409485
3.94914412 0.16240969
1.93625379 0.23148303
3.81799316 0.14825054
3.43389535 0.16559537
4.38747883 0.16457252
4.46958828 0.16172786
4.45939302 0.13948609
3.81185508 0.17478001
4.00509024 0.14938225
3.51745343 0.17656963
4.54094315 0.14775275
3.72196007 0.15318094
3.33872962 0.17606734
3.92130160 0.17089204
3.72712469 0.15108903
4.01453876 0.14179610
3.60088277 0.15185203
4.50869513 0.12808256
4.12723541 0.12609075
3.73000836 0.17463164
3.63903642 0.14817570
3.91357636 0.14606383
3.48022985 0.14275746
3.21158504 0.17525339
4.02929115 0.14921390
4.27052736 0.14880317
3.14289641 0.19088274
3.78756022 0.17799132
4.48805332 0.14053550
3.67408085 0.14863364
3.36226368 0.14194326
4.31038809 0.12373146
2.99789166 0.18816775
3.91898060 0.15498996
1.83966959 0.24244846
4.26470566 0.16585560
3.75380087 0.14282744
3.65412116 0.14256833
4.25779676 0.12138074
4.01405859 0.15158968
3.23464537 0.15621619
4.13240385 0.13099383
4.12869406 0.13071038
1.90322471 0.20449018
3.98669958 0.13875754
4.32808971 0.13362595
4.51667023 0.16788340
2.76478839 0.18120684
3.65993762 0.14386861
1.91197145 0.24029870
3.82109666 0.17208935
3.66830754 0.18814273
3.58943510 0.16477196
4.05724049 0.16887341
4.26669884 0.14181954
1.92123020 0.23956998
3.82129884 0.17187643
3.65392804 0.18779810
1.91791642 0.20903027
3.54287434 0.14904237
4.39571810 0.17639647
1.87718618 0.26140857
4.27546024 0.17400046
4.02055073 0.14233939
3.56390810 0.16247271
1.95178068 0.20997296
1.91745150 0.20906551
3.54186559 0.14904596
4.19645977 0.13140152
1.90158379 0.21273555
4.04400110 0.12838773
4.49851704 0.13139020
4.03437996 0.12156565
1.86690378 0.23598064
3.58176923 0.15341677
4.01872873 0.15157872
3.23128271 0.15624917
4.12863255 0.13097627
4.13191271 0.13071568
4.42427015 0.15205388
3.63572598 0.16162664
2.72287560 0.17153300
3.98208499 0.13037270
4.01337719 0.15153758
3.23646355 0.15616535
4.13286352 0.13096161
4.12891006 0.13067828
4.02407742 0.14143069
3.59473729 0.15155613
4.50510883 0.12774156
4.13164902 0.12581964
4.04769087 0.19488095
3.86095643 0.19074984
4.21100235 0.17462844
4.46363544 0.15749840
1.88012385 0.21000250
3.37360239 0.15053706
3.94468093 0.18025273
1.96476352 0.21960588
3.80633879 0.15663473
3.97339320 0.14965272
4.39290142 0.13730736
4.19602537 0.15213324
3.80865908 0.14759885
3.93106842 0.14490829
1.92694819 0.21583684
3.26141214 0.16294093
4.32861042 0.12991606
3.47389531 0.12525448
3.46254063 0.14502031
4.45468283 0.12502430
4.25779772 0.13593163
4.17421532 0.13553001
3.13350034 0.24739532
4.34506845 0.21375380
1.84449852 0.27382752
3.69636703 0.18446450
4.37385511 0.19953518
3.07264113 0.21022497
1.95383382 0.24501459
3.39724374 0.17880924
3.93904901 0.19343986
3.98015857 0.16862224
1.90081942 0.23046558
3.20128751 0.17273794
3.96186733 0.16531469
4.28230333 0.15565461
1.90704274 0.23429422
4.45365286 0.14007308
4.07780647 0.16314277
1.82930982 0.29587367
3.11168098 0.22314113
4.25192022 0.20827772
1.91673243 0.22499686
4.12068939 0.15559705
4.42351294 0.13157085
3.94201684 0.15352218
1.91028845 0.23099077
3.60816169 0.16790195
4.30158281 0.18151344
1.91832697 0.24535672
4.46652699 0.15799795
3.55529404 0.18359141
3.42436719 0.18579720
3.71965885 0.16632347
1.88932884 0.25783113
1.88485980 0.25718984
3.47203016 0.17752434
3.71921325 0.18991746
3.92895126 0.15575810
4.25258446 0.15281470
3.43903089 0.15577184
3.64450455 0.16495110
4.47822714 0.15563202
1.86715937 0.23893611
1.92235303 0.24149811
4.22617960 0.17143477
4.47020054 0.15126316
3.03788400 0.17945309
3.05325174 0.17237706
1.88154018 0.22535920
4.31714678 0.14179626
4.27643824 0.15477662
1.95201015 0.22751208
3.97785068 0.16891198
1.89479935 0.23107736
3.19542503 0.17301844
1.90244985 0.23213930
3.60044265 0.16844171
4.30032396 0.18240820
1.91481459 0.24608500
4.46196699 0.15863006
3.96146989 0.16598822
4.28033352 0.15630762
1.90290177 0.23498774
4.44907904 0.14054136
4.07563734 0.16380161
3.91405416 0.16088863
1.92592180 0.21791218
4.26166391 0.14044447
3.30110955 0.16825493
1.86807382 0.23854034
1.92901015 0.24091230
4.23528957 0.17123574
4.47647667 0.15111032
3.03788614 0.17927520
1.90785027 0.22601253
4.11102152 0.15590598
4.42572784 0.13182575
3.94487906 0.15380138
1.89736760 0.22390084
3.27140689 0.16320203
4.01509237 0.14667492
3.92247224 0.14836721
3.12624907 0.16433813
4.28126621 0.14313808
3.10837936 0.16336492
4.21330786 0.12982915
3.31287646 0.17096798
3.61616302 0.16299914
4.16189814 0.17542337
4.12278891 0.17617023
3.05690908 0.18063508
4.05889606 0.17921226
4.02277851 0.16843040
3.11890483 0.17651431
3.92372322 0.15548484
3.18906999 0.16236289
4.06096935 0.15711443
3.96832800 0.15077318
4.11393213 0.15455456
3.86878943 0.20728938
4.15597296 0.21447395
2.82933617 0.18329112
4.05685854 0.15318093
4.37702274 0.15337785
4.54548120 0.14472033
1.92546189 0.23346810
4.30798054 0.16850686
3.90031409 0.20600158
3.97153997 0.20631200
3.40061474 0.20347528
3.88603258 0.17734943
1.86882198 0.25349852
3.84155464 0.16231567
3.44431257 0.17734504
1.93119919 0.25038439
1.97948003 0.21411850
4.50032520 0.13717023
3.88497567 0.14751667
4.32507229 0.13330416
4.52338743 0.15131491
3.49817562 0.16770208
3.96914577 0.15655188
3.85042787 0.15902869
3.99521852 0.14388841
3.30980587 0.16750234
3.35385966 0.15984342
4.38272095 0.13930963
1.91766608 0.22080036
1.90923691 0.22320910
3.92843103 0.17465021
3.45343423 0.17132473
3.92914176 0.17268808
3.71540761 0.15454370
4.47744703 0.17739923
4.46056747 0.17739446
