148
82
32
170
6
185
77
85
35
160
201
219
14
5
192
107
119
178
169
86
166
84
179
9
146
135
18
130
157
218
72
165
59
56
31
114
155
144
174
23
190
139
151
41
37
0
117
34
103
75
197
44
38
220
2
52
60
83
143
28
100
176
214
40
216
158
1
191
39
159
4
134
188
183
111
142
213
71
62
186
128
215
147
7
181
104
29
3
154
92
73
122
115
230
229
153
22
87
132
78
175
98
167
110
202
125
149
131
63
217
138
19
141
226
51
145
102
109
207
67
224
177
127
140
61
212
105
108
156
91
182
49
55
150
118
24
164
193
120
20
129
76
88
137
208
222
64
80
58
198
227
200
133
152
106
221
11
69
199
97
161
210
