# Radial distribution function (50 data points):
# "Pair separation distance" Ti-Ti Ti-V Ti-Al Ti-Cr Ti-Zr Ti-N Ti-O V-V V-Al V-Cr V-Zr V-N V-O Al-Al Al-Cr Al-Zr Al-N Al-O Cr-Cr Cr-Zr Cr-N Cr-O Zr-Zr Zr-N Zr-O N-N N-O O-O
0.03 0.0 0.0 0.0 0.0 0.0 0.0 0.0 0.0 0.0 0.0 0.0 0.0 0.0 0.0 0.0 0.0 0.0 0.0 0.0 0.0 0.0 0.0 0.0 0.0 0.0 0.0 0.0 0.0 
0.09 0.0 0.0 0.0 0.0 0.0 0.0 0.0 0.0 0.0 0.0 0.0 0.0 0.0 0.0 0.0 0.0 0.0 0.0 0.0 0.0 0.0 0.0 0.0 0.0 0.0 0.0 0.0 0.0 
0.15 0.0 0.0 0.0 0.0 0.0 0.0 0.0 0.0 0.0 0.0 0.0 0.0 0.0 0.0 0.0 0.0 0.0 0.0 0.0 0.0 0.0 0.0 0.0 0.0 0.0 0.0 0.0 0.0 
0.21 0.0 0.0 0.0 0.0 0.0 0.0 0.0 0.0 0.0 0.0 0.0 0.0 0.0 0.0 0.0 0.0 0.0 0.0 0.0 0.0 0.0 0.0 0.0 0.0 0.0 0.0 0.0 0.0 
0.27 0.0 0.0 0.0 0.0 0.0 0.0 0.0 0.0 0.0 0.0 0.0 0.0 0.0 0.0 0.0 0.0 0.0 0.0 0.0 0.0 0.0 0.0 0.0 0.0 0.0 0.0 0.0 0.0 
0.33 0.0 0.0 0.0 0.0 0.0 0.0 0.0 0.0 0.0 0.0 0.0 0.0 0.0 0.0 0.0 0.0 0.0 0.0 0.0 0.0 0.0 0.0 0.0 0.0 0.0 0.0 0.0 0.0 
0.39 0.0 0.0 0.0 0.0 0.0 0.0 0.0 0.0 0.0 0.0 0.0 0.0 0.0 0.0 0.0 0.0 0.0 0.0 0.0 0.0 0.0 0.0 0.0 0.0 0.0 0.0 0.0 0.0 
0.45 0.0 0.0 0.0 0.0 0.0 0.0 0.0 0.0 0.0 0.0 0.0 0.0 0.0 0.0 0.0 0.0 0.0 0.0 0.0 0.0 0.0 0.0 0.0 0.0 0.0 0.0 0.0 0.0 
0.51 0.0 0.0 0.0 0.0 0.0 0.0 0.0 0.0 0.0 0.0 0.0 0.0 0.0 0.0 0.0 0.0 0.0 0.0 0.0 0.0 0.0 0.0 0.0 0.0 0.0 0.0 0.2313517129 0.0 
0.57 0.0 0.0 0.0 0.0 0.0 0.0 0.0 7.8095342456 0.0 0.0 0.0 0.0 0.0 0.0 0.0 0.0 0.0 0.0 0.0 0.0 0.0 0.0 0.0 0.0 0.0 0.0 0.926260548 0.0 
0.63 0.0 0.0 0.0 0.0 0.0 0.0 0.0 0.0 0.0 0.0 0.0 0.0 0.0 0.0 0.0 0.0 0.0 0.0 0.0 0.0 0.0 0.0 0.0 0.0 0.0 0.0 0.1516716668 0.0 
0.69 0.0 0.0 0.0 0.0 0.0 0.0 0.0 5.3309415127 0.0 0.0 0.0 0.0 0.0 0.0 0.0 0.0 0.0 0.0 0.0 0.0 0.0 0.0 0.0 0.0 0.0 0.0 0.2529134595 0.0 
0.75 0.0 0.0 0.0 0.0 0.0 0.0 0.0 4.5125453743 0.0 0.0 0.0 0.0 0.2542279084 0.0 0.0 0.0 0.0 0.1271139542 0.0 0.0 0.0 0.0 0.0 0.0 0.0 0.0 0.2140866597 0.0 
0.81 0.0 0.0 0.0 0.0 0.0 0.0 0.0 7.7381491062 0.0 0.0 0.0 0.0 0.0 0.0 0.0 0.0 0.0 0.0 0.0 0.0 0.0 0.0 0.0 0.0 0.0 0.0 0.1835587631 0.0 
0.87 0.0 0.0 0.0 0.0 0.0 0.0 0.0 10.0620465003 0.0 0.0 0.0 0.0 0.0 0.0 0.0 0.0 0.0 0.0 0.0 0.0 0.0 0.0 0.0 0.0 0.0 0.0 0.0795615241 0.0 
0.93 0.0 0.0 0.0 0.0 0.0 0.0 0.0 0.0 0.0 0.0 0.0 0.0 0.0 0.0 0.0 0.0 0.0 0.0 0.0 0.0 0.0 0.0 0.0 0.0 0.0 0.5203935822 0.0 0.1118004859 
0.99 2.0467618955 0.0 0.0 0.0 0.0 0.0 0.0 15.5425981436 0.0 0.0 0.0 0.0 0.0 0.0 0.0 0.0 0.0 0.0 0.0 0.0 0.0 0.0 0.0 0.0 0.0 1.8369829754 0.0 0.0657757245 
1.05 5.4587741086 0.0 0.0 2.2331348626 0.0 0.0 0.0 9.2116813082 0.0 0.0 0.0 0.0 0.0 0.0 0.0 0.0 0.0 0.0 0.0 0.0 0.0 0.0 0.0 0.3878602656 0.0 6.9406573846 0.6555384771 0.0292376316 
1.11 0.0 0.0 0.0 0.0 0.0 0.0 0.0 8.2429748026 0.0 0.0 0.0 0.0 0.0 0.0 0.0 0.0 0.0 0.0 0.0 0.0 0.0 0.0844350812 0.0 0.0 0.0 19.3629989822 0.3421842765 0.0261629829 
1.17 0.0 0.0 0.0 0.5995474551 0.0 0.0 0.0 9.2742496957 0.0 0.0 0.0 0.0 0.0 0.0 0.0 0.0 0.0 0.0 0.0 0.0 0.0 0.0759989732 0.0 0.0 0.0 10.1939675325 0.923987516 0.0470979552 
1.23 1.3260939481 0.0 0.0 1.6274789363 0.0 0.0 0.0 1.6783376531 0.0 0.0 0.0 0.0 0.0 0.0 0.0 0.0 0.0 0.0 0.0 0.0 0.0 0.0 0.0 0.0 0.0 5.3558032586 1.4730554346 0.0639239892 
1.29 0.0 0.0 0.0 0.4932109922 0.0 0.0 0.0 7.6293575363 0.0 0.5548623663 0.0 0.0 0.0 0.0 0.0 0.0 0.0 0.0 0.8070725328 0.0 0.0 0.0625197032 0.0 0.0 0.0 5.1397777086 0.977281677 0.0193723024 
1.35 3.302576304 0.0 0.0 0.9007026284 0.0 0.0 0.0 2.7865487565 0.0 1.0132904569 0.5573097513 0.0 0.0 0.0 0.0 0.0 0.0 0.0392471656 0.7369385141 0.0 0.2133243067 0.0 0.0 0.0 0.0 3.2110921958 0.6610048941 0.0176888634 
1.41 1.0091759014 0.0 0.0 0.8256893739 0.0 0.0 0.0 5.1089530007 0.0 0.4644502728 0.0 0.0 0.0719570845 0.0 0.0 0.0 0.0 0.1079356268 0.0 0.0 0.1955580096 0.0523324251 0.0 0.0 0.0 0.9057423602 0.4847635167 0.032431362 
1.47 0.9284866566 0.0 0.0 1.5193418018 0.0 0.0 0.0 2.3502318496 0.0 0.4273148817 0.0 0.0 0.0662037141 0.2937789812 0.0 0.0 0.0 0.0 1.2430978378 0.0 0.3598441109 0.0 0.0 0.0 0.0 0.0 0.2508772323 0.0298382937 
1.53 0.0 0.0 0.0 0.7012646297 0.0 0.0 0.0 2.169537448 0.0 0.7889227084 0.0 0.6851170889 0.1222274619 0.0 0.0 0.0 0.1141861815 0.0 0.0 0.0 0.1660889912 0.0444463498 0.0 0.0 0.0 0.5769407064 0.2830530696 0.0137721084 
1.59 0.0 0.0 0.0 1.2986875107 0.0 0.0 0.0 2.0089072431 0.0 1.0957675871 0.0 1.2687835219 0.3395336185 0.0 0.0 0.0 0.2114639203 0.2546502139 2.1251250174 0.0 0.4613758262 0.5350226716 0.0 0.0 0.0 0.0 0.1667884442 0.0127524364 
1.65 2.2109358333 0.0 0.0 1.50745625 0.0 0.0 0.1401297359 0.9327385547 0.0 1.356710625 0.0 1.3745620806 1.1560703213 0.0 0.0 0.0 0.1963660115 0.2364689294 0.9866986363 0.0 0.7140582237 0.7643440141 0.0 0.0 0.0 0.1653608518 0.1548802344 0.0 
1.71 0.0 0.0 0.0 1.964950974 0.0 0.8125737111 0.7828174907 3.4737526148 0.0 0.6315913845 0.0 3.4737526148 3.1312699626 0.2171095384 0.0 0.0 0.4570727125 2.2261372391 0.0 0.0 1.8615325017 0.8895653303 0.0 0.0 0.0 0.1539613347 0.1030023014 0.0110255985 
1.77 0.6404459857 0.0 0.0 1.048002522 0.0 1.2134766044 2.4760904657 1.6211289012 0.0 1.4737535466 0.0 4.09548354 2.8312673768 0.2026411127 0.0 0.0 0.8532257375 10.2062622373 1.2861849134 0.0 2.73032236 2.6236964547 0.0 0.136516118 0.1826624114 0.4311035305 0.1922762225 0.0308725202 
1.83 0.5991416942 0.0 0.0 0.9804136815 0.0 1.1352158417 4.5568523223 3.7914435338 0.0 1.6544480875 0.0 4.7891918321 3.3749187512 0.0 0.0 0.0 1.835856869 10.4665201778 1.2032349727 0.0 5.4567761481 3.1690836605 0.0 0.2554235644 0.3417639242 0.4033003648 0.1798757496 0.0962715279 
1.89 0.0 0.0 0.0 1.3787376142 0.2527685626 2.2616134549 4.09413869 2.1327347469 0.0 0.5170266053 0.0 4.4899678883 3.20410854 0.0 0.0 0.0 2.5443151367 5.3068047694 4.1362128426 0.0 5.8777761447 3.8740585075 0.0 0.4789299081 1.121437989 3.0248204721 0.2192284791 0.0812309207 
1.95 0.5276757553 0.2968176124 0.0 1.2952041267 0.0 2.9994200828 4.6821933218 2.0035188835 0.0 0.7285523213 0.0 5.6239126553 2.708983279 0.0 0.0 0.0 1.6871737966 2.2762984497 2.8258999128 0.0 5.0103949111 3.3109795633 0.0 0.3374347593 3.3109795633 3.7887411573 0.3009981421 0.1441399554 
2.01 0.0 0.2793629384 0.0 2.4380765533 0.0 2.1172770068 3.556959103 1.8856998342 0.1571416528 2.0571270918 0.0 6.0871713945 2.549678649 0.0 0.0 0.0 0.9263086905 1.1686027141 2.3272548918 0.0 2.8871959184 2.9875022554 0.0 0.635183102 4.4194429916 3.45450459 0.3429392335 0.119703223 
2.07 0.0 0.2634038123 0.0 2.298796907 0.0 3.105392313 2.1369098009 0.5926585776 0.1481646444 2.1551221003 0.0 6.4880517967 1.7028499976 0.0 0.323268315 0.0 0.9357767015 0.6177004893 0.9404169165 0.344819536 2.9037434615 1.9183622076 0.0 1.1977941779 6.116904305 2.7318112828 0.7451067069 0.1881082571 
2.13 0.4422651332 0.2487741374 0.0 0.904633227 0.0 2.5139281255 1.4295753249 1.1194836184 0.8396127138 2.6460521889 0.0 3.8887325691 1.0406467439 0.2798709046 0.3053137141 0.1119483618 0.1767605713 0.346882248 4.736988534 0.0 1.8854460941 1.3072587195 0.0 1.60262918 6.6349113608 3.3739561684 0.8099451531 0.2913633222 
2.19 0.8367297816 0.0 0.0 2.0537912822 0.0 1.7835555872 0.7424503696 1.0589861299 0.7942395974 1.5403434616 0.0 5.4621389857 0.8054260706 1.9855989935 0.4813573318 0.105898613 0.6688333452 0.2833906545 8.4018734271 0.3080686923 1.8646262957 0.585764415 0.0 1.6943778078 4.0569609483 3.4732398276 1.268585312 0.3697313209 
2.25 1.1890527153 0.4458947682 0.3344210762 4.7021630104 0.0 1.2203435762 0.6782624643 1.5048948428 0.2508158071 2.5537609453 0.0 2.8513797021 0.4804359122 1.2540790356 0.7296459844 0.0 0.3696232947 0.2826093601 5.30651625 0.0 1.3056822878 0.2671943041 0.0 1.1827945431 2.5321798669 2.9347533776 1.2494308554 0.4840182844 
2.31 0.0 1.0575837796 0.105758378 4.1534199344 0.0 0.6234178069 0.4528246042 0.9518254016 0.2379563504 4.3264790984 0.0 1.102113623 0.563051646 1.6656944529 0.8652958197 0.0951825402 0.7514411066 0.187683882 2.0137793622 0.0 1.3116062951 0.3119939857 0.3045841285 1.9236892328 1.9090131999 3.2061487213 1.1627933743 0.6162979788 
2.37 1.4289292618 1.2056590646 0.3014147662 1.8998264049 0.0 0.6768612293 0.2716978174 0.9042442985 0.1130305373 2.6305288683 0.0 0.8566524933 0.5858484187 1.3563664477 0.4932241628 0.0904244298 0.3331426363 0.2165091982 5.0219187485 0.2630528868 1.0383666585 0.2408230654 0.0 1.4467908775 0.8966027974 4.1680402012 1.0081419013 0.9069349679 
2.43 0.67961978 0.9557153156 0.0 4.0313809675 0.0 0.3219251589 0.2584469586 3.440575136 0.430071892 1.8766773469 0.3440575136 2.4446191756 0.5088174497 1.397733649 0.3127795578 0.6021006488 0.4527072547 0.133261713 7.5067093877 0.0 0.5926349517 0.229077986 0.0 0.9416310899 0.9691760947 3.8885170513 1.1426076063 1.1793917546 
2.49 0.970894795 2.0024705147 0.0 2.3831054059 0.0 0.3832479454 0.4512609611 1.2287887249 0.6143943625 3.1278258453 0.3276769933 1.4659233911 0.230758446 1.4335868457 0.5957763515 0.737273235 0.4311539386 0.1499929899 6.7160243257 0.1191552703 0.7525596019 0.3356486487 0.0 0.8278155621 0.6092022974 1.8153850045 1.0590598153 1.6224593837 
2.55 1.8514904616 1.3886178462 0.1735772308 2.2722837484 0.0 0.4385108988 0.2933699675 1.562195077 0.5858231539 2.5563192169 0.7810975385 1.8910782511 0.3080384659 0.7810975385 0.4260532028 0.3124390154 0.4111039676 0.2640329708 3.5117112475 0.2272283748 0.7773602297 0.2560319716 0.0 0.6577663482 0.2992373669 1.9386797631 1.2599468078 2.0527633783 
2.61 0.5891155429 1.1598212251 0.3313774929 0.8435063455 0.1325509972 0.0697636827 0.2800373179 1.491198718 0.8387992789 2.3045798369 0.8947192308 1.6481670041 0.2310307873 1.2115989584 0.8811628788 0.5219195513 0.4316627868 0.2205293879 3.7464827296 0.5422540793 1.3128256656 0.2596709675 0.0 1.0045970311 0.4200559769 1.4540220187 1.3353358424 2.4138427969 
2.67 1.4073425927 1.2666083334 0.7124671875 2.1877780304 0.2533216667 0.1999907895 0.2675933099 1.4249343751 0.5343503906 2.3317107956 0.7124671875 1.349937829 0.501737456 1.7811679688 0.5181579546 0.4274803125 0.4124810033 0.4013899648 1.1305264463 0.2072631818 1.2544876795 0.3503039693 0.2279895 0.3599834211 0.4495567606 1.1367897507 1.5802089141 2.2523065067 
2.73 1.0769309088 1.3629906814 1.2115472724 2.7535165281 0.1211547272 0.6376564591 0.375409014 1.0222430111 0.9370560935 3.0977060941 1.0903925451 1.0043089231 0.4607292444 1.6185514342 0.8673577064 0.6814953407 0.4662862857 0.2975543037 0.720920691 0.39650638 1.8260162239 0.2792298451 0.218078509 0.6312798945 0.2610799052 1.5706485415 1.5276811789 2.2625483083 
2.79 2.577777815 1.595000023 1.6675000241 0.8436363758 0.2320000033 0.4273684272 0.2123943693 1.3050000188 0.9787500141 2.4913636723 0.9135000132 1.7171052879 0.3859859211 2.0390625294 0.5338636441 1.2397500179 0.4464473749 0.3400352162 1.2079339017 0.664363646 2.3477512301 0.4411267669 0.0 0.2747368461 0.1470422556 1.4459834004 1.4781616225 2.2615513122 
2.85 2.4703862736 1.250633051 0.9727145952 0.8084900532 0.4446695292 0.5265823373 0.3131475558 2.1886078393 0.7034810912 2.501266102 0.5002532204 1.5139242196 0.4403637504 1.8759495765 1.250633051 1.813417924 0.3291139608 0.3787128253 1.9844755851 0.4547756549 3.0637517804 0.4996126913 0.4002025763 0.2632911686 0.2113746002 1.2748835534 1.3424141274 2.2109981652 
2.91 3.0804390097 2.2658998485 1.6661028298 0.9693689191 0.4265223244 0.5050922263 0.3604414009 2.0992895655 1.1246194101 2.1810800681 1.0796346337 2.3991880749 0.4223922667 1.2745686648 0.9814860306 1.6794316524 0.3788191697 0.5153185654 2.0621120644 0.95967523 2.2499562808 0.4669354512 1.5354803679 0.404073781 0.4595627862 1.6481956858 1.2662875532 1.9608519874 
2.97 1.8198388993 2.0473187617 1.3435529374 0.9305994371 1.228391257 0.7542753333 0.2306838041 1.7274252052 0.7917365524 2.1985411702 1.1516168035 1.8183423213 0.6650181541 1.9433533558 0.8898857118 1.669844365 0.515196991 0.3892789195 1.6750789868 1.0888013415 1.9395651427 0.4836495666 0.5527760657 0.5333804142 0.2854712076 1.429153263 1.304425853 1.7727725441 
